0.380891
0.701459
0.496112
0.245945
0.598363
0.426037
0.610583
0.719699
0.357641
0.427405
0.524968
0.673032
0.351299
0.0584857
0.134778
1.00878
0.414603
0.511228
0.255613
0.291456
0.601895
0.568471
0.449559
0.743294
0.508072
0.372927
0.958608
0.257952
0.450226
0.250922
0.097859
0.333391
0.633734
0.292158
0.17318
1.32076
0.421671
0.703317
0.312989
0.658422
0.625406
0.441872
0.44488
0.279138
0.58852
0.874053
0.435803
0.508177
0.438733
1.42467
0.549668
0.632195
0.366522
0.491755
0.620194
0.186819
0.25729
0.679168
0.617558
0.165209
0.578362
0.437097
0.409032
0.781458
0.15508
0.300903
0.197115
0.181904
0.372393
0.771977
0.685531
0.775796
0.629161
0.544754
0.451538
0.576812
0.3648
0.636223
0.280272
0.336705
0.0629703
0.0697781
0.0565422
0.662347
0.188132
0.363272
0.351888
0.31818
0.707424
0.39504
0.630778
0.439378
0.965542
0.497408
0.232589
0.332376
0.260403
0.221675
0.121497
0.269361
0.36675
0.304225
0.238942
0.558877
