0.515181
0.342272
0.251436
0.700963
0.80799
0.370068
1.08766
0.394764
0.197768
0.383976
0.328139
0.143631
0.976106
0.22119
0.480071
0.658631
0.508908
0.833452
0.484393
0.321607
0.254484
0.376911
1.00574
0.469775
0.840214
0.828147
0.605511
0.370574
0.373182
0.848256
0.25505
0.908332
0.092557
0.4252
0.275206
0.603769
0.728315
0.554474
0.555284
0.688901
0.342612
0.148054
0.411114
0.306708
0.68266
0.598539
0.306961
0.230517
1.18128
0.714704
0.501455
0.391304
0.104285
0.413308
0.326244
0.548964
0.301525
0.619228
0.245052
0.67075
0.686841
0.584302
0.294035
0.879551
0.16946
0.129283
0.887709
0.148189
0.417794
1.12819
0.6042
0.56627
0.68749
0.487538
0.411932
0.338211
0.621234
0.665743
0.453076
0.430731
0.188774
0.248586
0.544656
0.863074
0.5094
0.39131
0.878464
0.313993
0.694785
0.523143
0.661049
0.607088
0.258604
0.323172
0.788787
0.473824
0.0498947
0.695237
0.749141
0.505399
0.15559
0.498252
0.835032
0.804981
