0.251915
0.136145
0.109919
0.0563864
0.124934
0.161162
0.17533
0.121249
0.167013
0.132486
0.128012
0.120251
0.161815
0.163358
0.0814445
0.16626
0.354303
0.27144
0.222643
0.217013
0.275264
0.184248
0.132014
0.311867
0.22833
0.109085
0.109732
0.200045
0.181024
0.140282
0.174073
0.101058
0.225026
0.228046
0.154274
0.209678
0.179698
0.0905739
0.279746
0.206798
0.164042
0.250698
0.269014
0.287764
0.132013
0.126544
0.146039
0.165688
0.324631
0.160533
0.196983
0.0607459
0.20051
0.153705
0.297505
0.184782
0.0427547
0.235495
0.151524
0.193602
0.266151
0.22853
0.268187
0.127587
0.0816361
0.229793
0.256651
0.167932
0.241008
0.107307
0.171099
0.241104
0.200286
0.101644
0.361609
0.191411
0.270194
0.232643
0.198185
0.16392
0.15917
0.137578
0.151692
0.106808
0.210432
0.125114
0.233432
0.187115
0.243501
0.128554
0.275874
0.25963
0.176971
0.157152
0.201907
0.139828
0.104918
0.240263
0.358747
0.30307
