0.10192
0.134248
0.108433
0.107026
0.171144
0.141555
0.228768
0.285178
0.281671
0.110043
0.154066
0.0831582
0.187396
0.34299
0.0955251
0.221035
0.222223
0.228451
0.143647
0.125807
0.248594
0.0721715
0.319762
0.306886
0.112134
0.112976
0.217592
0.0592924
0.156314
0.20306
0.202567
0.213702
0.186514
0.138048
0.239926
0.243427
0.211632
0.245336
0.221499
0.287218
0.133308
0.384936
0.281696
0.149786
0.187183
0.109929
0.156859
0.150879
0.15078
0.0461056
0.138277
0.224993
0.0775132
0.299601
0.199684
0.210371
0.145962
0.151751
0.278729
0.132267
0.108144
0.212408
0.107096
0.292216
0.2199
0.144858
0.185365
0.0812851
0.249045
0.0528634
0.246893
0.0952719
0.238107
0.127867
0.170142
0.218178
0.10697
0.233444
0.115138
0.20483
0.16533
0.204484
0.11854
0.145889
0.157416
0.172277
0.0768389
0.199719
0.241758
0.1786
0.32656
0.217536
0.186412
0.164509
0.0831672
0.405856
0.41995
0.220977
0.0960463
0.180506
