0.118143
0.244156
0.246194
0.21787
0.226689
0.102731
0.0701488
0.223305
0.348835
0.223998
0.117009
0.0715995
0.165315
0.165741
0.204737
0.158372
0.11153
0.253939
0.22041
0.0830132
0.163546
0.179744
0.139495
0.146377
0.189944
0.221677
0.173112
0.200227
0.144153
0.287951
0.103294
0.039686
0.225337
0.117232
0.114129
0.271714
0.183681
0.301831
0.263702
0.165475
0.201743
0.234584
0.177606
0.248137
0.171596
0.0730576
0.213772
0.166766
0.324081
0.112461
0.190154
0.183002
0.268587
0.277647
0.0774483
0.235781
0.092779
0.128915
0.093519
0.229185
0.179565
0.273583
0.176466
0.328627
0.310676
0.152075
0.214467
0.147059
0.293224
0.162049
0.0591991
0.31809
0.161743
0.270836
0.2456
0.206072
0.125056
0.118516
0.218623
0.174114
0.278657
0.163242
0.0744054
0.185819
0.151425
0.159159
0.291283
0.0867699
0.256625
0.276016
0.188078
0.0975164
0.105794
0.280957
0.0715987
0.190318
0.201066
0.223207
0.248213
0.12208
