0.17901
0.170961
0.18239
0.115185
0.252896
0.140199
0.19136
0.120834
0.0595545
0.308744
0.214644
0.187391
0.146165
0.24537
0.194496
0.180756
0.170922
0.318348
0.165339
0.27528
0.12567
0.188214
0.188934
0.275239
0.219437
0.220307
0.162917
0.262088
0.223112
0.195599
0.313177
0.292687
0.0867901
0.216581
0.128616
0.145289
0.236891
0.231698
0.216227
0.190391
0.263622
0.253794
0.25744
0.169572
0.270486
0.186731
0.0985791
0.0492183
0.161993
0.134515
0.28248
0.181972
0.199276
0.0899281
0.120926
0.382569
0.14392
0.221588
0.10184
0.0894233
0.30205
0.200253
0.215284
0.199965
0.18563
0.276725
0.280252
0.207819
0.306197
0.221197
0.109278
0.227044
0.0406927
0.0953023
0.0659761
0.114415
0.103076
0.0438756
0.128242
0.130874
0.137615
0.275965
0.197529
0.237336
0.241137
0.0655611
0.18454
0.0921804
0.239276
0.220057
0.144488
0.131702
0.37649
0.116292
0.0685123
0.232697
0.197205
0.0489738
0.11856
0.193044
