0.0511959
0.245996
0.380423
0.226621
0.236202
0.0869357
0.116931
0.14829
0.117035
0.196438
0.297015
0.108198
0.146553
0.222359
0.113104
0.0999177
0.172951
0.31884
0.181937
0.204572
0.135161
0.175325
0.0759518
0.0806321
0.196496
0.155309
0.140583
0.406731
0.141685
0.248204
0.0930315
0.14939
0.222606
0.117033
0.192446
0.194534
0.154549
0.212864
0.132292
0.182557
0.110709
0.197121
0.406256
0.0384418
0.191171
0.132118
0.158946
0.123605
0.139679
0.239843
0.175359
0.197155
0.110888
0.163645
0.25105
0.242086
0.092207
0.239237
0.261576
0.272424
0.372485
0.142887
0.176585
0.0894498
0.23912
0.0982462
0.208744
0.108992
0.119754
0.105807
0.111569
0.226248
0.134411
0.256525
0.166319
0.189285
0.197881
0.219872
0.0955743
0.202133
0.175194
0.229533
0.269331
0.37414
0.210654
0.104658
0.137389
0.177141
0.229262
0.140778
0.178883
0.208972
0.198523
0.373878
0.293503
0.219575
0.263028
0.15791
0.0518248
0.163946
