0.323426
0.214573
0.184117
0.243625
0.240931
0.167369
0.171696
0.215353
0.111694
0.246874
0.186585
0.0821114
0.324217
0.184255
0.0782091
0.252394
0.119963
0.0638195
0.179397
0.252972
0.170252
0.351095
0.162509
0.160717
0.112648
0.109053
0.111648
0.345493
0.106395
0.180773
0.0752943
0.320598
0.13544
0.0481497
0.140365
0.145019
0.206806
0.286003
0.163797
0.337952
0.241308
0.19272
0.108089
0.15815
0.221009
0.221506
0.104058
0.0731268
0.142674
0.136735
0.290879
0.179618
0.288247
0.164354
0.254322
0.207117
0.195508
0.146703
0.34509
0.297271
0.0981987
0.328352
0.180414
0.233895
0.184858
0.280094
0.203662
0.103204
0.154243
0.178144
0.22797
0.136488
0.221046
0.184941
0.191042
0.270486
0.107412
0.145546
0.167277
0.170778
0.0972099
0.170469
0.139989
0.0665278
0.240989
0.296034
0.164632
0.166891
0.0680208
0.153256
0.178067
0.148129
0.266316
0.231242
0.140036
0.125642
0.0683649
0.20797
0.266236
0.163137
