0.118985
0.195366
0.140727
0.228235
0.170402
0.231519
0.122859
0.33125
0.18737
0.215071
0.211554
0.209829
0.251935
0.106449
0.0955141
0.203301
0.177137
0.069289
0.110274
0.293972
0.276479
0.124357
0.172863
0.317408
0.138054
0.190059
0.278379
0.163378
0.176111
0.113339
0.167459
0.237053
0.0529013
0.260211
0.182952
0.221142
0.159607
0.244177
0.0812822
0.193107
0.221172
0.348364
0.0767929
0.232064
0.255402
0.100218
0.100841
0.30418
0.193324
0.115927
0.266499
0.129347
0.232458
0.118204
0.235873
0.192921
0.115367
0.246061
0.198389
0.0918095
0.0782516
0.101978
0.344778
0.145467
0.325058
0.158976
0.241595
0.19521
0.294239
0.178224
0.216027
0.233124
0.0550895
0.14185
0.210406
0.211889
0.159353
0.124119
0.278351
0.167426
0.242624
0.26537
0.091879
0.151737
0.0817127
0.0458792
0.221084
0.0571345
0.23763
0.183418
0.172943
0.402387
0.0674716
0.230755
0.0316814
0.150668
0.280803
0.230491
0.141838
0.134351
