0.179736
0.0729014
0.268988
0.177478
0.183007
0.1325
0.129063
0.163088
0.229572
0.0937948
0.157369
0.225077
0.293609
0.217223
0.325229
0.185665
0.288021
0.205779
0.0673209
0.189454
0.256352
0.163281
0.221344
0.104636
0.123309
0.301941
0.286303
0.0347759
0.161432
0.157697
0.171332
0.219943
0.176666
0.295875
0.179999
0.221481
0.231507
0.061535
0.195878
0.192433
0.183363
0.17296
0.178742
0.0994478
0.211134
0.169136
0.194226
0.199883
0.223419
0.227966
0.258789
0.308969
0.100344
0.0822295
0.155769
0.189899
0.283844
0.288112
0.0998787
0.141839
0.227769
0.177347
0.160083
0.133371
0.172446
0.0346637
0.147551
0.202745
0.285154
0.12841
0.216225
0.0640805
0.143971
0.266224
0.0925084
0.190366
0.196184
0.238849
0.237713
0.380372
0.0993401
0.151727
0.313665
0.0793791
0.0968274
0.107144
0.310669
0.266997
0.184252
0.243432
0.0600433
0.21638
0.249728
0.326623
0.105739
0.206657
0.162702
0.0768687
0.0970732
0.236816
