0.249981
0.153839
0.177524
0.125601
0.10066
0.214145
0.152555
0.143874
0.211029
0.0765732
0.219615
0.0767398
0.187587
0.226275
0.24588
0.221383
0.268135
0.275341
0.107729
0.22494
0.210141
0.135847
0.221667
0.190318
0.0673227
0.226067
0.206864
0.227625
0.290647
0.124004
0.168392
0.356648
0.284445
0.300902
0.129942
0.193232
0.237886
0.0547136
0.141647
0.127294
0.137357
0.111933
0.197188
0.115082
0.267788
0.132802
0.139706
0.334832
0.186715
0.122328
0.13793
0.280063
0.152007
0.151609
0.0815034
0.144878
0.293759
0.0680421
0.109268
0.105731
0.270136
0.16624
0.197554
0.214312
0.207754
0.250277
0.315035
0.259903
0.130041
0.212668
0.139436
0.18445
0.30281
0.191155
0.277303
0.27188
0.0764964
0.219015
0.13561
0.198755
0.0464388
0.129838
0.145732
0.186482
0.302085
0.105662
0.148461
0.343461
0.221242
0.148161
0.253766
0.225239
0.187904
0.122556
0.279872
0.0519169
0.0645453
0.297883
0.201533
0.0934046
