0.071996
0.0652262
0.151252
0.220254
0.267066
0.437043
0.0925454
0.210439
0.212814
0.231885
0.131054
0.174766
0.216998
0.203807
0.204015
0.195562
0.127094
0.21688
0.175875
0.170935
0.185617
0.108745
0.180433
0.251454
0.24613
0.0578551
0.213228
0.0985256
0.204566
0.100416
0.161875
0.12199
0.183047
0.208221
0.0772113
0.0697238
0.275884
0.248576
0.251584
0.407749
0.102613
0.248172
0.187152
0.180107
0.140199
0.165423
0.236225
0.178123
0.0871818
0.183541
0.177167
0.273853
0.290831
0.112629
0.0774417
0.212085
0.182349
0.218992
0.111919
0.162654
0.152208
0.272811
0.247644
0.122398
0.219519
0.224091
0.219952
0.135457
0.103675
0.220421
0.117083
0.238053
0.115189
0.16626
0.117884
0.234541
0.169774
0.342328
0.162658
0.291113
0.118234
0.26785
0.154353
0.302032
0.148811
0.181519
0.0940828
0.392015
0.231075
0.17706
0.138004
0.162424
0.0732484
0.118043
0.215673
0.27147
0.183382
0.136166
0.243959
0.174004
