0.254296
0.344225
0.128749
0.131494
0.178108
0.257519
0.158198
0.0575285
0.134652
0.152635
0.287257
0.311947
0.0997389
0.165874
0.189094
0.206068
0.158183
0.0965157
0.267501
0.198181
0.0571235
0.153351
0.286251
0.0986894
0.256522
0.0756217
0.145707
0.240242
0.173526
0.222317
0.178917
0.100344
0.228413
0.106605
0.138809
0.133537
0.179438
0.248041
0.206901
0.285531
0.163613
0.184544
0.205125
0.271096
0.105538
0.284455
0.176293
0.0414546
0.249013
0.0684399
0.133022
0.221603
0.351665
0.101843
0.0917808
0.297659
0.249771
0.115224
0.239172
0.215481
0.103618
0.25088
0.151578
0.122309
0.122665
0.343145
0.264551
0.312846
0.101976
0.150167
0.151624
0.114719
0.188897
0.240749
0.389383
0.266261
0.0815894
0.207498
0.100171
0.174182
0.199858
0.218509
0.117677
0.134764
0.0990611
0.291162
0.119177
0.134729
0.235706
0.248874
0.0855958
0.212252
0.202499
0.319966
0.142619
0.206785
0.16503
0.194598
0.124624
0.170018
