0.1121
0.050703
0.0758138
0.0737579
0.171194
0.198358
0.284147
0.245602
0.248672
0.094936
0.24758
0.248395
0.326835
0.141017
0.201296
0.0823779
0.243004
0.0368441
0.0803367
0.133254
0.151003
0.141391
0.230648
0.14295
0.324191
0.401348
0.0883194
0.217389
0.293896
0.14136
0.156584
0.150941
0.135363
0.371729
0.25034
0.0752001
0.188792
0.129923
0.158928
0.0468542
0.131475
0.234854
0.152898
0.0798976
0.152325
0.168851
0.313138
0.139838
0.211601
0.109359
0.188985
0.32893
0.142928
0.29501
0.174686
0.179429
0.0725272
0.164756
0.0983926
0.131827
0.204765
0.296765
0.218117
0.170526
0.10327
0.193317
0.132775
0.32697
0.104263
0.315251
0.162963
0.153893
0.18161
0.2706
0.195805
0.267007
0.222783
0.276896
0.180214
0.0876984
0.225297
0.185575
0.121877
0.129553
0.175256
0.167436
0.209321
0.339723
0.197433
0.24034
0.192888
0.188979
0.145954
0.110321
0.1296
0.132385
0.0625859
0.0790168
0.398151
0.224865
