0.141404
0.0687275
0.117544
0.143544
0.113347
0.130982
0.177783
0.158475
0.253576
0.174563
0.122526
0.341524
0.147224
0.162016
0.147743
0.238892
0.156919
0.197808
0.250383
0.125514
0.391618
0.281681
0.17793
0.195993
0.162473
0.409641
0.257327
0.331606
0.090057
0.130934
0.0963589
0.197389
0.312585
0.183471
0.0774698
0.124787
0.171846
0.241084
0.0992628
0.230266
0.212793
0.184328
0.0502807
0.067278
0.143824
0.256237
0.131808
0.140694
0.102594
0.199243
0.139543
0.195715
0.204484
0.140643
0.155303
0.236121
0.251464
0.225717
0.124434
0.238736
0.1142
0.217475
0.266948
0.229538
0.312626
0.174552
0.126248
0.31085
0.0781524
0.155191
0.090647
0.20206
0.0797875
0.134126
0.137613
0.363807
0.227799
0.14357
0.19274
0.114376
0.104324
0.305025
0.119466
0.182013
0.229661
0.163012
0.201041
0.153181
0.219382
0.0852437
0.0889198
0.384024
0.225037
0.220366
0.158285
0.13513
0.343705
0.243707
0.180436
0.045002
