0.201757
0.193549
0.327406
0.092623
0.282733
0.22424
0.165507
0.181978
0.169966
0.0927635
0.0951458
0.124801
0.172008
0.12955
0.184758
0.112953
0.0758059
0.177864
0.216523
0.19051
0.27788
0.325299
0.154021
0.184214
0.0703864
0.209241
0.117013
0.249682
0.167225
0.207141
0.154735
0.219246
0.0934514
0.184577
0.124879
0.369456
0.106714
0.119379
0.247421
0.188406
0.0892597
0.19652
0.351177
0.112803
0.224835
0.227799
0.253546
0.303359
0.185628
0.205082
0.137507
0.260867
0.1987
0.121746
0.305705
0.13966
0.132791
0.119466
0.130945
0.211942
0.0730841
0.28495
0.260443
0.259585
0.0845376
0.237105
0.375604
0.248706
0.209902
0.145116
0.24576
0.135676
0.234051
0.09126
0.328562
0.291408
0.206119
0.133351
0.118927
0.180798
0.102907
0.166164
0.0802292
0.178437
0.0273439
0.181375
0.169246
0.279666
0.17911
0.160522
0.0976318
0.220953
0.190071
0.112607
0.331073
0.0592593
0.265774
0.0958019
0.266094
0.0831149
