0.15361
0.259296
0.266356
0.143338
0.292077
0.0452023
0.231197
0.190165
0.189783
0.240048
0.218088
0.0321485
0.196377
0.161996
0.108152
0.293924
0.12124
0.0715756
0.146216
0.359203
0.138822
0.134789
0.0872131
0.0732863
0.26755
0.209243
0.236675
0.0768271
0.100993
0.300991
0.385505
0.27291
0.158159
0.203613
0.160808
0.18869
0.175596
0.192653
0.0846352
0.0543327
0.120199
0.180936
0.239238
0.176336
0.051333
0.0813901
0.136274
0.177592
0.286884
0.158266
0.199943
0.288423
0.1179
0.319459
0.189991
0.166521
0.176503
0.307111
0.122969
0.104964
0.107818
0.324196
0.250999
0.18356
0.0830254
0.250882
0.246492
0.255987
0.084277
0.0894199
0.152634
0.0837625
0.184947
0.250336
0.132453
0.320214
0.114153
0.329459
0.199305
0.257047
0.358755
0.111499
0.20009
0.215062
0.152362
0.118648
0.0689617
0.170009
0.165543
0.149242
0.2011
0.180369
0.206775
0.11439
0.248484
0.242714
0.174607
0.146353
0.258698
0.187986
