0.248596
0.238958
0.306854
0.140427
0.404099
0.213385
0.215256
0.165756
0.216667
0.220837
0.133738
0.160938
0.354758
0.106689
0.22612
0.0953087
0.163457
0.0568771
0.0821554
0.263128
0.258976
0.169586
0.240911
0.386249
0.0764758
0.210121
0.134712
0.127845
0.125566
0.223057
0.146779
0.171162
0.269353
0.121173
0.21297
0.141851
0.21929
0.176614
0.214472
0.12214
0.208529
0.142456
0.0949706
0.165347
0.345691
0.129705
0.177635
0.0831226
0.0849604
0.225027
0.279624
0.17999
0.123047
0.204458
0.214803
0.116317
0.126123
0.126066
0.163719
0.0817429
0.144857
0.0931562
0.0289021
0.131493
0.297816
0.23147
0.243178
0.283174
0.10518
0.118618
0.109449
0.126501
0.233739
0.164782
0.118718
0.132361
0.294211
0.256025
0.154828
0.256223
0.217437
0.133461
0.1275
0.214594
0.0784129
0.252449
0.257309
0.286904
0.185289
0.190309
0.139894
0.162339
0.191439
0.295855
0.134997
0.126826
0.239823
0.221144
0.260217
0.295105
