0.250281
0.0534738
0.140485
0.149337
0.138565
0.296494
0.149913
0.143799
0.0782316
0.19269
0.11539
0.145336
0.271969
0.16151
0.171429
0.0717988
0.148328
0.205621
0.158991
0.177876
0.0987945
0.089149
0.234058
0.256908
0.111524
0.264394
0.270608
0.0949214
0.121037
0.203021
0.251546
0.220938
0.188818
0.237299
0.11047
0.11042
0.210431
0.144752
0.454075
0.354593
0.150879
0.116767
0.206292
0.220112
0.18183
0.274968
0.191876
0.0498278
0.18399
0.0786775
0.229161
0.136997
0.0723777
0.13361
0.225069
0.0829712
0.100313
0.242079
0.128951
0.0860284
0.319784
0.0636579
0.101967
0.157437
0.340791
0.118572
0.177018
0.0920255
0.279319
0.0664872
0.310391
0.188547
0.338387
0.319105
0.242847
0.209396
0.271893
0.154868
0.246659
0.243374
0.109978
0.172205
0.157929
0.207143
0.192539
0.128265
0.25001
0.272332
0.275187
0.149894
0.142207
0.143927
0.238248
0.335212
0.0993913
0.150936
0.203895
0.2639
0.150196
0.163384
