0.244681
0.279286
0.201099
0.139056
0.106269
0.175467
0.261677
0.309684
0.188334
0.168925
0.256327
0.221408
0.229852
0.25569
0.0788789
0.1711
0.048082
0.191615
0.119597
0.167647
0.0966146
0.298236
0.232199
0.0963795
0.14672
0.229548
0.177745
0.298567
0.223046
0.181751
0.222764
0.162931
0.258971
0.0652884
0.119652
0.160475
0.381564
0.241204
0.249864
0.199857
0.261595
0.247675
0.189114
0.28762
0.231321
0.166376
0.193975
0.176265
0.168993
0.162162
0.157699
0.265079
0.0614796
0.120122
0.18813
0.219078
0.11539
0.200266
0.0853182
0.105571
0.128568
0.0701034
0.18659
0.299688
0.272939
0.308617
0.105685
0.237047
0.0943811
0.18629
0.152117
0.152526
0.205867
0.227289
0.185915
0.278167
0.344011
0.132657
0.150074
0.169278
0.0603412
0.288024
0.148236
0.132999
0.11709
0.252233
0.192819
0.152204
0.154461
0.143411
0.172027
0.0688429
0.160487
0.220845
0.235924
0.0996458
0.268684
0.231045
0.157748
0.167148
