0.244785
0.209807
0.152712
0.292017
0.12057
0.103657
0.199903
0.0525229
0.245418
0.118719
0.177907
0.137854
0.123722
0.121135
0.216044
0.0927263
0.311454
0.337332
0.170891
0.242095
0.102021
0.233402
0.192611
0.0724611
0.133119
0.179793
0.128574
0.179834
0.269083
0.107988
0.281192
0.209129
0.298607
0.130263
0.174344
0.200608
0.15231
0.13737
0.205112
0.162726
0.13515
0.196621
0.2469
0.152105
0.079362
0.111529
0.164938
0.198182
0.249052
0.280861
0.276245
0.207673
0.133639
0.16395
0.105009
0.297003
0.14508
0.125794
0.199432
0.209043
0.151099
0.0684849
0.146182
0.157232
0.235612
0.0336956
0.0702318
0.0844269
0.107096
0.254621
0.256847
0.071548
0.206495
0.338007
0.257363
0.124587
0.180705
0.302194
0.186724
0.311942
0.254184
0.248231
0.27172
0.101579
0.254367
0.171471
0.28068
0.3183
0.256906
0.210806
0.0855456
0.29229
0.280879
0.129073
0.112863
0.19787
0.17131
0.165188
0.192716
0.214013
