0.252609
0.257792
0.244852
0.0828423
0.0658741
0.146124
0.159117
0.167842
0.136443
0.299159
0.104987
0.302063
0.104013
0.192159
0.0648187
0.234441
0.179246
0.202018
0.129761
0.0595271
0.229063
0.207716
0.205797
0.0528152
0.258152
0.138847
0.205291
0.188424
0.0971112
0.0720411
0.246055
0.0872647
0.0961708
0.115358
0.245203
0.1764
0.168443
0.166647
0.180606
0.297922
0.222212
0.18419
0.0436946
0.245187
0.159527
0.152908
0.300996
0.119656
0.132849
0.313001
0.253316
0.0531879
0.244329
0.19356
0.196094
0.0625521
0.20479
0.30151
0.110392
0.177971
0.193055
0.188068
0.267497
0.394711
0.212933
0.225045
0.26362
0.239328
0.117979
0.186667
0.0809792
0.348595
0.135063
0.0818716
0.0907446
0.280446
0.142168
0.326884
0.170111
0.293907
0.226687
0.235745
0.118727
0.151556
0.165785
0.278744
0.23276
0.228178
0.168913
0.0552646
0.164532
0.177714
0.198851
0.062304
0.195375
0.212903
0.105896
0.101227
0.260855
0.347641
