0.176599
0.0872717
0.079553
0.0507299
0.206139
0.114962
0.0894266
0.272912
0.216444
0.199793
0.28687
0.227667
0.0840997
0.0610313
0.141419
0.164246
0.12779
0.197605
0.119229
0.21015
0.198968
0.199047
0.187262
0.178947
0.0361136
0.218607
0.173307
0.134516
0.293923
0.305497
0.243452
0.175918
0.0811826
0.277413
0.0960187
0.210465
0.165905
0.27519
0.141006
0.243729
0.125192
0.198435
0.0794256
0.135496
0.0708087
0.245449
0.217877
0.225935
0.170632
0.205858
0.173322
0.184191
0.165296
0.178389
0.0772602
0.18413
0.206116
0.192836
0.0982974
0.162033
0.111714
0.215378
0.257372
0.099196
0.121802
0.223603
0.295427
0.304039
0.142684
0.0893829
0.230151
0.281326
0.186885
0.134106
0.185664
0.106064
0.194974
0.188535
0.224316
0.105294
0.268804
0.113976
0.400488
0.261593
0.254646
0.0934369
0.298256
0.34857
0.0996441
0.210984
0.295314
0.255922
0.0809611
0.288119
0.193677
0.184934
0.164699
0.10605
0.267068
0.381159
