0.172513
0.138282
0.187003
0.0724188
0.180795
0.156395
0.138809
0.169442
0.247328
0.176574
0.155249
0.201526
0.203222
0.182237
0.173249
0.101398
0.365021
0.181451
0.0793407
0.318215
0.0979358
0.395093
0.144996
0.148349
0.157668
0.083831
0.192839
0.382178
0.121445
0.121799
0.061541
0.312992
0.172315
0.106227
0.162661
0.238479
0.0602384
0.230952
0.259028
0.0798022
0.059574
0.248373
0.191673
0.0649856
0.245086
0.137994
0.265793
0.332496
0.143028
0.251111
0.200589
0.25844
0.268891
0.0497764
0.245629
0.152863
0.185036
0.133043
0.27782
0.166475
0.154959
0.106771
0.213549
0.187873
0.313782
0.114329
0.215417
0.171265
0.178915
0.219284
0.0701066
0.11663
0.0970735
0.13062
0.134221
0.188079
0.271264
0.0896548
0.316025
0.258422
0.105737
0.173332
0.244525
0.139244
0.0980878
0.156573
0.136982
0.288395
0.211806
0.11337
0.108075
0.177462
0.221007
0.0798937
0.129902
0.139563
0.276747
0.315267
0.304137
0.360726
