0.113337
0.227474
0.207873
0.0524314
0.193538
0.017248
0.175251
0.313737
0.218819
0.202078
0.379754
0.205192
0.408379
0.219214
0.169394
0.0716799
0.275025
0.179689
0.112245
0.105307
0.168573
0.102385
0.0988806
0.131467
0.0908721
0.124647
0.154579
0.194791
0.245713
0.214815
0.241218
0.124773
0.204026
0.227461
0.180027
0.0902628
0.302365
0.107872
0.353955
0.152955
0.123573
0.235097
0.331904
0.23233
0.178605
0.194101
0.225919
0.0891323
0.271546
0.10046
0.0851376
0.158535
0.151992
0.13577
0.184816
0.100656
0.341464
0.205901
0.258332
0.158202
0.293577
0.0824377
0.211437
0.149326
0.30495
0.207952
0.111525
0.203614
0.233525
0.0669309
0.0850106
0.296386
0.202535
0.100989
0.124161
0.225899
0.15389
0.10116
0.333913
0.127962
0.2096
0.155926
0.191733
0.28265
0.235193
0.157408
0.183166
0.126688
0.123635
0.347239
0.297057
0.105293
0.107179
0.0766032
0.226758
0.168172
0.214361
0.143104
0.121168
0.14857
