0.100543
0.143713
0.200391
0.273821
0.189149
0.0989389
0.115898
0.236732
0.163946
0.0306436
0.231446
0.184516
0.214792
0.324895
0.139926
0.284026
0.127271
0.130771
0.169188
0.201633
0.171215
0.240427
0.368839
0.142014
0.0536626
0.120272
0.223048
0.164368
0.159317
0.201488
0.188599
0.264513
0.173199
0.199691
0.128605
0.162697
0.100956
0.207993
0.314034
0.163463
0.212942
0.186408
0.139762
0.237069
0.157866
0.200342
0.28928
0.194473
0.113955
0.187076
0.201951
0.122675
0.28259
0.0920431
0.196886
0.112997
0.161511
0.202081
0.149238
0.129896
0.148862
0.33736
0.19302
0.173274
0.213146
0.133762
0.172352
0.143136
0.190562
0.146728
0.244144
0.31531
0.16729
0.197312
0.279944
0.0717767
0.148062
0.153096
0.201455
0.301821
0.028457
0.0291355
0.249442
0.220724
0.174945
0.203495
0.240258
0.112563
0.16552
0.378542
0.326381
0.26965
0.197625
0.176739
0.218772
0.166202
0.20998
0.206453
0.259436
0.102426
