0.25059
0.141289
0.147002
0.279568
0.136155
0.196491
0.106592
0.196702
0.164472
0.174311
0.220964
0.0651686
0.332496
0.296656
0.199718
0.0379998
0.172146
0.200682
0.119912
0.0942987
0.203734
0.192625
0.339039
0.162975
0.201067
0.278972
0.104032
0.218678
0.297191
0.0743071
0.2281
0.13675
0.279545
0.230542
0.142727
0.257075
0.204658
0.12085
0.300103
0.122268
0.179702
0.276855
0.0952998
0.0364662
0.293263
0.253988
0.433617
0.132569
0.228908
0.306352
0.080331
0.143855
0.148861
0.18832
0.207218
0.261797
0.101335
0.14707
0.15144
0.264343
0.0560858
0.160637
0.0937418
0.212406
0.150315
0.0459182
0.172759
0.269167
0.288756
0.130918
0.108048
0.205729
0.0770596
0.0632209
0.162518
0.188472
0.261826
0.248584
0.230306
0.276505
0.219345
0.219241
0.240478
0.14317
0.0747154
0.191297
0.149589
0.136847
0.219406
0.11305
0.290598
0.179518
0.181208
0.0991319
0.125628
0.153436
0.189455
0.154494
0.287859
0.164632
