0.248368
0.223491
0.200976
0.226812
0.174498
0.136406
0.174511
0.138308
0.1814
0.240293
0.207799
0.193563
0.243061
0.367067
0.11318
0.161786
0.134101
0.225447
0.172136
0.0918409
0.153041
0.187655
0.20103
0.0981693
0.268612
0.177233
0.123611
0.268546
0.219913
0.269332
0.279128
0.15178
0.0504151
0.105672
0.238717
0.113288
0.0837248
0.161852
0.142048
0.15815
0.100432
0.0748498
0.256548
0.151339
0.0436661
0.138669
0.249615
0.181462
0.0864239
0.219698
0.211339
0.246423
0.223716
0.317486
0.244064
0.132255
0.285217
0.240439
0.196983
0.294323
0.06684
0.329932
0.146215
0.215508
0.0618043
0.336932
0.0620658
0.236567
0.240713
0.265373
0.20776
0.219315
0.139613
0.180251
0.186441
0.149003
0.0735231
0.240913
0.232955
0.110322
0.157182
0.20338
0.214022
0.164776
0.229678
0.252647
0.144197
0.0867068
0.232934
0.183589
0.180827
0.237912
0.337523
0.14208
0.139885
0.212214
0.160096
0.180472
0.205031
0.228486
