0.231446
0.200137
0.265441
0.199272
0.251249
0.0795423
0.14913
0.0894326
0.322629
0.204298
0.22376
0.0854818
0.145902
0.208293
0.168885
0.217716
0.313378
0.0719966
0.270877
0.113024
0.274571
0.216975
0.104161
0.109758
0.0988634
0.102723
0.103133
0.111236
0.0562357
0.245639
0.104057
0.128506
0.0915009
0.330351
0.221695
0.125447
0.151179
0.26565
0.137921
0.144849
0.113926
0.109493
0.327935
0.120486
0.0934497
0.0478994
0.152518
0.17918
0.200311
0.2797
0.117449
0.153766
0.197906
0.389374
0.359115
0.224752
0.0679213
0.0746262
0.427371
0.214003
0.114754
0.198007
0.0997747
0.29366
0.116664
0.214348
0.11469
0.276115
0.209996
0.173425
0.0882284
0.102511
0.226119
0.255894
0.121437
0.387916
0.210801
0.175844
0.226903
0.138397
0.298986
0.350448
0.34804
0.190505
0.034681
0.0885482
0.124151
0.169555
0.161067
0.113025
0.119275
0.206825
0.248278
0.134149
0.134503
0.232425
0.0995966
0.170322
0.172145
0.181762
