0.0975734
0.13466
0.29594
0.272542
0.125896
0.0626239
0.111691
0.198064
0.145643
0.365384
0.338466
0.1927
0.10119
0.229628
0.244379
0.109783
0.166284
0.138232
0.319419
0.0679513
0.194356
0.17261
0.207987
0.203407
0.154303
0.163485
0.201807
0.211765
0.225032
0.123106
0.150702
0.137193
0.134264
0.161846
0.0986318
0.234319
0.375414
0.216625
0.122508
0.347728
0.116297
0.121989
0.338411
0.239392
0.275501
0.1189
0.281276
0.206163
0.248169
0.196319
0.210737
0.245283
0.117196
0.0904404
0.213959
0.176498
0.246815
0.150284
0.0733273
0.110224
0.241567
0.320073
0.118592
0.171682
0.0564827
0.227516
0.322112
0.141523
0.149338
0.0751636
0.287711
0.140283
0.0971299
0.203626
0.0943461
0.239364
0.201054
0.198696
0.170394
0.244963
0.193795
0.316898
0.148552
0.291917
0.112473
0.0329984
0.155135
0.231641
0.176775
0.0939938
0.0302914
0.252703
0.241396
0.148383
0.146583
0.199982
0.0539129
0.150272
0.190704
0.234457
