0.155087
0.118698
0.237187
0.179969
0.112356
0.117142
0.216245
0.184073
0.175041
0.255708
0.1126
0.180494
0.206531
0.18707
0.165441
0.266439
0.268574
0.155002
0.119085
0.053212
0.213687
0.177802
0.144235
0.102077
0.164604
0.145522
0.165173
0.149576
0.359353
0.0686974
0.194388
0.163873
0.162478
0.31754
0.171456
0.231439
0.0607087
0.270694
0.124702
0.291423
0.141141
0.0896968
0.219769
0.120796
0.0861731
0.127218
0.194621
0.188162
0.250209
0.25055
0.240885
0.359728
0.168921
0.328191
0.186432
0.308821
0.070196
0.0856155
0.236052
0.188198
0.250049
0.192747
0.313667
0.0407932
0.197307
0.152002
0.110884
0.0844047
0.339955
0.0872165
0.268967
0.123168
0.108965
0.225985
0.150067
0.257013
0.186371
0.196736
0.147559
0.0677616
0.0955948
0.140703
0.216583
0.161787
0.223449
0.337933
0.155886
0.0818813
0.114325
0.100134
0.241234
0.336288
0.292381
0.325714
0.221973
0.108172
0.253009
0.202892
0.140553
0.246319
