0.0698659
0.162952
0.175856
0.253053
0.260134
0.347563
0.145711
0.248597
0.206838
0.149621
0.0543507
0.247808
0.110472
0.240382
0.164917
0.294105
0.0512262
0.251326
0.156822
0.273815
0.208016
0.159889
0.141064
0.201519
0.271624
0.165418
0.254166
0.0887618
0.19806
0.104546
0.191309
0.151261
0.191969
0.133163
0.100157
0.0935087
0.286509
0.101258
0.239374
0.343772
0.160899
0.180207
0.261938
0.231845
0.156781
0.216417
0.19959
0.0926839
0.196268
0.346402
0.190818
0.141226
0.202481
0.23332
0.251877
0.337291
0.175375
0.133109
0.383444
0.0683169
0.123759
0.106162
0.119853
0.30163
0.150165
0.115066
0.167605
0.0875206
0.265261
0.0382287
0.162756
0.148823
0.151084
0.139086
0.118481
0.199178
0.266462
0.282814
0.18063
0.0885336
0.156654
0.175231
0.146741
0.203977
0.14745
0.288412
0.298385
0.202365
0.264048
0.206925
0.0776514
0.070667
0.160944
0.227383
0.182952
0.183772
0.21169
0.17089
0.169436
0.213999
