0.18401
0.279452
0.19575
0.118999
0.094778
0.175497
0.15684
0.174016
0.160889
0.0734535
0.331398
0.140802
0.0701518
0.133138
0.085924
0.192904
0.136392
0.268142
0.219574
0.2292
0.221956
0.191204
0.201763
0.229195
0.195018
0.149761
0.176608
0.210321
0.0958291
0.0673207
0.145541
0.247453
0.0828565
0.177153
0.160348
0.0676152
0.199777
0.231894
0.155876
0.209131
0.243614
0.343677
0.167129
0.113709
0.295382
0.179545
0.0912372
0.198662
0.0868577
0.147007
0.157307
0.15114
0.249676
0.121827
0.260343
0.112186
0.140729
0.0808425
0.23182
0.246657
0.133068
0.359237
0.309098
0.195437
0.296126
0.292267
0.35478
0.270856
0.327551
0.34168
0.06236
0.137894
0.15663
0.0816328
0.0662543
0.152068
0.156336
0.340143
0.16921
0.145238
0.134403
0.331931
0.167392
0.16561
0.113018
0.101798
0.331589
0.274644
0.0792499
0.249173
0.0983447
0.16956
0.1933
0.173799
0.152973
0.132147
0.18149
0.171609
0.269202
0.169428
