0.14886
0.0813972
0.115675
0.0402191
0.149906
0.172648
0.288807
0.085511
0.242518
0.192483
0.206927
0.210839
0.190102
0.123636
0.175089
0.124797
0.171156
0.0822006
0.141841
0.167307
0.162136
0.152662
0.154631
0.136577
0.141832
0.212344
0.283005
0.234533
0.229318
0.342182
0.191732
0.247894
0.145218
0.0945602
0.195409
0.320223
0.320593
0.271317
0.129426
0.170218
0.0432852
0.135007
0.104831
0.0985901
0.112628
0.288244
0.157283
0.206064
0.145993
0.251937
0.0878227
0.287634
0.143017
0.117921
0.197629
0.290133
0.250105
0.179812
0.266561
0.383116
0.212516
0.263979
0.088534
0.127772
0.143366
0.170228
0.0617683
0.199316
0.132611
0.288999
0.190071
0.171848
0.202286
0.222786
0.28095
0.294914
0.178972
0.118398
0.142912
0.202097
0.15037
0.103629
0.252555
0.34557
0.212905
0.273307
0.210578
0.0398121
0.354141
0.19983
0.0441499
0.244609
0.160801
0.25094
0.0676882
0.178569
0.0797717
0.25538
0.257584
0.101112
