0.228848
0.263702
0.213623
0.247242
0.281095
0.189365
0.0987812
0.176898
0.254106
0.337466
0.141422
0.0626697
0.0998915
0.252451
0.224824
0.192461
0.282348
0.0563406
0.036463
0.0904739
0.284834
0.16145
0.186904
0.323413
0.11375
0.148422
0.119627
0.219882
0.173785
0.111105
0.292872
0.161105
0.0228215
0.189205
0.299926
0.0333887
0.155579
0.201055
0.121318
0.16066
0.132904
0.306232
0.164141
0.121811
0.155472
0.129515
0.223981
0.0835083
0.112596
0.278082
0.105378
0.0827578
0.217642
0.186083
0.130565
0.130072
0.118616
0.177487
0.160118
0.244675
0.165219
0.2206
0.32376
0.22839
0.0802107
0.317891
0.230959
0.248784
0.344082
0.0939992
0.287537
0.108129
0.247633
0.195785
0.13189
0.129304
0.120589
0.0959875
0.339551
0.218127
0.12708
0.205194
0.141842
0.187561
0.172025
0.143936
0.197756
0.159468
0.076964
0.135758
0.250392
0.0922404
0.295415
0.305652
0.0831405
0.0827564
0.409377
0.248911
0.222851
0.16295
