0.136979
0.0839405
0.203809
0.168765
0.277421
0.26394
0.0463165
0.322135
0.199471
0.102744
0.140439
0.290858
0.281985
0.195545
0.212876
0.323755
0.201751
0.199692
0.171117
0.38333
0.248181
0.251894
0.333808
0.166161
0.0691231
0.191511
0.229922
0.111339
0.260372
0.218664
0.305753
0.134953
0.126506
0.200858
0.34618
0.184142
0.228456
0.272786
0.32131
0.236265
0.0812347
0.0840678
0.180139
0.177752
0.196842
0.168328
0.184937
0.150732
0.26461
0.134568
0.229879
0.102676
0.0892984
0.103048
0.1143
0.230329
0.0999484
0.104754
0.222522
0.128957
0.151676
0.22379
0.139231
0.162091
0.222805
0.0382534
0.104176
0.173652
0.0919564
0.152896
0.147966
0.190271
0.0710608
0.17518
0.187759
0.279581
0.354044
0.25221
0.19237
0.139089
0.207723
0.195171
0.161802
0.0571598
0.189881
0.130547
0.11101
0.323231
0.174482
0.160729
0.115173
0.130898
0.0879066
0.380379
0.153373
0.180639
0.117611
0.0661862
0.231905
0.101401
