0.187792
0.16997
0.145694
0.160516
0.0445612
0.209189
0.36671
0.337216
0.0681706
0.293758
0.256897
0.284934
0.22199
0.145875
0.177004
0.112029
0.145404
0.144578
0.114281
0.205252
0.0402523
0.111403
0.266963
0.0673477
0.0523093
0.0948522
0.212186
0.287732
0.0969142
0.295614
0.115781
0.235773
0.17628
0.298264
0.309278
0.0941119
0.169796
0.385428
0.244549
0.0872021
0.312782
0.0316598
0.105307
0.0965645
0.0680574
0.220199
0.164376
0.230093
0.192278
0.0928549
0.225003
0.154326
0.23858
0.0894802
0.225827
0.158498
0.208883
0.466389
0.261424
0.101005
0.174511
0.257762
0.156311
0.32077
0.145803
0.154226
0.232586
0.23435
0.300151
0.0859177
0.114832
0.215502
0.160499
0.105684
0.189992
0.192413
0.203256
0.218376
0.135173
0.235453
0.262587
0.0781615
0.0857955
0.257205
0.159928
0.336555
0.12075
0.0905352
0.16308
0.0415147
0.122521
0.146745
0.220438
0.231328
0.0792888
0.146292
0.182586
0.149974
0.168988
0.173572
