0.155872
0.163399
0.0717811
0.0765489
0.284134
0.120897
0.151931
0.422257
0.216485
0.254452
0.142496
0.105922
0.17206
0.145623
0.328392
0.237767
0.0809224
0.291973
0.13181
0.132055
0.194285
0.21619
0.392712
0.0642349
0.0635054
0.286547
0.219016
0.133311
0.301785
0.14652
0.271825
0.269925
0.171753
0.180427
0.18239
0.154637
0.172701
0.258795
0.111208
0.31295
0.152014
0.189881
0.13088
0.0866659
0.189436
0.0603717
0.23955
0.0694013
0.0781547
0.246642
0.339211
0.185296
0.0881031
0.157353
0.158447
0.0596273
0.189482
0.0929779
0.116455
0.158032
0.255721
0.232763
0.243682
0.0772764
0.22546
0.186976
0.115562
0.115291
0.0604081
0.130882
0.2395
0.242498
0.174724
0.165628
0.133078
0.213514
0.0915375
0.103508
0.224983
0.154045
0.251339
0.176467
0.242913
0.179938
0.177713
0.293658
0.123938
0.147223
0.12358
0.324388
0.175746
0.183378
0.0989618
0.123826
0.129175
0.289288
0.442449
0.294468
0.171202
0.134132
