0.218431
0.232482
0.0838672
0.184529
0.137295
0.164563
0.317561
0.279775
0.139665
0.0741079
0.240341
0.201042
0.242691
0.286465
0.100468
0.090968
0.203495
0.184979
0.0579596
0.268808
0.101
0.218706
0.046321
0.180791
0.253185
0.120347
0.138071
0.0653689
0.312939
0.254058
0.185979
0.0947088
0.368526
0.189696
0.236343
0.169129
0.258079
0.228279
0.211618
0.2035
0.162802
0.233293
0.20084
0.189518
0.161855
0.215091
0.160265
0.172849
0.197201
0.183617
0.196744
0.122168
0.108069
0.276635
0.0636299
0.121823
0.203187
0.287908
0.175594
0.128204
0.20579
0.101923
0.166564
0.258033
0.113216
0.182186
0.102783
0.0643802
0.145737
0.217489
0.11886
0.195032
0.240852
0.140735
0.157277
0.198975
0.36422
0.282908
0.208363
0.166183
0.0787862
0.149286
0.165159
0.251591
0.145769
0.315596
0.178472
0.135742
0.244278
0.295104
0.139128
0.277523
0.246096
0.096567
0.257603
0.087653
0.115725
0.291
0.204384
0.273705
