0.0841201
0.088291
0.213256
0.183219
0.107074
0.235907
0.0422469
0.120276
0.0389227
0.182033
0.168148
0.327909
0.0221246
0.193918
0.108961
0.227116
0.0890504
0.219762
0.0449307
0.0867934
0.100614
0.124858
0.285193
0.230739
0.18643
0.451896
0.171513
0.293702
0.0565959
0.138335
0.130415
0.139286
0.158751
0.124469
0.29764
0.186835
0.134279
0.101065
0.167829
0.352037
0.103093
0.170444
0.0970863
0.328933
0.154578
0.398284
0.274395
0.0849301
0.217569
0.134674
0.120467
0.161896
0.15871
0.0982023
0.118444
0.163341
0.317734
0.0764501
0.121575
0.066603
0.186789
0.161124
0.214694
0.148377
0.256399
0.313052
0.299262
0.032259
0.180988
0.13196
0.0784661
0.0787025
0.199291
0.402299
0.232369
0.108212
0.118061
0.304699
0.221887
0.0826645
0.109837
0.107143
0.187216
0.181985
0.296926
0.319965
0.165794
0.14286
0.261165
0.111007
0.108912
0.255875
0.245224
0.208611
0.125761
0.483161
0.15698
0.198622
0.162058
0.171521
