0.367365
0.154527
0.291831
0.240051
0.172082
0.187043
0.25574
0.167269
0.408705
0.223252
0.245517
0.158423
0.22074
0.307477
0.169939
0.260362
0.183964
0.108618
0.349858
0.304977
0.0488581
0.146005
0.0953433
0.140315
0.261364
0.210995
0.291287
0.150276
0.325858
0.136311
0.0928824
0.321866
0.129385
0.189572
0.107814
0.49139
0.210157
0.120145
0.257506
0.384929
0.406699
0.292601
0.132776
0.342971
0.403626
0.277247
0.356355
0.527849
0.231604
0.351399
0.207662
0.20058
0.189412
0.14092
0.306757
0.167246
0.394493
0.198715
0.104924
0.138441
0.245258
0.17257
0.498953
0.121417
0.10486
0.0789202
0.125006
0.371806
0.209185
0.121155
0.192023
0.274541
0.262033
0.192673
0.197617
0.206031
0.203486
0.372807
0.11758
0.421485
0.217579
0.292803
0.320779
0.191896
0.243664
0.265402
0.189798
0.224738
0.242864
0.223724
0.302339
0.155084
0.157962
0.209998
0.399869
0.231446
0.327606
0.390078
0.28293
0.0648425
0.22426
0.173859
0.442587
0.170462
0.125296
0.158402
0.232085
0.169757
0.221682
0.169912
0.28545
0.210699
0.246599
0.188722
0.291269
0.180017
0.325303
0.349262
0.0717327
0.246094
0.127972
0.157381
0.35076
0.347069
0.281696
0.129019
0.361125
0.126497
0.0909515
0.155254
0.404564
0.127791
0.276851
0.0295258
0.153192
0.158107
0.0834676
0.181894
0.161346
0.214427
0.127551
0.320852
0.363398
0.322619
0.274356
0.242253
0.346653
0.405013
0.41993
0.26595
0.176043
0.331026
0.126725
0.176676
0.253701
0.168073
0.329334
0.290653
0.382065
0.191793
0.32641
0.246109
0.226075
0.309624
0.178113
0.264429
0.0585271
0.172536
0.147073
0.236316
0.0701693
0.123199
0.0645928
0.180263
0.0699147
0.195562
0.0912951
0.598662
0.119978
0.344649
0.138786
0.152582
0.340888
0.254647
0.114149
0.169122
0.19854
0.246231
0.212316
0.0651311
0.354603
0.168119
0.344837
0.210456
0.192093
0.131419
0.436973
0.183898
0.1695
0.370325
0.357923
0.13429
0.179762
0.13012
0.189114
0.146418
0.0781113
0.19247
0.134262
0.0975159
0.212238
0.324482
0.150592
0.0742277
0.206352
0.333335
0.231149
0.219354
0.225541
0.301824
0.229918
0.148869
0.18136
0.23645
0.198881
0.229356
0.152086
0.320193
0.119458
0.270527
0.258339
0.16203
0.55464
0.169539
0.203022
0.46603
0.178526
0.247849
0.0716774
0.420292
0.268707
0.19522
0.27714
0.158983
0.221521
0.242952
0.175891
0.267175
0.182141
0.164199
0.146781
0.0763557
0.255162
0.250494
0.248019
0.125525
0.39217
0.122681
0.43602
0.187528
0.107272
0.15936
0.10673
0.265154
0.132653
0.110296
0.260686
0.256101
0.34157
0.173528
0.11063
0.243909
0.150275
0.123819
0.170926
0.241274
0.199981
0.0603164
0.208711
0.215003
0.364702
0.349575
0.231158
0.328461
0.209542
0.122682
0.347545
0.190806
0.285474
0.272684
0.28036
0.262662
0.240532
0.1555
0.235668
0.244447
0.241438
0.200488
0.136939
0.213099
0.056798
0.204516
0.249962
0.204167
0.202111
0.324923
0.221909
0.0874639
0.284038
0.104031
0.0291432
0.391401
0.236232
0.195199
0.0821716
0.117598
0.357483
0.236836
0.209006
0.156329
0.148774
0.248119
0.466268
0.188939
0.285524
0.285187
0.179648
0.235892
0.416517
0.241586
0.218047
0.23453
0.275646
0.10134
0.11251
0.0345421
0.113546
0.31342
0.21674
0.479361
0.157119
0.217137
0.307608
0.270825
0.0847176
0.181497
0.156933
0.321815
0.27758
0.37624
0.107197
0.0709511
0.199511
0.276288
0.32662
0.42156
0.0663596
0.112731
0.265822
0.14731
0.153709
0.338939
0.481301
0.237789
0.307355
0.215616
0.339379
0.363927
0.264985
0.405821
0.17244
0.154136
0.192326
0.243688
0.154103
0.387885
0.38854
0.250828
0.185005
0.0958659
0.152093
0.301361
0.379321
0.260061
0.159252
0.196734
0.0797386
0.227136
0.15392
0.219255
0.42161
0.192487
0.30823
0.240394
0.139685
0.230485
0.21235
0.331807
0.220802
0.235841
0.247573
0.202306
0.222808
0.17444
0.074614
0.172945
0.375975
0.39395
0.25155
0.16665
0.208794
0.185786
0.281242
0.374948
0.0932998
0.244265
0.372905
0.237616
0.338828
0.36421
0.131377
0.156992
0.340753
0.232036
0.151824
0.151604
0.132707
0.211934
0.172311
0.268876
0.225799
0.294632
0.310385
0.26456
0.097887
0.0762265
0.0698883
0.143885
0.109428
0.251121
0.143211
0.178673
0.0673882
0.166717
0.384804
0.268107
0.20554
0.216777
0.417843
0.291387
0.117295
0.439104
0.302968
0.26308
0.255537
0.294606
0.152203
0.275815
0.274151
0.482792
0.126996
0.281383
0.264667
0.162568
0.263972
0.382731
0.410708
0.0893499
0.165668
0.254237
0.296619
0.182109
0.424966
0.234025
0.229771
0.483797
0.269711
0.307803
0.0688281
0.147342
0.475891
0.110452
0.227688
0.152515
0.16667
0.107606
0.115772
0.198785
0.291209
0.359467
0.0827181
0.431533
0.133861
0.0880307
0.173941
0.26066
0.283127
0.207479
0.219098
0.0836565
0.401559
0.421397
0.134055
0.39493
0.346404
0.397966
0.207728
0.426027
0.275085
0.3009
0.181701
0.347838
0.266105
0.142998
0.366565
0.0823343
0.213937
0.16846
0.241096
0.196517
0.0979223
0.203286
0.231756
0.224726
0.149794
0.191335
0.150513
0.103031
0.242297
0.374922
0.126359
0.319961
0.105528
0.206953
0.194183
0.261276
0.420364
0.0980557
0.298272
0.377973
0.312525
0.325141
0.107626
0.257405
0.141706
0.232534
0.202133
0.203504
0.233031
0.147138
0.420176
0.193982
0.337086
0.177864
0.274155
0.250927
0.491476
0.158328
0.17284
0.300156
0.105911
0.110059
0.151112
0.221675
0.127144
0.171664
0.159532
0.459579
0.271316
0.103415
0.286423
0.267103
0.300533
0.0887237
0.140865
0.214446
0.137288
0.199155
0.347976
0.139902
0.164516
0.129416
0.251774
0.253304
0.175402
0.229517
0.273744
0.289911
0.183679
0.199316
0.351191
0.226666
0.302293
0.283907
0.145077
0.244319
0.157872
0.103696
0.198077
0.119835
0.197752
0.231125
0.294402
0.168074
0.0638299
0.266729
0.337823
0.284652
0.208396
0.0877431
0.152669
0.296383
0.151797
0.369875
0.237442
0.243484
0.107925
0.312233
0.162468
0.160326
0.254276
0.100005
0.456965
0.186342
0.253217
0.197808
0.440369
0.211941
0.432798
0.162078
0.191088
0.337127
0.140942
0.329461
0.368053
0.0403976
0.118739
0.242562
0.367947
0.292184
0.126985
0.501547
0.285652
0.370225
0.164041
0.120768
0.315964
0.226289
0.127897
0.253833
0.159782
0.313783
0.178542
0.177419
0.188493
0.151681
0.313307
0.190157
0.0727484
0.41777
0.179183
0.322849
0.205471
0.136897
0.106691
0.0965705
0.135694
0.178024
0.186987
0.548827
0.308303
0.210794
0.159109
0.127395
0.296486
0.302654
0.176352
0.276774
0.24211
0.198276
0.147224
0.180769
0.14657
0.331248
0.296205
0.244502
0.231475
0.542503
0.220481
0.259352
0.356817
0.154912
0.216635
0.182199
0.227239
0.368594
0.127043
0.121603
0.0807713
0.172925
0.0942347
0.2425
0.168576
0.249457
0.196827
0.115933
0.225552
0.213516
0.115315
0.127421
0.205605
0.492442
0.231906
0.151381
0.300213
0.142302
0.334393
0.191205
0.191021
0.360191
0.310837
0.0978246
0.382715
0.478835
0.178909
0.100698
0.159466
0.206559
0.220297
0.117839
0.531991
0.307632
0.14128
0.232823
0.137487
0.165313
0.2756
0.18019
0.199012
0.345288
0.38682
0.367323
0.184953
0.338685
0.234095
0.192414
0.0892787
0.409763
0.173238
0.187306
0.174562
0.165699
0.306754
0.35036
0.242446
0.161921
0.215587
0.104832
0.199494
0.238711
0.195647
0.291689
0.294021
0.337897
0.169024
0.316386
0.057311
0.265493
0.230007
0.177306
0.187401
0.175913
0.143393
0.085294
0.0640168
0.188902
0.445221
0.133539
0.157204
0.355242
0.30425
0.215985
0.233641
0.462264
0.192406
0.10779
0.262689
0.135523
0.251002
0.0882063
0.161513
0.213676
0.33961
0.102458
0.291132
0.100385
0.413356
0.191542
0.43222
0.185216
0.2773
0.0940558
0.291154
0.241311
0.399822
0.275392
0.135685
0.305933
0.0662697
0.169439
0.354243
0.322792
0.15855
0.182731
0.091524
0.0656928
0.0283521
0.259918
0.216448
0.121812
0.132773
0.281197
0.0631132
0.240387
0.186361
0.156181
0.322796
0.23628
0.144861
0.123983
0.203374
0.262135
0.119927
0.301336
0.316384
0.162862
0.145424
0.217383
0.182308
0.249252
0.172232
0.336153
0.20749
0.22089
0.152631
0.331634
0.105494
0.118914
0.244374
0.261656
0.097313
0.114196
0.263068
0.223802
0.268907
0.140353
0.275043
0.184311
0.141717
0.149625
0.257508
0.359739
0.120539
0.264895
0.0999895
0.196644
0.256729
0.146288
0.398846
0.161016
0.124684
0.538532
0.163017
0.237577
0.319086
0.32956
0.258821
0.252878
0.300403
0.333617
0.282139
0.311192
0.350115
0.208556
0.158579
0.308711
0.109941
0.14651
0.160516
0.148664
0.370258
0.230337
0.166229
0.27019
0.124513
0.250152
0.13204
0.345439
0.298209
0.241274
0.0694279
0.308297
0.221975
0.204353
0.103704
0.0962021
0.214528
0.0737686
0.269546
0.217341
0.384065
0.273727
0.302022
0.21714
0.345092
0.235276
0.247873
0.118242
0.211892
0.193085
0.276943
0.395921
0.378711
0.119816
0.435005
0.324638
0.368578
0.292873
0.0854364
0.170406
0.247045
0.378937
0.404836
0.201521
0.189602
0.361804
0.275634
0.343126
0.0995195
0.404119
0.345561
0.357443
0.115356
0.117679
0.192825
0.260675
0.292946
0.217793
0.176866
0.20561
0.308274
0.312187
0.169578
0.215089
0.272766
0.311061
0.261392
0.217541
0.0963458
0.221563
0.206707
0.0825712
0.398285
0.238989
0.257997
0.296484
0.352475
0.113818
0.355682
0.192853
0.17634
0.155909
0.151366
0.155418
0.168697
0.248853
0.308136
0.24997
0.174304
0.234561
0.489773
0.134289
0.308592
0.239277
0.168211
0.224209
0.411182
0.231861
0.226641
0.240088
0.277456
0.387865
0.155749
0.140195
0.161149
0.348857
0.183948
0.164166
0.220524
0.437197
