0.43378
0.229501
0.152602
0.398656
0.270886
0.190817
0.351304
0.381305
0.106148
0.267336
0.253837
0.294065
0.362674
0.144447
0.232143
0.285989
0.135775
0.204282
0.153968
0.184833
0.343031
0.199216
0.190631
0.299438
0.302927
0.0883766
0.196384
0.316226
0.0758546
0.365667
0.281653
0.117765
0.234994
0.378252
0.185901
0.193802
0.194577
0.231528
0.292008
0.1999
0.140568
0.558692
0.332895
0.181703
0.128176
0.375294
0.318419
0.0758081
0.162891
0.14831
0.100339
0.246002
0.176056
0.22026
0.21601
0.306218
0.214312
0.182512
0.121705
0.258683
0.138104
0.198143
0.18019
0.411013
0.096615
0.287437
0.138243
0.0316126
0.279943
0.355649
0.391422
0.199817
0.223519
0.313586
0.207175
0.145451
0.179984
0.132557
0.0395465
0.256825
0.263895
0.0724236
0.439095
0.239254
0.179267
0.137628
0.311149
0.214048
0.198359
0.205587
0.127671
0.286812
0.247061
0.478896
0.104474
0.262333
0.204232
0.194116
0.263043
0.0999525
