0.21909
0.102275
0.14029
0.0980446
0.271222
0.175731
0.242854
0.181969
0.346157
0.297111
0.294523
0.197015
0.0843634
0.195964
0.383618
0.154925
0.278058
0.207528
0.127773
0.252952
0.352192
0.203094
0.330583
0.0692467
0.208504
0.337247
0.183831
0.411058
0.275287
0.18869
0.3614
0.296141
0.401472
0.116841
0.314746
0.175505
0.11007
0.157155
0.370816
0.201293
0.249519
0.214569
0.227391
0.353398
0.214568
0.252519
0.15536
0.223179
0.377004
0.140072
0.23863
0.110863
0.091583
0.203946
0.17581
0.159507
0.165694
0.109636
0.265475
0.185692
0.172313
0.0426086
0.252414
0.152439
0.371746
0.296583
0.194382
0.142893
0.396669
0.214353
0.197834
0.415383
0.0937447
0.22099
0.226082
0.211175
0.124154
0.36271
0.299799
0.564102
0.328207
0.340382
0.2688
0.258202
0.111272
0.328059
0.329375
0.218452
0.0854434
0.252668
0.321792
0.216407
0.0852272
0.311923
0.217754
0.326059
0.0811834
0.232667
0.208062
0.164231
