0.203002
0.335459
0.260642
0.108985
0.217922
0.215949
0.241138
0.2994
0.25011
0.245722
0.263416
0.0938466
0.258181
0.123741
0.253916
0.129458
0.171632
0.277557
0.116888
0.236462
0.179438
0.264306
0.414521
0.308961
0.244459
0.137731
0.0797611
0.283646
0.334351
0.16143
0.213005
0.248977
0.258282
0.207144
0.23926
0.229377
0.380349
0.216257
0.374274
0.125981
0.215947
0.0715353
0.209617
0.352063
0.15875
0.157045
0.434048
0.0282126
0.179199
0.258139
0.405799
0.246083
0.243247
0.34735
0.437543
0.233005
0.0611209
0.129962
0.216988
0.129753
0.312757
0.292192
0.116233
0.107076
0.128373
0.314258
0.258611
0.144513
0.290892
0.239203
0.0519712
0.0430475
0.200865
0.213215
0.34329
0.134161
0.343329
0.232323
0.119583
0.334473
0.235726
0.33139
0.144341
0.318733
0.255668
0.261955
0.150615
0.170364
0.199453
0.464643
0.158845
0.418093
0.186087
0.180977
0.350849
0.118568
0.220522
0.308749
0.306146
0.381743
