0.320746
0.332155
0.286982
0.28452
0.145837
0.183963
0.0764347
0.306283
0.168121
0.15871
0.342332
0.126378
0.378099
0.168097
0.342638
0.265889
0.102339
0.412677
0.243094
0.197131
0.302647
0.158076
0.135542
0.220933
0.317727
0.244785
0.0750447
0.0892126
0.258327
0.229693
0.236756
0.170403
0.166105
0.0801941
0.140757
0.385716
0.230919
0.384842
0.336544
0.103256
0.437484
0.374284
0.207365
0.18618
0.278199
0.253827
0.266188
0.140416
0.362417
0.268619
0.262277
0.397948
0.230354
0.237384
0.113672
0.372405
0.116014
0.223981
0.185128
0.0768551
0.232365
0.270459
0.430028
0.169588
0.141587
0.304171
0.218123
0.0218392
0.339892
0.101675
0.258
0.214303
0.263272
0.267713
0.152602
0.400683
0.417571
0.139044
0.321559
0.184983
0.19824
0.107213
0.157914
0.187693
0.18473
0.09404
0.250349
0.168969
0.286282
0.175859
0.380326
0.229998
0.253631
0.111258
0.277629
0.0523045
0.34734
0.17026
0.326682
0.0433172
