0.0754555
0.358096
0.130644
0.241124
0.352477
0.182398
0.344978
0.230835
0.158006
0.262979
0.252254
0.337999
0.209058
0.140409
0.450684
0.230432
0.228736
0.377792
0.215227
0.172495
0.201756
0.280801
0.177359
0.173861
0.27374
0.176789
0.155626
0.193215
0.190972
0.276303
0.312214
0.203683
0.0559289
0.228358
0.251078
0.168111
0.282384
0.200172
0.205005
0.0698111
0.348682
0.165046
0.148751
0.352723
0.333082
0.27884
0.218042
0.114499
0.068374
0.16126
0.289789
0.0436095
0.314518
0.386349
0.200756
0.0493062
0.178142
0.199992
0.403861
0.221318
0.352238
0.349863
0.0924225
0.27405
0.0853821
0.136824
0.44185
0.252355
0.115564
0.35097
0.130448
0.248864
0.173714
0.291394
0.144808
0.204647
0.399365
0.41274
0.303216
0.351962
0.259373
0.161696
0.345827
0.328333
0.158806
0.268783
0.146655
0.239034
0.139465
0.266843
0.257683
0.122423
0.310355
0.169437
0.374683
0.205399
0.191398
0.214919
0.119814
0.265267
