0.139108
0.262226
0.163832
0.330382
0.432564
0.264498
0.325688
0.229904
0.120209
0.218993
0.0760016
0.147707
0.129107
0.302676
0.391925
0.560046
0.2113
0.24033
0.172252
0.164647
0.136996
0.132082
0.201205
0.264531
0.0703501
0.281225
0.280673
0.156704
0.323484
0.209909
0.14613
0.206789
0.203952
0.333579
0.128826
0.236801
0.197399
0.299385
0.104784
0.150946
0.155155
0.234708
0.0913213
0.235538
0.286556
0.22491
0.294744
0.141799
0.231463
0.337614
0.213727
0.34777
0.059671
0.519388
0.478262
0.201277
0.377544
0.253379
0.161794
0.162904
0.165159
0.128322
0.185451
0.344891
0.189408
0.209652
0.278878
0.359696
0.217973
0.14316
0.186744
0.0896126
0.3369
0.157498
0.392162
0.233818
0.109017
0.315441
0.375203
0.301889
0.222656
0.29961
0.422695
0.16975
0.167951
0.100891
0.0565088
0.295658
0.278157
0.106503
0.242448
0.294541
0.173064
0.148524
0.110549
0.196165
0.324979
0.146494
0.269854
0.183866
