0.299067
0.240854
0.100749
0.111787
0.144143
0.132597
0.287186
0.103775
0.257234
0.33071
0.355889
0.240188
0.233244
0.312913
0.17393
0.238285
0.368443
0.0663116
0.281571
0.130041
0.0583345
0.143743
0.19489
0.0824544
0.341646
0.299089
0.114786
0.163999
0.264078
0.159502
0.234775
0.152372
0.415325
0.313497
0.478768
0.256726
0.19049
0.232032
0.241295
0.174191
0.282509
0.104354
0.229339
0.191351
0.252061
0.244039
0.198674
0.259463
0.167144
0.229917
0.275139
0.144997
0.11189
0.280031
0.277693
0.189826
0.352768
0.107504
0.248205
0.12083
0.14278
0.147783
0.284411
0.39506
0.162044
0.371006
0.281791
0.228411
0.163697
0.189635
0.288804
0.187433
0.506651
0.302787
0.175666
0.379663
0.179746
0.311752
0.157317
0.255803
0.43166
0.154971
0.235924
0.334101
0.249888
0.235697
0.335996
0.0818022
0.235372
0.301631
0.0591893
0.205091
0.0731179
0.231749
0.361081
0.433798
0.228579
0.197883
0.276199
0.156262
