0.310969
0.188927
0.319013
0.204526
0.321588
0.437683
0.265832
0.424568
0.232988
0.240846
0.226775
0.385394
0.213945
0.0772881
0.256107
0.293251
0.298054
0.26041
0.0996844
0.192976
0.265036
0.268492
0.168475
0.336921
0.284845
0.164418
0.214479
0.103038
0.0901617
0.105548
0.241781
0.0736663
0.188911
0.402556
0.046657
0.32911
0.144172
0.298658
0.195448
0.104231
0.472474
0.236592
0.242284
0.141604
0.143916
0.143269
0.361722
0.242178
0.0839112
0.200635
0.159495
0.252064
0.263621
0.223505
0.26401
0.17555
0.340404
0.188506
0.349743
0.0563076
0.400684
0.182234
0.27445
0.10662
0.257863
0.28076
0.316324
0.405602
0.106341
0.0932367
0.264255
0.196981
0.347381
0.179314
0.243777
0.204604
0.0562267
0.160961
0.0795068
0.18135
0.0839747
0.192032
0.245532
0.324608
0.072461
0.226606
0.0803178
0.256336
0.191439
0.295759
0.317497
0.268563
0.126377
0.279957
0.145674
0.378485
0.119936
0.394576
0.193898
0.494118
