0.213542
0.156374
0.312625
0.370556
0.202931
0.224552
0.277694
0.131405
0.204256
0.0828573
0.167674
0.100895
0.188873
0.140696
0.334992
0.259068
0.150366
0.220613
0.125898
0.037649
0.269921
0.45224
0.334836
0.187842
0.319801
0.185686
0.12188
0.166226
0.21053
0.288406
0.227834
0.129618
0.216541
0.106234
0.223455
0.139314
0.171541
0.281738
0.125134
0.314246
0.277422
0.348858
0.177544
0.344523
0.107491
0.146996
0.370772
0.087833
0.15496
0.264283
0.370175
0.277145
0.242901
0.282275
0.19931
0.0546037
0.227221
0.311422
0.318144
0.307716
0.208106
0.461127
0.0872334
0.185163
0.398233
0.294292
0.101791
0.272102
0.158
0.153792
0.290277
0.465762
0.278298
0.308576
0.290474
0.298867
0.33042
0.066154
0.156555
0.171649
0.131891
0.315675
0.168145
0.268639
0.163098
0.312302
0.166364
0.295721
0.204895
0.150065
0.281525
0.406416
0.362209
0.138186
0.304268
0.337692
0.236805
0.225513
0.294067
0.172513
