0.415631
0.221583
0.220517
0.275702
0.187447
0.163207
0.410505
0.104328
0.159449
0.198908
0.202084
0.285645
0.317014
0.379607
0.204762
0.23423
0.123332
0.386447
0.234096
0.138972
0.313206
0.263158
0.346275
0.442674
0.0781205
0.285385
0.173949
0.145266
0.255273
0.164442
0.247187
0.0778465
0.193732
0.248748
0.353275
0.113511
0.278961
0.258756
0.296008
0.313694
0.267785
0.280003
0.445699
0.149365
0.134565
0.0705725
0.17827
0.199897
0.562278
0.294115
0.195045
0.275623
0.16092
0.182177
0.14485
0.137155
0.207098
0.124177
0.32401
0.295375
0.176519
0.109928
0.200552
0.443949
0.26069
0.217204
0.149512
0.181814
0.15281
0.216144
0.215026
0.264723
0.122782
0.204036
0.203499
0.141116
0.166854
0.213507
0.149764
0.215795
0.117724
0.0724236
0.306691
0.121191
0.497507
0.290622
0.112395
0.210609
0.480477
0.23681
0.0541122
0.370957
0.315801
0.0741548
0.326486
0.0785239
0.315768
0.105235
0.202201
0.0401843
