0.299151
0.170235
0.369328
0.344186
0.174354
0.348144
0.257995
0.466608
0.186663
0.175047
0.247464
0.173224
0.365334
0.152949
0.0361189
0.23895
0.119013
0.125561
0.157445
0.0645506
0.139909
0.235596
0.124699
0.164209
0.154319
0.249343
0.0738587
0.194427
0.251311
0.294239
0.307888
0.201483
0.109857
0.241265
0.345569
0.360179
0.122688
0.269374
0.375826
0.25159
0.187064
0.242155
0.255759
0.275527
0.228384
0.272944
0.247391
0.21875
0.260931
0.546929
0.141081
0.406535
0.215738
0.251158
0.248767
0.215619
0.220031
0.129568
0.104749
0.378088
0.28696
0.213966
0.309896
0.0256634
0.349902
0.322547
0.273502
0.163169
0.0872886
0.115005
0.162964
0.0370395
0.145078
0.32536
0.170842
0.214103
0.150002
0.272168
0.412785
0.266212
0.186209
0.249264
0.201146
0.403852
0.305206
0.187669
0.262893
0.0840639
0.121911
0.301663
0.288576
0.330322
0.240315
0.160309
0.351248
0.225828
0.208738
0.224425
0.303268
0.134189
