0.117496
0.385648
0.556739
0.199484
0.180001
0.238934
0.165782
0.333971
0.329659
0.0384875
0.0556601
0.268193
0.199999
0.291484
0.220721
0.186529
0.190883
0.164596
0.23343
0.279857
0.316286
0.224332
0.0915012
0.246476
0.1592
0.285942
0.0868804
0.252846
0.347279
0.108743
0.0460212
0.309205
0.134095
0.235228
0.44564
0.314966
0.15237
0.318497
0.0956519
0.204988
0.210427
0.292579
0.20914
0.243642
0.375282
0.263946
0.143266
0.211774
0.324233
0.431842
0.121882
0.117132
0.250656
0.20249
0.342981
0.141478
0.20443
0.204774
0.12767
0.38454
0.2749
0.11464
0.105933
0.20758
0.111967
0.110269
0.299562
0.309423
0.360272
0.157858
0.237691
0.279604
0.166292
0.20385
0.22774
0.276825
0.325694
0.212391
0.275524
0.144279
0.198943
0.176613
0.211448
0.245798
0.191138
0.166293
0.262371
0.173791
0.335201
0.256647
0.162397
0.289529
0.0199087
0.386269
0.486834
0.359199
0.142841
0.197198
0.128178
0.344246
