0.251212
0.300646
0.21671
0.333892
0.164602
0.156267
0.261836
0.261899
0.327561
0.186372
0.297792
0.0659955
0.215784
0.310092
0.136427
0.187414
0.300269
0.108361
0.0994244
0.245264
0.225046
0.255648
0.161605
0.281734
0.197091
0.207684
0.0943847
0.212489
0.187185
0.292823
0.250584
0.196508
0.185483
0.106631
0.350824
0.220026
0.265906
0.367811
0.31242
0.113966
0.229389
0.229731
0.135097
0.305303
0.133389
0.369778
0.159446
0.158993
0.290184
0.117953
0.254704
0.301042
0.502896
0.337116
0.33895
0.18546
0.283437
0.325254
0.259967
0.111829
0.233079
0.280675
0.247748
0.308946
0.143458
0.11485
0.178515
0.428751
0.210884
0.228403
0.0992464
0.270207
0.333247
0.361919
0.340478
0.196413
0.128676
0.231746
0.230823
0.277979
0.383922
0.226059
0.256815
0.158286
0.189873
0.268602
0.234375
0.104527
0.105524
0.169433
0.267999
0.185117
0.249481
0.410748
0.38696
0.113968
0.279198
0.229472
0.236956
0.261553
