0.0839887
0.12305
0.293107
0.242391
0.236543
0.177935
0.427661
0.467502
0.118802
0.123403
0.081518
0.280416
0.162584
0.0610888
0.132629
0.163245
0.495108
0.314608
0.15805
0.170433
0.199518
0.17348
0.320604
0.26578
0.0924887
0.173038
0.31863
0.256457
0.252999
0.171324
0.325827
0.111172
0.0953211
0.326899
0.396585
0.429706
0.135302
0.238291
0.413937
0.185015
0.293169
0.29795
0.210782
0.211748
0.240393
0.0898778
0.281407
0.0800557
0.309536
0.321371
0.26403
0.385031
0.432821
0.244708
0.226688
0.0926482
0.25668
0.169211
0.238482
0.153601
0.326065
0.268952
0.271616
0.190351
0.281684
0.225669
0.166979
0.175606
0.144948
0.294592
0.189443
0.227296
0.149777
0.197698
0.335268
0.118244
0.129525
0.205883
0.286659
0.0821492
0.472718
0.387961
0.171651
0.463964
0.218381
0.222445
0.0829439
0.201267
0.20973
0.0892743
0.307217
0.242672
0.219976
0.331613
0.183359
0.0837009
0.160514
0.132747
0.222571
0.152646
