0.180934
0.241525
0.231957
0.356038
0.180326
0.15412
0.267501
0.262613
0.146843
0.209286
0.517108
0.209637
0.214127
0.281395
0.146268
0.382257
0.196386
0.313605
0.268503
0.12081
0.0801891
0.338362
0.23425
0.153805
0.191127
0.272909
0.368795
0.123681
0.20273
0.306539
0.362987
0.429926
0.121687
0.180089
0.296213
0.163938
0.165764
0.492312
0.226609
0.105249
0.101934
0.153524
0.21799
0.219259
0.298599
0.147141
0.150261
0.150437
0.337005
0.391024
0.191444
0.200837
0.0504419
0.342553
0.268158
0.143647
0.295785
0.13619
0.251033
0.149198
0.124033
0.140706
0.307619
0.216752
0.218491
0.327556
0.400161
0.344535
0.28062
0.238501
0.0721853
0.201755
0.321171
0.257232
0.239721
0.129492
0.315427
0.14509
0.157128
0.11516
0.186379
0.212783
0.0298031
0.228166
0.174549
0.398662
0.408706
0.245862
0.0885318
0.249848
0.310104
0.216114
0.282195
0.269501
0.169419
0.283003
0.171971
0.371828
0.136503
0.208827
