0.372505
0.172506
0.265259
0.251809
0.483412
0.311956
0.229829
0.115791
0.30973
0.156195
0.234213
0.197013
0.185487
0.288514
0.24282
0.197438
0.0989467
0.213158
0.235057
0.360192
0.234192
0.163438
0.249844
0.260185
0.348186
0.22163
0.0573096
0.0480429
0.257058
0.298373
0.260258
0.234633
0.219842
0.314534
0.21482
0.225468
0.204633
0.225099
0.160624
0.289555
0.187091
0.112465
0.270814
0.0788378
0.186736
0.265085
0.252137
0.296417
0.24483
0.159275
0.199623
0.435684
0.374357
0.319745
0.271222
0.193237
0.197542
0.270485
0.135217
0.0685413
0.194078
0.286329
0.349193
0.131982
0.502117
0.205003
0.507191
0.196737
0.265314
0.162568
0.132205
0.251006
0.184092
0.210016
0.301235
0.217862
0.189317
0.0928369
0.35144
0.202338
0.132013
0.245985
0.0386821
0.111575
0.362094
0.339913
0.0898692
0.227099
0.334162
0.182993
0.130243
0.181711
0.414711
0.265356
0.101085
0.250092
0.171354
0.333189
0.20173
0.20111
