0.158749
0.153048
0.285446
0.21062
0.262953
0.194288
0.0435269
0.136428
0.202827
0.189997
0.167715
0.112487
0.120011
0.386307
0.219882
0.285632
0.259352
0.0782125
0.314779
0.318305
0.232867
0.308139
0.290345
0.204514
0.164478
0.223449
0.166349
0.282229
0.287228
0.241956
0.408938
0.116149
0.245722
0.27507
0.172462
0.317093
0.029397
0.40192
0.103186
0.253112
0.37811
0.380107
0.190753
0.415775
0.358921
0.351342
0.279748
0.253241
0.338645
0.188407
0.381175
0.26693
0.239363
0.290465
0.199642
0.297448
0.175578
0.332751
0.257309
0.128917
0.368115
0.06318
0.239929
0.326273
0.183641
0.219013
0.159912
0.147912
0.210341
0.245554
0.207494
0.194307
0.394477
0.125912
0.265292
0.465945
0.179808
0.174947
0.291367
0.371067
0.187601
0.213404
0.18842
0.245392
0.181514
0.124651
0.205484
0.141535
0.296209
0.136946
0.115098
0.16336
0.158058
0.204897
0.0912276
0.253576
0.155762
0.161913
0.395609
0.287753
