0.179177
0.0877798
0.0997357
0.258219
0.223529
0.175795
0.165875
0.133593
0.177545
0.248122
0.335655
0.224232
0.134604
0.300262
0.124792
0.297816
0.333658
0.255682
0.333292
0.159345
0.170687
0.362992
0.141792
0.167303
0.28654
0.114629
0.175979
0.521988
0.266211
0.0700969
0.201609
0.374805
0.370469
0.138601
0.384202
0.326312
0.351574
0.197783
0.160909
0.317782
0.339941
0.239685
0.136999
0.235902
0.144998
0.2454
0.325887
0.295787
0.219004
0.329719
0.0967068
0.28385
0.111091
0.162066
0.0624476
0.18027
0.243111
0.0940899
0.12571
0.186644
0.307159
0.220495
0.219076
0.148414
0.230464
0.326546
0.262385
0.335652
0.258571
0.246421
0.17569
0.222676
0.26371
0.110734
0.169754
0.540822
0.397345
0.164471
0.321669
0.226252
0.068262
0.265094
0.184169
0.0794399
0.225654
0.312534
0.25686
0.299802
0.109706
0.250838
0.355207
0.191477
0.168846
0.393729
0.162413
0.221267
0.336207
0.190516
0.294373
0.202592
