0.237476
0.216102
0.204267
0.1469
0.141918
0.234871
0.193301
0.351955
0.295912
0.157683
0.216629
0.222495
0.150362
0.210139
0.240284
0.145879
0.117285
0.105899
0.241156
0.395923
0.168648
0.236621
0.327836
0.320142
0.298353
0.375919
0.199838
0.186275
0.283415
0.341416
0.184884
0.144923
0.173428
0.0807056
0.0745619
0.163594
0.263703
0.144114
0.342846
0.298405
0.328299
0.127408
0.113112
0.230946
0.415232
0.231231
0.201943
0.267208
0.356559
0.261053
0.344888
0.140386
0.244562
0.163505
0.142421
0.127311
0.285755
0.408083
0.227226
0.126711
0.308768
0.192354
0.505823
0.181188
0.196174
0.250437
0.219996
0.141984
0.355161
0.159014
0.359575
0.389449
0.397511
0.136132
0.239205
0.300498
0.209578
0.320034
0.291858
0.184708
0.102206
0.201865
0.320934
0.174144
0.289292
0.267779
0.262743
0.13954
0.223127
0.111289
0.257712
0.125087
0.236688
0.237472
0.163883
0.0896417
0.163504
0.215957
0.35074
0.45276
