0.305388
0.139384
0.154392
0.284972
0.280882
0.219985
0.347262
0.26014
0.101451
0.108504
0.394342
0.396712
0.287317
0.447909
0.247406
0.183672
0.305992
0.120572
0.267104
0.327138
0.149119
0.280911
0.305674
0.326246
0.361283
0.255981
0.265785
0.0724832
0.195122
0.306721
0.41865
0.0902944
0.277352
0.196403
0.290608
0.311689
0.184869
0.137221
0.150334
0.169555
0.24818
0.367887
0.0417897
0.49806
0.265003
0.269864
0.122304
0.306999
0.231465
0.0783331
0.204613
0.167212
0.115215
0.261418
0.187032
0.105326
0.225239
0.230214
0.101997
0.0830943
0.218453
0.379378
0.310067
0.223913
0.125257
0.193019
0.0656946
0.191532
0.320182
0.379385
0.224007
0.119955
0.0265741
0.071793
0.316803
0.261494
0.0759778
0.377928
0.234207
0.266942
0.378831
0.187777
0.305642
0.098305
0.291941
0.220989
0.0597838
0.183861
0.152705
0.301402
0.143015
0.315898
0.146414
0.370436
0.291434
0.0828197
0.12739
0.354047
0.231713
0.155598
