0.308313
0.18692
0.371544
0.284112
0.0757479
0.266066
0.236784
0.198192
0.121642
0.268995
0.32556
0.14476
0.172008
0.196674
0.236912
0.126913
0.275909
0.226105
0.238977
0.318804
0.205594
0.150483
0.196977
0.228153
0.189129
0.316342
0.251925
0.252181
0.450266
0.252085
0.231353
0.174906
0.143159
0.184149
0.228531
0.156534
0.128342
0.287308
0.199679
0.359949
0.155005
0.223075
0.146335
0.33441
0.276516
0.346216
0.22012
0.220627
0.350267
0.322721
0.189176
0.2367
0.223116
0.206762
0.211388
0.155477
0.150008
0.269041
0.243248
0.0788178
0.351894
0.201472
0.313751
0.215114
0.129796
0.256163
0.320354
0.175645
0.364413
0.380764
0.227546
0.0961147
0.340066
0.22609
0.262062
0.37248
0.326429
0.303239
0.142067
0.295867
0.35545
0.140692
0.239994
0.131098
0.126591
0.176944
0.252911
0.183572
0.358213
0.0652422
0.164179
0.25677
0.157151
0.166353
0.202258
0.513571
0.317474
0.0719466
0.316874
0.283271
