0.15622
0.138844
0.216987
0.287685
0.154311
0.151128
0.243903
0.0792993
0.190656
0.46297
0.13856
0.108757
0.331398
0.40074
0.157975
0.342612
0.182313
0.204154
0.387531
0.158981
0.166844
0.188746
0.29338
0.342258
0.120227
0.178525
0.347341
0.184535
0.343724
0.12329
0.330771
0.256639
0.240019
0.153202
0.0827679
0.24245
0.344787
0.27124
0.225327
0.145664
0.229553
0.191136
0.188336
0.251169
0.368912
0.315073
0.104329
0.172292
0.161822
0.258204
0.288432
0.111225
0.214777
0.226973
0.164968
0.276617
0.311326
0.386565
0.152028
0.409088
0.0680214
0.138602
0.349089
0.282426
0.496723
0.247799
0.42497
0.37846
0.0577353
0.341209
0.177297
0.231594
0.262945
0.293268
0.10013
0.346805
0.240669
0.20336
0.480628
0.264426
0.0919108
0.346881
0.141462
0.284127
0.218408
0.101818
0.30513
0.122592
0.151992
0.178858
0.115901
0.117382
0.151438
0.19499
0.094465
0.225749
0.177363
0.290404
0.177292
0.217704
