0.212545
0.298398
0.126351
0.270918
0.296668
0.499427
0.344978
0.279358
0.185778
0.373101
0.167889
0.254548
0.209058
0.110182
0.249491
0.12669
0.276592
0.366929
0.270118
0.172495
0.129927
0.177828
0.219096
0.272263
0.264351
0.147046
0.455018
0.257217
0.135999
0.276303
0.480494
0.286487
0.218534
0.193631
0.133417
0.188477
0.464579
0.241272
0.0700027
0.133661
0.156391
0.0521207
0.278291
0.431891
0.306319
0.0621579
0.17998
0.219065
0.196739
0.0797746
0.123865
0.151575
0.379817
0.148695
0.218593
0.20879
0.104447
0.199992
0.316311
0.342583
0.447548
0.326072
0.165963
0.202704
0.270066
0.252245
0.175607
0.165099
0.357308
0.276612
0.243919
0.131239
0.303144
0.104365
0.187108
0.184217
0.265646
0.141126
0.133647
0.181782
0.0923572
0.11469
0.138696
0.307033
0.111567
0.206365
0.162927
0.406113
0.254358
0.152701
0.492942
0.26648
0.342288
0.0810043
0.179611
0.201528
0.292962
0.159354
0.12458
0.221458
