0.301269
0.135238
0.103677
0.223945
0.263028
0.0907139
0.360376
0.319871
0.265484
0.223091
0.251326
0.405848
0.246624
0.246664
0.17819
0.230964
0.140303
0.26564
0.153968
0.102701
0.165557
0.199216
0.363716
0.230197
0.179101
0.191367
0.199707
0.31585
0.189762
0.565073
0.345873
0.261624
0.234994
0.246464
0.189737
0.193802
0.167249
0.199345
0.193173
0.40122
0.111704
0.305584
0.332895
0.150127
0.257679
0.213952
0.179055
0.364782
0.29022
0.224865
0.119794
0.249943
0.187319
0.22026
0.241093
0.306218
0.153056
0.182512
0.143698
0.197791
0.441598
0.391862
0.269931
0.393611
0.096615
0.19832
0.138243
0.0316126
0.0556953
0.360209
0.171746
0.18333
0.183183
0.109476
0.101399
0.119893
0.306925
0.132557
0.131875
0.125443
0.258004
0.0724236
0.196727
0.385135
0.424325
0.106714
0.256058
0.244926
0.259046
0.168281
0.237448
0.205146
0.310176
0.561865
0.30587
0.245862
0.140241
0.190696
0.240412
0.213592
