0.0564504
0.0654771
0.215384
0.119764
0.443485
0.20638
0.16468
0.292306
0.356044
0.19591
0.265958
0.219807
0.144668
0.376372
0.399134
0.303554
0.126454
0.22951
0.171667
0.278637
0.272162
0.241854
0.092736
0.258998
0.308439
0.234231
0.0217457
0.393426
0.405305
0.358926
0.196385
0.459517
0.23036
0.212722
0.251801
0.151061
0.19523
0.294639
0.209285
0.340255
0.216963
0.298794
0.185448
0.286077
0.165845
0.204583
0.190264
0.266266
0.144103
0.226591
0.127971
0.18841
0.188558
0.513264
0.234466
0.240856
0.307107
0.244616
0.407235
0.148045
0.234023
0.3422
0.252267
0.215659
0.347176
0.258175
0.173364
0.155267
0.165658
0.342469
0.196464
0.232636
0.255517
0.111841
0.340911
0.239348
0.0972258
0.157034
0.128846
0.32399
0.239467
0.300416
0.179897
0.236437
0.159749
0.237027
0.0721527
0.166564
0.107161
0.248524
0.140033
0.140469
0.124369
0.298933
0.13367
0.204879
0.428065
0.201429
0.277994
0.164357
