0.112425
0.226271
0.22081
0.135961
0.11868
0.213843
0.157197
0.242159
0.15839
0.109953
0.0696847
0.132495
0.228974
0.300873
0.381839
0.184549
0.379498
0.171737
0.267623
0.110203
0.149119
0.106892
0.305674
0.244114
0.127144
0.165343
0.160709
0.519482
0.206794
0.152634
0.37265
0.157353
0.279495
0.115878
0.290608
0.321811
0.458644
0.137221
0.271066
0.212108
0.317044
0.190024
0.235638
0.205579
0.208804
0.293556
0.216662
0.147243
0.261952
0.0993444
0.294023
0.167212
0.175539
0.0962711
0.392126
0.2494
0.239301
0.137439
0.189271
0.159726
0.297684
0.419801
0.310067
0.290266
0.248551
0.291212
0.17589
0.0701904
0.203805
0.170213
0.131922
0.295477
0.174853
0.185504
0.280717
0.459601
0.195952
0.315296
0.217944
0.199425
0.376109
0.221164
0.216572
0.401904
0.351346
0.192483
0.0597838
0.263415
0.160988
0.112072
0.100192
0.471967
0.296881
0.351426
0.164189
0.233951
0.286603
0.17437
0.382733
0.308468
