0.376689
0.30105
0.203966
0.271585
0.210404
0.186983
0.184323
0.258141
0.210071
0.129639
0.211137
0.175603
0.253179
0.319628
0.151586
0.472493
0.377109
0.186966
0.192819
0.174578
0.276692
0.103795
0.2521
0.169558
0.104922
0.27433
0.329207
0.145779
0.228465
0.303043
0.259787
0.165011
0.204825
0.201148
0.43399
0.119946
0.0433102
0.214406
0.0399137
0.15831
0.160167
0.315694
0.134425
0.403739
0.131852
0.347228
0.0965205
0.240159
0.432215
0.164441
0.204992
0.363312
0.117239
0.382697
0.109554
0.0458881
0.0756968
0.194814
0.354596
0.313967
0.130925
0.395773
0.271371
0.180623
0.215499
0.296999
0.2985
0.159118
0.176156
0.230863
0.296855
0.288335
0.371987
0.34381
0.144071
0.197897
0.210632
0.202597
0.125789
0.162713
0.29188
0.0866217
0.271556
0.543036
0.122282
0.110887
0.346032
0.136148
0.257719
0.510037
0.197389
0.255531
0.178778
0.194731
0.146306
0.215604
0.276389
0.137396
0.225513
0.150638
