0.222199
0.110847
0.217431
0.298599
0.264364
0.153163
0.251719
0.50745
0.241641
0.108137
0.240473
0.168306
0.279261
0.342668
0.440808
0.139395
0.156429
0.177969
0.358169
0.0987281
0.314287
0.229596
0.333489
0.253073
0.0716199
0.336542
0.128005
0.454956
0.163903
0.251027
0.315834
0.182288
0.0706926
0.164061
0.28116
0.306119
0.202779
0.124317
0.293958
0.0463392
0.126218
0.22003
0.225783
0.130983
0.144834
0.270508
0.386107
0.136705
0.404328
0.120641
0.32747
0.204261
0.125598
0.286417
0.225507
0.145099
0.17682
0.183629
0.363188
0.165433
0.0792294
0.370588
0.267781
0.318776
0.153532
0.177373
0.425374
0.26381
0.0762113
0.200503
0.194579
0.0743099
0.237872
0.292991
0.336726
0.0809701
0.165897
0.289327
0.108554
0.436508
0.0972964
0.137005
0.110932
0.241146
0.126803
0.171099
0.192851
0.292472
0.237764
0.244667
0.588146
0.168813
0.244241
0.183654
0.1093
0.100639
0.403996
0.170878
0.333143
0.239406
