0.254593
0.15733
0.202937
0.111494
0.14909
0.219452
0.486271
0.344156
0.201872
0.186716
0.358421
0.157095
0.212783
0.309915
0.347249
0.26633
0.124433
0.153944
0.205253
0.30248
0.327626
0.349614
0.277269
0.33235
0.240461
0.32268
0.0968715
0.189263
0.113856
0.192225
0.221122
0.0657536
0.132426
0.106305
0.334491
0.0968346
0.263969
0.13061
0.202697
0.212948
0.239489
0.256045
0.111771
0.269603
0.308026
0.119386
0.326748
0.223275
0.282367
0.214492
0.133633
0.22034
0.267853
0.142428
0.139525
0.342133
0.268602
0.158168
0.345689
0.119468
0.15367
0.262221
0.173128
0.270632
0.120941
0.287739
0.227164
0.391486
0.122024
0.213435
0.332697
0.248085
0.153282
0.211371
0.157997
0.172421
0.159168
0.162819
0.206264
0.378995
0.302874
0.152341
0.277777
0.0540647
0.268266
0.114914
0.0836172
0.267587
0.471786
0.144104
0.24935
0.315168
0.330688
0.334695
0.439023
0.379167
0.261079
0.383414
0.162355
0.341597
