0.0682898
0.217843
0.17834
0.0994258
0.112353
0.386199
0.364756
0.162958
0.213919
0.266009
0.335254
0.110295
0.162603
0.151653
0.264225
0.204141
0.362952
0.271098
0.253478
0.303977
0.221061
0.260076
0.0964777
0.165702
0.133631
0.173926
0.173556
0.262957
0.193373
0.296482
0.257924
0.188134
0.291216
0.154482
0.0612501
0.221708
0.0797367
0.374496
0.099755
0.218175
0.345728
0.122521
0.144035
0.172705
0.292535
0.244985
0.283903
0.200436
0.18406
0.265563
0.291005
0.494925
0.29968
0.122754
0.0977462
0.130704
0.385722
0.181217
0.396354
0.137852
0.309226
0.181884
0.210664
0.165052
0.165142
0.348858
0.294164
0.288081
0.234357
0.142386
0.468302
0.177471
0.215092
0.38423
0.257513
0.13033
0.115124
0.179654
0.225542
0.104427
0.254818
0.133467
0.420329
0.266231
0.321038
0.269104
0.205066
0.277406
0.337209
0.351127
0.166502
0.326201
0.108186
0.163626
0.268311
0.328717
0.325713
0.258903
0.280293
0.327306
