0.199436
0.184214
0.208765
0.275685
0.118102
0.300173
0.302336
0.187404
0.220418
0.100841
0.282677
0.191742
0.247781
0.243109
0.111994
0.177808
0.300136
0.262692
0.215626
0.326117
0.324899
0.160863
0.113028
0.4081
0.392842
0.28474
0.255155
0.0809582
0.272069
0.302154
0.143389
0.0430006
0.17251
0.0405782
0.40998
0.203079
0.439879
0.269447
0.201487
0.230873
0.314095
0.329174
0.371443
0.190651
0.2125
0.236431
0.356741
0.234316
0.197218
0.360527
0.102003
0.239926
0.213408
0.130042
0.0555571
0.257601
0.284237
0.149981
0.161032
0.331541
0.243119
0.419845
0.462971
0.145591
0.205456
0.318564
0.238791
0.200096
0.151382
0.253938
0.167704
0.181891
0.29217
0.272197
0.348316
0.268007
0.113148
0.339192
0.17796
0.141063
0.249478
0.185783
0.0781937
0.117746
0.245913
0.288089
0.115998
0.329744
0.292363
0.267926
0.234921
0.124967
0.24905
0.134458
0.381018
0.128738
0.181372
0.325279
0.157178
0.295612
