0.214916
0.126179
0.429651
0.249164
0.121358
0.250939
0.0849229
0.180282
0.349841
0.313577
0.0383412
0.3571
0.288856
0.122235
0.179954
0.0958682
0.101384
0.282166
0.193741
0.182149
0.295273
0.330312
0.269269
0.254252
0.0844238
0.0798408
0.147092
0.387524
0.183745
0.0986369
0.243123
0.27597
0.324186
0.18525
0.183584
0.218654
0.182574
0.256768
0.161928
0.261706
0.341744
0.294141
0.340845
0.247567
0.247424
0.405389
0.307481
0.169264
0.115274
0.185056
0.264096
0.111222
0.193067
0.240754
0.13362
0.256596
0.420278
0.0922263
0.359781
0.27471
0.196557
0.0929933
0.262602
0.280336
0.159123
0.220048
0.10405
0.164547
0.201452
0.247332
0.196291
0.122857
0.265801
0.154754
0.204118
0.448737
0.169484
0.206097
0.257365
0.05928
0.368941
0.341289
0.220502
0.181835
0.30305
0.235585
0.324198
0.288137
0.321316
0.269037
0.478401
0.188928
0.284567
0.099321
0.26997
0.40075
0.278345
0.400081
0.106016
0.0973426
