0.180942
0.291805
0.154976
0.387745
0.120658
0.172112
0.287181
0.122442
0.140014
0.131021
0.283596
0.334416
0.297862
0.168949
0.228598
0.188436
0.193577
0.0894253
0.323141
0.114934
0.101887
0.270636
0.259345
0.10368
0.336211
0.260385
0.273619
0.189488
0.221908
0.183008
0.192417
0.297421
0.289489
0.324111
0.234758
0.144473
0.276435
0.169703
0.321978
0.224354
0.298049
0.207783
0.247684
0.286957
0.162342
0.186824
0.211968
0.121032
0.274989
0.223871
0.125623
0.331282
0.261654
0.401885
0.201916
0.347152
0.0817735
0.447912
0.155565
0.16523
0.202458
0.180555
0.161219
0.272077
0.19395
0.396593
0.116634
0.168998
0.160575
0.159796
0.108817
0.232507
0.147463
0.413629
0.0670057
0.448656
0.429527
0.36073
0.408756
0.108954
0.185122
0.420928
0.173684
0.347916
0.319943
0.135505
0.37048
0.0915587
0.394319
0.277224
0.158847
0.295302
0.165368
0.277599
0.215203
0.231612
0.103223
0.206766
0.171257
0.233582
