0.180765
0.256898
0.209529
0.528863
0.205306
0.266668
0.208952
0.261352
0.146547
0.309552
0.197231
0.172352
0.156132
0.354545
0.14802
0.169848
0.274277
0.229707
0.0999725
0.118806
0.172193
0.249786
0.183142
0.296569
0.24586
0.181191
0.226883
0.254172
0.159228
0.0890517
0.169167
0.137248
0.478049
0.144294
0.29995
0.178246
0.329374
0.28074
0.0911323
0.172656
0.265624
0.382381
0.133459
0.0974976
0.301231
0.146036
0.0601319
0.138728
0.256366
0.0796233
0.285399
0.199027
0.224307
0.215855
0.186418
0.282207
0.246776
0.266822
0.184364
0.290233
0.119235
0.20087
0.298109
0.0652554
0.316066
0.150413
0.299253
0.264767
0.293256
0.145196
0.188833
0.275904
0.270076
0.24426
0.614448
0.271618
0.208182
0.160732
0.257707
0.262665
0.227545
0.122315
0.187234
0.253528
0.27039
0.152006
0.42706
0.223777
0.270175
0.404227
0.130082
0.0907369
0.273931
0.44993
0.14822
0.420634
0.119344
0.354418
0.172685
0.300289
