0.280925
0.153048
0.251385
0.21062
0.221874
0.180261
0.166116
0.136428
0.202827
0.244596
0.167715
0.16271
0.116395
0.386307
0.219882
0.0962953
0.31805
0.1484
0.436586
0.344166
0.237747
0.308139
0.121972
0.2296
0.164478
0.352676
0.151538
0.189446
0.287228
0.368541
0.341905
0.458841
0.358652
0.183673
0.147638
0.216395
0.029397
0.264463
0.103186
0.253112
0.243402
0.217514
0.104629
0.193769
0.253298
0.191742
0.424574
0.376286
0.364281
0.158751
0.258696
0.442675
0.239363
0.290465
0.196129
0.297448
0.413235
0.332751
0.257309
0.131431
0.309384
0.160844
0.239929
0.373652
0.332283
0.0295027
0.272914
0.147912
0.107119
0.248369
0.207494
0.194307
0.239519
0.125912
0.2588
0.158091
0.179808
0.289434
0.320409
0.312669
0.187601
0.213404
0.212354
0.386037
0.19405
0.131989
0.276666
0.141535
0.296209
0.193419
0.115098
0.16336
0.158058
0.248794
0.0912276
0.253576
0.199167
0.257185
0.135434
0.287753
