0.296466
0.235245
0.324254
0.273844
0.306568
0.422015
0.142187
0.217867
0.220163
0.202896
0.374358
0.38969
0.209348
0.132788
0.441098
0.242928
0.286052
0.239224
0.278672
0.175689
0.121126
0.414314
0.37399
0.399604
0.36585
0.261545
0.0696721
0.173217
0.182417
0.182888
0.124158
0.329698
0.469495
0.310542
0.0501266
0.176324
0.180003
0.284963
0.289941
0.0844405
0.221854
0.117436
0.235363
0.239692
0.265278
0.127234
0.277849
0.214594
0.167446
0.157467
0.149993
0.36886
0.124617
0.303267
0.129575
0.102226
0.126926
0.283497
0.0665121
0.225272
0.279251
0.195651
0.305398
0.243074
0.189329
0.259173
0.210864
0.115659
0.299365
0.264004
0.167292
0.342276
0.20094
0.350911
0.212841
0.272233
0.133678
0.279385
0.146863
0.318294
0.279343
0.253595
0.266442
0.289918
0.359456
0.0137412
0.0647394
0.127949
0.142336
0.303751
0.160775
0.159065
0.15956
0.168003
0.0982382
0.118762
0.265039
0.336179
0.394213
0.165165
