0.257521
0.0836211
0.162548
0.40302
0.231976
0.191006
0.260411
0.313916
0.228927
0.15167
0.28005
0.202745
0.0463966
0.277469
0.109509
0.23577
0.272344
0.22628
0.0823605
0.39335
0.311194
0.423391
0.276466
0.0844397
0.152034
0.419495
0.372717
0.260129
0.365383
0.160545
0.265084
0.345901
0.204384
0.237351
0.305688
0.369049
0.350681
0.367032
0.240839
0.159449
0.160953
0.222137
0.25787
0.184975
0.109066
0.27791
0.133152
0.345453
0.0974283
0.203744
0.325261
0.148426
0.332491
0.331261
0.31967
0.240431
0.112247
0.300603
0.108125
0.27471
0.108643
0.0869422
0.118917
0.135079
0.104124
0.182865
0.518607
0.159448
0.361661
0.274509
0.102137
0.185193
0.178099
0.249021
0.158265
0.1025
0.286382
0.341738
0.30372
0.21072
0.0942158
0.172995
0.151921
0.197382
0.0791763
0.209284
0.304552
0.410454
0.246322
0.256687
0.189526
0.409567
0.287166
0.142233
0.17554
0.236626
0.232727
0.0650408
0.0794337
0.255459
