0.337795
0.144583
0.216987
0.326358
0.0411801
0.18235
0.46819
0.304497
0.193788
0.465472
0.40752
0.283938
0.28495
0.210216
0.180318
0.269493
0.211026
0.100283
0.154158
0.269919
0.0953232
0.293346
0.307545
0.454893
0.235843
0.201966
0.241727
0.298553
0.148026
0.115343
0.0768422
0.237582
0.249179
0.0864454
0.329678
0.293259
0.125001
0.167355
0.166908
0.350287
0.318765
0.233235
0.261718
0.322762
0.138035
0.308797
0.360935
0.20238
0.291167
0.258997
0.228363
0.0545371
0.0948369
0.154086
0.128004
0.299029
0.319818
0.259053
0.146012
0.582065
0.119014
0.284716
0.160217
0.344415
0.24956
0.175039
0.274904
0.223008
0.0679444
0.268953
0.0841233
0.204818
0.133595
0.361738
0.165573
0.0903454
0.184255
0.264996
0.176621
0.15455
0.140411
0.246611
0.068195
0.289425
0.306905
0.273486
0.357794
0.135434
0.0703447
0.27049
0.194166
0.117135
0.13813
0.195617
0.195953
0.231446
0.427038
0.272602
0.127419
0.287379
