0.196386
0.18928
0.249695
0.195866
0.140531
0.108617
0.408409
0.470415
0.14785
0.452156
0.108048
0.315542
0.196991
0.0804698
0.296941
0.291329
0.273317
0.13568
0.24227
0.151419
0.39763
0.350671
0.204284
0.235481
0.354993
0.159697
0.317033
0.132017
0.317307
0.189199
0.0820427
0.346561
0.311484
0.367233
0.20427
0.140201
0.119576
0.376375
0.282774
0.219382
0.180823
0.271746
0.109108
0.159442
0.414564
0.295426
0.302354
0.240239
0.205217
0.357298
0.287002
0.136334
0.102432
0.315033
0.419579
0.279749
0.252249
0.188872
0.097467
0.32822
0.215825
0.251649
0.237664
0.0829267
0.273995
0.201151
0.0783322
0.0640634
0.249606
0.384295
0.177335
0.2792
0.265865
0.274177
0.186905
0.115391
0.338432
0.301055
0.246941
0.0844879
0.227529
0.313031
0.171203
0.107647
0.212816
0.20392
0.11438
0.174414
0.169267
0.0588046
0.194362
0.0722805
0.169444
0.378191
0.253597
0.0596763
0.359042
0.303517
0.178487
0.241616
