0.17997
0.121017
0.282564
0.1784
0.259396
0.0648128
0.381976
0.279353
0.204081
0.302127
0.237013
0.132966
0.199185
0.18408
0.462893
0.13269
0.1988
0.476079
0.132827
0.0678405
0.185916
0.14776
0.253845
0.167231
0.207248
0.170125
0.302661
0.36414
0.227322
0.153603
0.340614
0.248362
0.206915
0.28685
0.125535
0.188344
0.329569
0.225684
0.362412
0.172272
0.0836842
0.392851
0.0970073
0.396868
0.228489
0.342554
0.191821
0.0915303
0.300661
0.192439
0.23551
0.283581
0.196742
0.247786
0.38495
0.104847
0.198722
0.274733
0.160401
0.308036
0.114319
0.367815
0.218087
0.200948
0.259094
0.131023
0.0978393
0.226829
0.218357
0.290935
0.239741
0.239823
0.132632
0.54396
0.311742
0.131019
0.184714
0.183601
0.218851
0.295339
0.149245
0.306959
0.332383
0.241432
0.236807
0.276499
0.286127
0.153624
0.0461449
0.197532
0.352727
0.224594
0.287913
0.110649
0.199534
0.303439
0.324287
0.283511
0.212891
0.205993
