0.320746
0.332155
0.325754
0.212511
0.280226
0.165923
0.0764347
0.306283
0.168121
0.324016
0.313151
0.126378
0.37211
0.274129
0.285376
0.0588065
0.102339
0.277041
0.243094
0.197131
0.302647
0.158076
0.135542
0.331432
0.346523
0.202597
0.211377
0.185701
0.258327
0.229693
0.0665209
0.175456
0.166105
0.296432
0.140757
0.385716
0.230919
0.384842
0.435029
0.264223
0.327458
0.245542
0.207365
0.12261
0.267421
0.206403
0.266188
0.0808125
0.202641
0.265346
0.262277
0.397948
0.394576
0.337329
0.183397
0.372405
0.116014
0.195004
0.15752
0.0970107
0.276838
0.102428
0.331446
0.169588
0.271796
0.31147
0.167096
0.0218392
0.339892
0.101675
0.296056
0.28513
0.263272
0.267713
0.152602
0.400683
0.344972
0.139044
0.321559
0.149061
0.19824
0.202163
0.147609
0.107793
0.13001
0.142013
0.250349
0.131249
0.106636
0.236296
0.380326
0.229998
0.316686
0.111258
0.277629
0.0523045
0.34734
0.17026
0.365234
0.0433172
