0.0344784
0.0924036
0.276028
0.41818
0.331869
0.207814
0.411639
0.269114
0.0952426
0.133166
0.124232
0.277154
0.0929195
0.20628
0.238936
0.0835785
0.316918
0.396678
0.195384
0.398875
0.455939
0.167209
0.298566
0.201483
0.114544
0.302311
0.216793
0.0792998
0.348495
0.27162
0.193356
0.205617
0.11049
0.128454
0.300053
0.365485
0.163439
0.124897
0.151458
0.231962
0.278765
0.185727
0.175872
0.175097
0.186876
0.130741
0.144314
0.203277
0.335414
0.185118
0.1992
0.157343
0.0702614
0.213263
0.356711
0.23175
0.187729
0.284275
0.245635
0.220083
0.220154
0.23772
0.339408
0.323911
0.311024
0.329383
0.213364
0.253469
0.211233
0.219185
0.19551
0.224977
0.193309
0.125732
0.135529
0.243668
0.251305
0.393064
0.214022
0.151152
0.124474
0.234574
0.371549
0.136128
0.178212
0.363438
0.17479
0.338465
0.386261
0.369578
0.285938
0.266097
0.156
0.221304
0.311313
0.277575
0.453734
0.158641
0.214623
0.204984
