0.361011
0.195334
0.393951
0.159804
0.150726
0.425614
0.34024
0.28783
0.178916
0.260753
0.220384
0.273306
0.14558
0.197521
0.14576
0.0360822
0.233428
0.291183
0.36324
0.234171
0.227752
0.242764
0.306786
0.221615
0.30861
0.268823
0.163162
0.24334
0.195259
0.276709
0.255507
0.164828
0.325419
0.0828027
0.160484
0.350534
0.209813
0.266076
0.214089
0.224442
0.126967
0.389399
0.274063
0.460397
0.404268
0.281278
0.255887
0.0983856
0.116766
0.329966
0.23339
0.337839
0.295461
0.152903
0.263081
0.260947
0.305465
0.249208
0.288487
0.0723053
0.35198
0.386993
0.252489
0.119207
0.231376
0.19518
0.267028
0.433415
0.303183
0.113111
0.091747
0.15685
0.230346
0.160416
0.323452
0.127261
0.246714
0.266742
0.330297
0.281321
0.152211
0.162298
0.1555
0.0947483
0.159597
0.144232
0.249647
0.235691
0.102207
0.187778
0.248897
0.0996367
0.0269691
0.127772
0.218658
0.0886802
0.209435
0.318472
0.309084
0.292994
