0.27122
0.176117
0.27798
0.15023
0.306197
0.251177
0.279137
0.395295
0.219322
0.0487373
0.158399
0.215109
0.15971
0.315005
0.184179
0.384346
0.30235
0.0760478
0.0974448
0.265123
0.251792
0.237802
0.316676
0.13402
0.376748
0.210357
0.0443528
0.0431852
0.156997
0.346032
0.492759
0.243396
0.213896
0.24971
0.334593
0.307506
0.325441
0.28219
0.182426
0.324997
0.259035
0.255948
0.249165
0.245254
0.236868
0.297914
0.148973
0.453973
0.324922
0.311129
0.14042
0.469816
0.145132
0.200505
0.289194
0.0993278
0.272174
0.192966
0.203904
0.319801
0.184268
0.215913
0.161311
0.129099
0.306362
0.262304
0.316021
0.242432
0.164445
0.0542046
0.173852
0.435145
0.319766
0.220416
0.157757
0.293814
0.15048
0.269981
0.192505
0.219133
0.221211
0.102643
0.154805
0.255437
0.0562715
0.132022
0.25199
0.324709
0.24709
0.176432
0.203414
0.239532
0.144518
0.160751
0.128617
0.145538
0.245257
0.316719
0.341481
0.1657
