0.127279
0.0808605
0.161904
0.216057
0.385794
0.288916
0.266082
0.353894
0.143313
0.277112
0.197166
0.390141
0.120947
0.409734
0.426942
0.146444
0.0685914
0.141338
0.209474
0.350559
0.416122
0.355786
0.260366
0.15969
0.160508
0.268636
0.300031
0.141403
0.22826
0.297167
0.180207
0.339048
0.373405
0.173446
0.148877
0.210156
0.120514
0.10306
0.131034
0.299462
0.128222
0.342646
0.204184
0.0973404
0.167329
0.124421
0.220664
0.297906
0.295502
0.385157
0.087131
0.239314
0.215637
0.278749
0.423978
0.0948396
0.325107
0.256708
0.121175
0.266517
0.227939
0.282175
0.228856
0.367689
0.0523573
0.37905
0.164276
0.199614
0.224651
0.297491
0.102164
0.344102
0.350334
0.250469
0.442269
0.273677
0.0785159
0.334668
0.302425
0.30994
0.161684
0.265094
0.154471
0.0794399
0.195386
0.383804
0.223669
0.149224
0.303574
0.30839
0.205263
0.0904479
0.103575
0.0869675
0.185884
0.10962
0.164107
0.17286
0.213175
0.124939
