0.23797
0.228649
0.123718
0.534228
0.25796
0.311436
0.425233
0.221847
0.219446
0.303048
0.234446
0.368622
0.138107
0.238066
0.150541
0.453039
0.330386
0.0649237
0.151198
0.214882
0.211217
0.178532
0.208702
0.221783
0.129459
0.259369
0.284667
0.387557
0.218852
0.226593
0.0984583
0.251784
0.292032
0.117444
0.0407811
0.242649
0.299334
0.102437
0.227614
0.208126
0.254545
0.22745
0.123953
0.150932
0.204873
0.122005
0.197569
0.0973684
0.240451
0.200233
0.249675
0.308523
0.198995
0.220379
0.0632803
0.216203
0.140406
0.144636
0.176937
0.302896
0.205658
0.400533
0.2084
0.118442
0.15496
0.244637
0.0764438
0.168415
0.297723
0.339076
0.338031
0.239857
0.317014
0.0659263
0.21536
0.377614
0.154382
0.43529
0.249852
0.36718
0.430592
0.107675
0.201757
0.17565
0.104295
0.0950784
0.153182
0.340756
0.421476
0.300874
0.391728
0.253845
0.220897
0.208945
0.298717
0.262744
0.0495749
0.0969312
0.281287
0.293806
