0.170802
0.199947
0.246228
0.253056
0.483565
0.182747
0.219122
0.172857
0.167118
0.265136
0.30623
0.13117
0.170686
0.179303
0.425501
0.360873
0.259286
0.223779
0.216436
0.172562
0.138467
0.0862959
0.367361
0.207784
0.281894
0.31218
0.115113
0.249615
0.158531
0.161269
0.185118
0.3825
0.128501
0.177428
0.256938
0.214505
0.0386692
0.334806
0.371806
0.139337
0.193193
0.205628
0.160723
0.317405
0.195549
0.215
0.16894
0.0588251
0.297461
0.367262
0.118914
0.237861
0.302496
0.34984
0.428008
0.212025
0.135879
0.178605
0.331719
0.271507
0.317269
0.192186
0.21577
0.11688
0.315457
0.300801
0.184342
0.200764
0.235873
0.193041
0.131872
0.262123
0.0634885
0.250004
0.155144
0.349983
0.234552
0.254136
0.258091
0.0469745
0.179341
0.129262
0.135919
0.323819
0.187246
0.240983
0.246107
0.244228
0.164346
0.404047
0.383139
0.203649
0.29838
0.348778
0.369863
0.303433
0.309496
0.130379
0.296086
0.274901
