0.12217
0.0914127
0.148991
0.377435
0.136441
0.310848
0.229048
0.168
0.227258
0.575037
0.2089
0.35187
0.316498
0.372621
0.175572
0.206623
0.325847
0.14742
0.296227
0.160556
0.0574609
0.216088
0.283247
0.250293
0.348614
0.137909
0.218676
0.160228
0.191641
0.364911
0.338467
0.227323
0.37984
0.207977
0.100567
0.156534
0.171551
0.287588
0.358575
0.0622129
0.286928
0.38318
0.248954
0.187242
0.0987103
0.117263
0.0802943
0.211555
0.20013
0.244934
0.352223
0.260154
0.0912092
0.134002
0.118613
0.241604
0.146356
0.259387
0.217866
0.214559
0.390363
0.236367
0.318496
0.0583539
0.217664
0.288645
0.229577
0.246531
0.24173
0.335394
0.264775
0.127591
0.136641
0.428018
0.253688
0.232459
0.0747053
0.452124
0.199871
0.196498
0.224035
0.325672
0.487224
0.0713131
0.288101
0.110046
0.293726
0.13348
0.120094
0.243279
0.319179
0.302643
0.150769
0.0966673
0.0951154
0.253561
0.125922
0.193793
0.308122
0.191973
