0.24977
0.0770773
0.376393
0.145267
0.238078
0.245355
0.291173
0.279387
0.300959
0.288115
0.288797
0.241587
0.165138
0.255078
0.141745
0.174036
0.0253651
0.26077
0.174168
0.409403
0.310733
0.122884
0.385191
0.197488
0.22877
0.300842
0.536761
0.129916
0.18298
0.251705
0.0784027
0.203557
0.352044
0.130947
0.256632
0.348357
0.37349
0.114282
0.222799
0.237
0.0847257
0.313006
0.263246
0.137725
0.333185
0.186283
0.339078
0.139702
0.330938
0.118339
0.137858
0.292091
0.2242
0.0641396
0.105612
0.205449
0.100295
0.171319
0.211348
0.318738
0.225798
0.231721
0.293623
0.185527
0.272538
0.359415
0.262617
0.196604
0.277251
0.300532
0.177567
0.158606
0.287898
0.249606
0.345825
0.11462
0.301154
0.280354
0.427848
0.234362
0.248393
0.235156
0.14981
0.213779
0.0933317
0.311794
0.079528
0.0642575
0.169924
0.343295
0.19722
0.130344
0.3746
0.110604
0.0829384
0.128116
0.123553
0.208562
0.394893
0.448949
