0.186716
0.348059
0.190551
0.0901014
0.254192
0.167288
0.102964
0.337288
0.212753
0.221323
0.0799046
0.375204
0.456464
0.176939
0.331189
0.287781
0.242611
0.285013
0.320396
0.225287
0.0678446
0.28112
0.199196
0.278517
0.233752
0.203601
0.0447164
0.207886
0.279495
0.193702
0.152039
0.414148
0.125047
0.215137
0.25775
0.312589
0.384652
0.243637
0.263564
0.0655477
0.0805128
0.378934
0.153236
0.252855
0.226978
0.23186
0.110147
0.132921
0.0698202
0.286421
0.163387
0.130277
0.322691
0.105734
0.426309
0.201367
0.218923
0.260936
0.249948
0.061095
0.196517
0.363313
0.380564
0.135966
0.104659
0.291491
0.24238
0.210159
0.0973915
0.236195
0.34722
0.277638
0.199946
0.0837232
0.385922
0.223263
0.16277
0.333183
0.108614
0.183626
0.22923
0.170607
0.268993
0.313394
0.224897
0.431259
0.155155
0.288691
0.123792
0.234479
0.265005
0.0961405
0.417866
0.322969
0.226171
0.336913
0.339772
0.152266
0.312038
0.181405
