0.415631
0.324689
0.220517
0.226784
0.34553
0.21849
0.251146
0.381789
0.30287
0.198908
0.207712
0.285645
0.164562
0.382679
0.204762
0.321973
0.14222
0.386447
0.364599
0.138972
0.184839
0.164539
0.335751
0.221831
0.106607
0.233503
0.173949
0.121963
0.313089
0.127304
0.419544
0.109069
0.211447
0.248748
0.217222
0.113511
0.17034
0.178845
0.0923216
0.421168
0.147735
0.202203
0.250532
0.149365
0.134565
0.288329
0.348962
0.277979
0.534208
0.294115
0.134574
0.275623
0.321735
0.182177
0.242856
0.137155
0.240907
0.211019
0.32401
0.266951
0.243318
0.13341
0.169969
0.380011
0.26069
0.110634
0.131675
0.0888527
0.15281
0.175096
0.339911
0.454733
0.0930686
0.257316
0.0487019
0.158163
0.166854
0.173882
0.460998
0.143499
0.117724
0.125116
0.316831
0.121191
0.52119
0.290622
0.283333
0.155053
0.0808556
0.16494
0.192767
0.370957
0.185627
0.0741548
0.168705
0.0785239
0.211583
0.105235
0.217484
0.157638
