0.285108
0.105326
0.232448
0.2139
0.101105
0.174601
0.248216
0.169435
0.288462
0.0797723
0.108195
0.293466
0.419181
0.158624
0.161652
0.201088
0.190148
0.201405
0.260963
0.190382
0.289386
0.365089
0.2058
0.365391
0.160537
0.15937
0.309331
0.303564
0.389266
0.272334
0.325827
0.105392
0.165824
0.240257
0.340677
0.105564
0.128895
0.290797
0.251121
0.373106
0.0959035
0.436362
0.267955
0.0549207
0.25194
0.188687
0.211619
0.25489
0.221113
0.0789955
0.272256
0.299857
0.332267
0.203704
0.206391
0.218345
0.280014
0.19279
0.28426
0.159991
0.175452
0.211623
0.207915
0.220914
0.0901649
0.130158
0.183579
0.259072
0.266113
0.289603
0.261041
0.366946
0.257429
0.404736
0.500008
0.192701
0.312719
0.101896
0.301557
0.131862
0.468891
0.218266
0.155095
0.172838
0.211247
0.12698
0.251353
0.416386
0.123176
0.235328
0.219002
0.197584
0.0563506
0.378378
0.362737
0.152086
0.346014
0.0814663
0.126581
0.170797
