0.271297
0.0267071
0.249803
0.0933822
0.249098
0.111243
0.104011
0.174411
0.308372
0.200796
0.0985882
0.129875
0.171629
0.0761632
0.330144
0.267692
0.319463
0.502948
0.0769823
0.26967
0.0634597
0.0441487
0.312525
0.254646
0.195715
0.134625
0.168951
0.331578
0.157712
0.145801
0.314075
0.343313
0.0380294
0.234064
0.153445
0.137612
0.251234
0.187033
0.36074
0.306467
0.209685
0.169218
0.486186
0.172027
0.20304
0.2669
0.368473
0.100886
0.346709
0.447591
0.269222
0.326371
0.153974
0.120088
0.214394
0.291614
0.162135
0.42971
0.20279
0.0981567
0.249044
0.0840425
0.309208
0.237379
0.249913
0.251519
0.22082
0.185451
0.291238
0.322863
0.250589
0.12294
0.0761074
0.324454
0.445831
0.221018
0.13268
0.308654
0.278744
0.103057
0.10486
0.177875
0.129194
0.228712
0.333797
0.274005
0.288342
0.214449
0.250209
0.478803
0.23049
0.182469
0.213337
0.229612
0.325317
0.188888
0.239583
0.28546
0.317125
0.248114
