0.287888
0.257284
0.228577
0.379879
0.252475
0.286025
0.24193
0.168806
0.217087
0.086781
0.218837
0.104015
0.261271
0.352557
0.23779
0.354938
0.194272
0.127861
0.269367
0.0491683
0.0791356
0.249273
0.121977
0.246441
0.248291
0.449051
0.379152
0.218045
0.365533
0.215569
0.198521
0.148416
0.468791
0.0768755
0.310476
0.183588
0.0664368
0.157562
0.283739
0.174217
0.278169
0.239044
0.394558
0.374917
0.291478
0.288288
0.155562
0.0622878
0.291182
0.158256
0.153958
0.167186
0.331261
0.160808
0.273981
0.394114
0.154853
0.191014
0.1093
0.299839
0.253215
0.207471
0.230032
0.282961
0.328749
0.137431
0.30118
0.198727
0.423771
0.124242
0.0865659
0.323906
0.106692
0.186921
0.313451
0.265727
0.294221
0.163738
0.135775
0.278077
0.29765
0.273694
0.102188
0.200549
0.31441
0.247372
0.166425
0.159852
0.247099
0.167067
0.338403
0.237286
0.353647
0.383354
0.249326
0.145178
0.295918
0.110516
0.128585
0.116983
