0.195748
0.435278
0.575777
0.0844173
0.162016
0.354499
0.200147
0.521412
0.329659
0.0384875
0.0556601
0.178935
0.0715336
0.198217
0.162974
0.186529
0.25519
0.258847
0.23343
0.149974
0.316286
0.224332
0.0915012
0.246476
0.1592
0.285942
0.140338
0.252846
0.376241
0.183948
0.215143
0.309205
0.134095
0.311021
0.269704
0.314966
0.141887
0.318497
0.125553
0.204988
0.210427
0.292579
0.20914
0.211197
0.155087
0.263946
0.143266
0.157144
0.181917
0.116973
0.121882
0.37205
0.250656
0.332881
0.342981
0.132646
0.20443
0.207706
0.12767
0.352553
0.2749
0.11464
0.105933
0.146724
0.111967
0.110269
0.299562
0.347256
0.425872
0.109495
0.185702
0.193484
0.166292
0.20385
0.312598
0.198311
0.345337
0.160998
0.449186
0.128779
0.208003
0.176613
0.211448
0.245798
0.191138
0.166293
0.262371
0.0732075
0.435448
0.25408
0.0660389
0.191745
0.195669
0.273922
0.486834
0.359199
0.142841
0.197198
0.128178
0.338476
