0.228966
0.327349
0.42239
0.180556
0.133177
0.322178
0.201185
0.145555
0.245704
0.133241
0.0809908
0.141423
0.315143
0.173137
0.148948
0.191635
0.220829
0.260136
0.342523
0.309173
0.209299
0.295768
0.148552
0.207581
0.441116
0.213166
0.365708
0.0957047
0.17629
0.109436
0.204347
0.177015
0.398712
0.214907
0.207349
0.231284
0.302572
0.178875
0.295691
0.225268
0.233779
0.312129
0.185283
0.0387413
0.057924
0.3521
0.176366
0.211735
0.246073
0.24401
0.34508
0.605196
0.212972
0.212943
0.136024
0.167852
0.193691
0.237325
0.191322
0.162582
0.285333
0.224229
0.174452
0.148871
0.189661
0.170489
0.217755
0.283231
0.140243
0.164415
0.238469
0.364163
0.184779
0.355108
0.183045
0.231619
0.47686
0.15929
0.431944
0.134633
0.315562
0.186696
0.177056
0.270993
0.150893
0.169263
0.296419
0.186336
0.121727
0.35923
0.20452
0.331897
0.219588
0.304956
0.19311
0.126438
0.207008
0.330309
0.172067
0.347973
