0.308335
0.353574
0.271853
0.246202
0.226803
0.345054
0.265661
0.18021
0.384393
0.179051
0.287912
0.42688
0.146183
0.22881
0.264054
0.368765
0.271635
0.162126
0.157445
0.0645506
0.11002
0.30441
0.124699
0.16737
0.14276
0.237893
0.251828
0.334916
0.282706
0.239068
0.307888
0.260711
0.0552293
0.283242
0.059345
0.421684
0.122688
0.179673
0.133449
0.355195
0.377953
0.304121
0.201585
0.234053
0.20878
0.300949
0.146723
0.245116
0.306703
0.121479
0.21795
0.386941
0.17591
0.201821
0.33446
0.159406
0.0471752
0.368758
0.274971
0.11999
0.299475
0.220518
0.17203
0.254374
0.187614
0.206699
0.389334
0.201158
0.22004
0.182826
0.154964
0.237295
0.202214
0.291301
0.270506
0.183893
0.283868
0.283199
0.190187
0.177152
0.209119
0.288645
0.309867
0.180491
0.192154
0.29968
0.183927
0.0840639
0.137042
0.164661
0.279439
0.440542
0.24246
0.145658
0.275982
0.143844
0.240071
0.348608
0.259024
0.178288
