0.253653
0.231861
0.245456
0.148576
0.303023
0.257367
0.125669
0.211882
0.175161
0.269318
0.43907
0.263639
0.300713
0.162666
0.168542
0.296592
0.158777
0.337911
0.196238
0.275514
0.150516
0.239371
0.165215
0.176048
0.460655
0.337526
0.256178
0.268129
0.26194
0.287395
0.140342
0.178053
0.156919
0.268232
0.285539
0.097919
0.30724
0.0565176
0.349842
0.0264345
0.18853
0.216523
0.128897
0.416648
0.203502
0.0326272
0.298431
0.433106
0.224004
0.137663
0.201183
0.170393
0.149821
0.215619
0.207755
0.176128
0.158589
0.194509
0.110549
0.343859
0.26027
0.142002
0.362623
0.246155
0.104651
0.0723117
0.168526
0.188394
0.227701
0.245832
0.210058
0.224981
0.153677
0.29175
0.378668
0.294078
0.137779
0.22027
0.397712
0.108212
0.395548
0.212579
0.0604647
0.241031
0.138176
0.24383
0.246563
0.505382
0.23831
0.250397
0.450361
0.143946
0.179324
0.216052
0.236138
0.173076
0.306909
0.342723
0.327262
0.266189
