0.141558
0.263497
0.313077
0.350118
0.241379
0.306852
0.205091
0.188346
0.356247
0.295621
0.443927
0.0766569
0.215826
0.240467
0.219882
0.336381
0.201444
0.136085
0.33708
0.291646
0.192941
0.131304
0.246998
0.172245
0.260126
0.172652
0.479109
0.0868345
0.401846
0.343605
0.269487
0.295456
0.313591
0.0609971
0.215411
0.268402
0.362499
0.105265
0.221479
0.183254
0.236713
0.131884
0.277054
0.370551
0.16551
0.205894
0.37021
0.092246
0.146012
0.224928
0.258696
0.29934
0.235115
0.0668581
0.210902
0.252873
0.389286
0.490337
0.319562
0.164841
0.135684
0.160844
0.26688
0.318612
0.239607
0.151671
0.171896
0.139627
0.226558
0.17538
0.204228
0.197944
0.10838
0.406442
0.0889881
0.234333
0.171947
0.140832
0.383283
0.139577
0.155192
0.225066
0.363161
0.190096
0.380659
0.205172
0.135608
0.149642
0.244519
0.23185
0.181241
0.380388
0.171375
0.15512
0.17429
0.11573
0.24464
0.182853
0.177633
0.18666
