0.0666786
0.266901
0.431344
0.441999
0.331869
0.0517282
0.569134
0.269114
0.100826
0.186348
0.0561361
0.416043
0.0929195
0.39885
0.481289
0.174088
0.407599
0.365109
0.279697
0.233159
0.221163
0.233228
0.247409
0.155398
0.230881
0.302311
0.23697
0.150782
0.163766
0.0732287
0.234717
0.182365
0.184879
0.178198
0.236761
0.146201
0.163439
0.0524416
0.241344
0.128398
0.443935
0.236237
0.285514
0.234674
0.118745
0.0700925
0.139293
0.348626
0.373412
0.185118
0.194563
0.161804
0.0702614
0.125776
0.202618
0.295462
0.276567
0.187955
0.261186
0.275867
0.367531
0.0858167
0.263099
0.180313
0.240388
0.321117
0.287959
0.166302
0.211233
0.186481
0.193369
0.206139
0.173546
0.125732
0.106724
0.214364
0.18376
0.402158
0.356914
0.139938
0.124474
0.340836
0.406237
0.18926
0.329669
0.11454
0.0442051
0.301102
0.222176
0.261492
0.211792
0.107913
0.156
0.333892
0.123766
0.318097
0.181949
0.158641
0.137849
0.238139
