0.404727
0.229501
0.197153
0.221554
0.320018
0.146768
0.435041
0.409788
0.106148
0.0744853
0.108052
0.236135
0.114916
0.144447
0.203583
0.37175
0.166744
0.144086
0.16179
0.229171
0.196044
0.258852
0.29603
0.0840217
0.327545
0.112693
0.228787
0.131354
0.0758546
0.411112
0.270518
0.0768542
0.258754
0.378252
0.151061
0.193802
0.17253
0.152371
0.20644
0.150934
0.0961757
0.354871
0.310452
0.228924
0.23172
0.249471
0.129545
0.327475
0.447833
0.361559
0.0699042
0.246002
0.174649
0.278174
0.335779
0.145591
0.185261
0.265013
0.118351
0.419192
0.43318
0.192899
0.311949
0.201865
0.0829881
0.22113
0.322074
0.330921
0.265244
0.334868
0.329821
0.369275
0.223519
0.37337
0.213
0.275649
0.212306
0.144605
0.337532
0.192218
0.130059
0.0724236
0.387862
0.100882
0.170054
0.148769
0.102444
0.330893
0.198359
0.265882
0.276166
0.344065
0.188312
0.210431
0.104474
0.224627
0.247047
0.145458
0.235411
0.160487
