0.174129
0.240295
0.179425
0.179275
0.122454
0.486928
0.310854
0.250321
0.274243
0.232345
0.211173
0.330338
0.26578
0.256841
0.467292
0.277733
0.268294
0.0875785
0.178395
0.256335
0.239762
0.180172
0.340288
0.476911
0.338862
0.263998
0.246349
0.0900438
0.116913
0.0908787
0.391334
0.170232
0.162722
0.104981
0.226902
0.309822
0.133143
0.423631
0.283039
0.125866
0.0442329
0.151392
0.162235
0.202701
0.195877
0.335007
0.286638
0.269048
0.122732
0.206798
0.215162
0.0911622
0.305507
0.373061
0.290448
0.226499
0.386469
0.195745
0.100423
0.301761
0.216943
0.258475
0.202281
0.125865
0.180139
0.143678
0.143554
0.164068
0.0356897
0.0673656
0.200936
0.210985
0.347512
0.278464
0.247729
0.232649
0.323808
0.187406
0.0943905
0.339018
0.289494
0.293782
0.26029
0.195359
0.0864534
0.1646
0.127807
0.197195
0.200869
0.343409
0.144057
0.25833
0.387172
0.0609119
0.272041
0.0758368
0.545208
0.134879
0.245942
0.313115
