0.212925
0.328513
0.227219
0.195369
0.422188
0.254457
0.241853
0.186787
0.174642
0.0989422
0.272721
0.268867
0.324244
0.103623
0.346814
0.317937
0.323321
0.350002
0.280767
0.0955057
0.220972
0.0908523
0.128693
0.326476
0.316298
0.286025
0.147092
0.192628
0.246194
0.356782
0.217606
0.104583
0.238097
0.231892
0.346167
0.302193
0.217665
0.286099
0.230818
0.294687
0.364164
0.365617
0.258827
0.250488
0.260846
0.375521
0.0741086
0.309536
0.220431
0.279815
0.184435
0.105769
0.325788
0.290115
0.27449
0.243182
0.267284
0.0975695
0.338218
0.21447
0.140417
0.0935875
0.15342
0.231639
0.222888
0.181414
0.395239
0.107377
0.317042
0.437585
0.26573
0.189943
0.0944494
0.209189
0.140733
0.127606
0.386896
0.237353
0.0885005
0.05928
0.18839
0.123596
0.12457
0.157651
0.377239
0.20946
0.17358
0.137516
0.263649
0.113779
0.240007
0.173211
0.278845
0.357851
0.135142
0.253283
0.357567
0.309439
0.0724753
0.233346
