0.384734
0.155916
0.236982
0.129074
0.211738
0.0571308
0.111903
0.261288
0.282351
0.155906
0.158409
0.223815
0.144985
0.30663
0.181167
0.254684
0.43012
0.255463
0.17569
0.373655
0.32854
0.232752
0.404765
0.166874
0.181654
0.135896
0.211563
0.126617
0.408202
0.333474
0.248917
0.11092
0.106709
0.24124
0.250849
0.187322
0.124291
0.115163
0.456209
0.110176
0.195275
0.073432
0.120447
0.192258
0.34414
0.365765
0.0927027
0.287206
0.206595
0.308946
0.401163
0.180867
0.183071
0.227422
0.271154
0.274103
0.03503
0.218559
0.345143
0.197824
0.28625
0.290809
0.292677
0.221119
0.192169
0.136466
0.149886
0.077905
0.205091
0.283775
0.336475
0.276302
0.354153
0.336542
0.175328
0.147781
0.166523
0.391154
0.173952
0.24324
0.192013
0.466716
0.253835
0.266107
0.297227
0.297914
0.254984
0.246681
0.314105
0.10616
0.186073
0.132012
0.318811
0.113592
0.277103
0.199932
0.354371
0.146172
0.174391
0.308331
