0.221178
0.182898
0.240021
0.309096
0.149859
0.194449
0.208952
0.347116
0.0530753
0.129317
0.387005
0.165066
0.381549
0.481757
0.310734
0.221426
0.265729
0.122567
0.136575
0.149236
0.182793
0.209228
0.420888
0.262806
0.262986
0.311398
0.200419
0.29231
0.244696
0.344189
0.220598
0.32606
0.287688
0.219836
0.192887
0.138614
0.277828
0.391629
0.220805
0.271725
0.471088
0.340826
0.298101
0.0530885
0.18085
0.221867
0.210984
0.145464
0.112254
0.0796233
0.0994218
0.178419
0.460586
0.215855
0.31552
0.171782
0.171198
0.155062
0.137682
0.33282
0.183967
0.05939
0.0453885
0.228143
0.420186
0.30481
0.0680435
0.174962
0.323456
0.0678908
0.125333
0.228552
0.296294
0.238652
0.314121
0.347737
0.0688683
0.15443
0.25959
0.233177
0.113105
0.191971
0.187234
0.174142
0.0639957
0.279801
0.305322
0.231045
0.240698
0.20075
0.21061
0.363167
0.316363
0.272926
0.0548996
0.207965
0.303419
0.150563
0.117551
0.435561
