0.295882
0.10085
0.244835
0.0715994
0.296901
0.204032
0.450242
0.218248
0.343768
0.255712
0.249787
0.283901
0.181843
0.21318
0.185574
0.150286
0.122484
0.285766
0.15494
0.195857
0.17712
0.409071
0.36945
0.177264
0.545714
0.186296
0.261051
0.252116
0.423603
0.181077
0.177057
0.173067
0.291511
0.11626
0.142421
0.24429
0.303104
0.237614
0.340065
0.269213
0.118942
0.306447
0.169038
0.0583413
0.265323
0.382592
0.189015
0.192622
0.237236
0.348095
0.172287
0.170416
0.155261
0.256582
0.0674079
0.267481
0.240613
0.232375
0.327321
0.272303
0.124033
0.226625
0.391437
0.192959
0.238087
0.168594
0.369146
0.326641
0.235764
0.121432
0.191409
0.240244
0.321263
0.273896
0.112926
0.272511
0.394721
0.242612
0.0951057
0.168143
0.222439
0.314016
0.169112
0.292999
0.149302
0.257437
0.274935
0.286329
0.298018
0.328159
0.256244
0.0862111
0.235937
0.157606
0.0440396
0.203784
0.175174
0.216264
0.271572
0.144984
