0.363915
0.263301
0.1824
0.296424
0.239451
0.331216
0.177193
0.27846
0.21533
0.219758
0.361469
0.18119
0.306519
0.267874
0.29394
0.0888428
0.130538
0.236758
0.0616896
0.197369
0.245436
0.233305
0.116639
0.2313
0.271065
0.263369
0.29564
0.229834
0.22666
0.191447
0.318352
0.453727
0.252771
0.202927
0.234634
0.122518
0.168247
0.158394
0.150486
0.241476
0.118694
0.413954
0.231099
0.24242
0.173577
0.295837
0.232461
0.368579
0.19346
0.0920806
0.237905
0.193805
0.355244
0.0922986
0.29334
0.35827
0.153813
0.298584
0.286966
0.396354
0.146505
0.248311
0.363792
0.180713
0.337787
0.0688684
0.167974
0.276215
0.306713
0.137033
0.395728
0.218585
0.0818104
0.269692
0.179939
0.28499
0.263737
0.30975
0.177429
0.196544
0.220115
0.186405
0.228074
0.182319
0.0983967
0.274451
0.22028
0.271233
0.156672
0.199312
0.246704
0.186631
0.390215
0.180462
0.253632
0.181895
0.244829
0.256373
0.271031
0.408293
