0.243361
0.0842293
0.31529
0.168148
0.372792
0.222114
0.201007
0.222381
0.248686
0.470478
0.332773
0.327079
0.121024
0.100259
0.0946854
0.402485
0.232125
0.415722
0.178724
0.205117
0.233835
0.528477
0.277593
0.107248
0.262777
0.398132
0.276642
0.218079
0.195078
0.247148
0.0850691
0.149052
0.0741222
0.470732
0.230456
0.222206
0.177592
0.15904
0.265165
0.290759
0.266642
0.18744
0.197007
0.383589
0.181245
0.421637
0.228225
0.1552
0.209461
0.149251
0.189732
0.166533
0.294689
0.254634
0.193508
0.391785
0.38078
0.216868
0.453888
0.225552
0.157096
0.287149
0.0789683
0.135171
0.262617
0.311375
0.118978
0.102409
0.120359
0.215446
0.119937
0.207141
0.26409
0.139625
0.232997
0.139213
0.10728
0.139257
0.192229
0.440282
0.408881
0.325558
0.119907
0.287454
0.155079
0.148138
0.213277
0.208194
0.22012
0.147307
0.20325
0.0277274
0.172711
0.0967414
0.186664
0.25821
0.26136
0.179435
0.16097
0.294532
