0.332893
0.302651
0.216935
0.242793
0.0932904
0.18978
0.392138
0.21468
0.218588
0.371519
0.269575
0.165839
0.32336
0.296197
0.19697
0.213281
0.131787
0.162035
0.254582
0.2137
0.324541
0.172423
0.31443
0.194219
0.218503
0.249422
0.285196
0.248776
0.174048
0.219934
0.337307
0.244872
0.0891956
0.138615
0.205159
0.179977
0.356635
0.45682
0.19516
0.116439
0.151406
0.188986
0.301797
0.247712
0.180773
0.357804
0.127703
0.347456
0.110638
0.240175
0.0974138
0.0532462
0.400357
0.225055
0.297936
0.298495
0.293614
0.0930663
0.24803
0.245917
0.261113
0.147947
0.114276
0.179899
0.282559
0.309515
0.223954
0.31195
0.251918
0.128604
0.269681
0.300351
0.19351
0.172043
0.489071
0.108822
0.0334523
0.161539
0.290924
0.186885
0.136192
0.0735941
0.583394
0.176793
0.1037
0.133263
0.315556
0.103516
0.248115
0.114865
0.147569
0.283611
0.278804
0.243674
0.377545
0.190621
0.247705
0.276164
0.371582
0.218609
