0.341571
0.251865
0.415062
0.256276
0.22902
0.0627814
0.33173
0.180137
0.380446
0.203103
0.327316
0.293845
0.0934407
0.183078
0.234747
0.447991
0.193477
0.29315
0.272095
0.188994
0.218796
0.265376
0.143733
0.203115
0.159958
0.244081
0.278399
0.117038
0.334673
0.0663963
0.203789
0.234292
0.118931
0.310884
0.184566
0.121579
0.110903
0.219564
0.128936
0.410651
0.0785689
0.123276
0.152348
0.311881
0.0453655
0.081287
0.12363
0.431372
0.101347
0.192453
0.288146
0.217871
0.0705792
0.20314
0.330957
0.222572
0.340842
0.249012
0.374872
0.178495
0.433142
0.275839
0.154358
0.185121
0.112306
0.146674
0.429656
0.103662
0.138595
0.278717
0.306137
0.360637
0.414519
0.40633
0.191756
0.120687
0.328836
0.251411
0.166067
0.100468
0.126433
0.308896
0.101043
0.234951
0.214437
0.133279
0.265814
0.216581
0.203097
0.342327
0.161679
0.32523
0.223329
0.139266
0.15895
0.206425
0.0999526
0.304949
0.511517
0.206245
