0.270114
0.199146
0.566887
0.317181
0.34042
0.278007
0.389596
0.287085
0.224217
0.258083
0.155116
0.206907
0.164562
0.237221
0.356638
0.369807
0.248834
0.281663
0.0933537
0.183527
0.159094
0.294653
0.155158
0.274244
0.157995
0.148448
0.189916
0.265483
0.184462
0.191518
0.418871
0.0579888
0.326125
0.314365
0.209721
0.393829
0.146138
0.271347
0.123416
0.23938
0.229415
0.26489
0.107777
0.0834511
0.351537
0.162393
0.123373
0.253285
0.208928
0.356952
0.0874747
0.161356
0.287154
0.42628
0.0978114
0.375603
0.152807
0.143653
0.146818
0.151409
0.343804
0.201044
0.152536
0.243893
0.265671
0.110634
0.226118
0.286811
0.271623
0.134916
0.224608
0.191578
0.367371
0.096989
0.130281
0.145322
0.180271
0.136083
0.38009
0.143499
0.117724
0.126436
0.235901
0.266785
0.134093
0.120202
0.0872045
0.19602
0.319907
0.465832
0.141089
0.360466
0.267675
0.0876333
0.360034
0.337011
0.334137
0.261284
0.18381
0.180367
