0.282064
0.104974
0.137957
0.0576501
0.170932
0.269754
0.331192
0.0866699
0.197846
0.0874472
0.407941
0.142191
0.364859
0.282197
0.394823
0.24972
0.200541
0.208014
0.212271
0.0893494
0.263306
0.0943928
0.275019
0.274509
0.176236
0.151556
0.300521
0.306952
0.236076
0.146215
0.118191
0.486339
0.187342
0.292349
0.103981
0.284821
0.202488
0.354585
0.129252
0.0875521
0.303198
0.186605
0.232273
0.30854
0.318464
0.29713
0.211941
0.280804
0.107828
0.269322
0.320722
0.0806616
0.340922
0.154154
0.502206
0.260846
0.242945
0.273971
0.217183
0.254587
0.126104
0.222648
0.237015
0.312757
0.185819
0.416176
0.322217
0.246258
0.116069
0.0906429
0.269894
0.113333
0.209176
0.445494
0.297335
0.311169
0.0939142
0.254071
0.234713
0.235188
0.246757
0.298204
0.0993147
0.125065
0.337353
0.317926
0.0792
0.166572
0.207471
0.260856
0.10537
0.239487
0.40744
0.181172
0.200986
0.327623
0.257624
0.0657813
0.283963
0.129524
