0.132013
0.25456
0.150954
0.381464
0.256891
0.0653957
0.296287
0.254029
0.240254
0.0842302
0.252963
0.348734
0.307427
0.294608
0.225074
0.0870006
0.28316
0.135803
0.215468
0.298869
0.208682
0.202669
0.260924
0.263791
0.308635
0.290225
0.148265
0.321736
0.235716
0.338442
0.193195
0.215133
0.146103
0.345898
0.0627052
0.21494
0.203945
0.264441
0.075999
0.18586
0.17426
0.146308
0.298662
0.265327
0.378114
0.212351
0.378313
0.267769
0.151667
0.215251
0.225744
0.330188
0.119918
0.327445
0.322738
0.428966
0.219979
0.32158
0.271702
0.252646
0.217398
0.376283
0.345555
0.190021
0.283882
0.308212
0.264335
0.310669
0.18955
0.203753
0.252137
0.185954
0.12329
0.208351
0.300463
0.165934
0.0956924
0.195094
0.146195
0.375394
0.301395
0.232156
0.076666
0.229464
0.152757
0.203207
0.229071
0.162053
0.280681
0.172289
0.236978
0.220712
0.143159
0.349458
0.217747
0.241274
0.38155
0.2495
0.255136
0.23833
