0.262204
0.201046
0.276516
0.16426
0.132902
0.172112
0.325513
0.129767
0.0770885
0.221006
0.404986
0.0841567
0.305461
0.291515
0.129959
0.3249
0.234702
0.508964
0.173167
0.107339
0.381308
0.184761
0.176774
0.153382
0.15156
0.171056
0.231187
0.189488
0.352548
0.266221
0.192417
0.297421
0.231981
0.256509
0.174
0.104938
0.282095
0.150841
0.31799
0.297035
0.262674
0.207783
0.275086
0.197094
0.197972
0.345205
0.272089
0.178132
0.268282
0.172028
0.125623
0.129805
0.261654
0.224741
0.243781
0.440331
0.369173
0.333652
0.155565
0.339874
0.232811
0.160797
0.187381
0.319166
0.39375
0.396593
0.116634
0.168998
0.178573
0.264788
0.10375
0.369466
0.132079
0.461172
0.376882
0.105989
0.286154
0.274663
0.186729
0.0600304
0.326835
0.407973
0.134284
0.335307
0.18447
0.123692
0.088214
0.112832
0.216661
0.323829
0.190275
0.192093
0.165368
0.269362
0.215203
0.210042
0.133288
0.248251
0.280295
0.0673803
