0.323736
0.33887
0.429226
0.0688685
0.196342
0.23971
0.204098
0.175497
0.208495
0.163384
0.153481
0.174661
0.306665
0.33615
0.187303
0.186619
0.260302
0.252357
0.501742
0.280858
0.262469
0.333166
0.323042
0.390299
0.159116
0.183039
0.15309
0.240591
0.153861
0.281126
0.359706
0.224722
0.12205
0.148671
0.384722
0.143372
0.136218
0.286234
0.277715
0.15166
0.241719
0.373974
0.107331
0.20681
0.0211471
0.229932
0.140216
0.275122
0.250818
0.224477
0.347219
0.0937986
0.22331
0.321938
0.0549663
0.315393
0.440129
0.17365
0.135317
0.285255
0.223925
0.178211
0.368519
0.239212
0.163488
0.34813
0.158917
0.250512
0.341441
0.220627
0.213659
0.198648
0.114811
0.372341
0.224235
0.258008
0.189508
0.537644
0.205422
0.139108
0.122739
0.165407
0.156361
0.321259
0.186719
0.251875
0.0774618
0.227614
0.170675
0.172835
0.29293
0.21876
0.122543
0.185551
0.272947
0.212604
0.12241
0.211784
0.224114
0.325929
