0.312311
0.280545
0.146841
0.173754
0.248356
0.0291223
0.158169
0.194363
0.098819
0.11601
0.192258
0.42319
0.189498
0.208273
0.348873
0.245332
0.390657
0.249135
0.184425
0.259911
0.221226
0.204147
0.195049
0.159943
0.184861
0.253822
0.0825544
0.164318
0.376826
0.376828
0.303418
0.270741
0.259231
0.328417
0.249807
0.128704
0.384225
0.227599
0.351787
0.303934
0.11081
0.276083
0.47873
0.278501
0.0900265
0.283817
0.383502
0.141457
0.26822
0.0957934
0.0932977
0.25334
0.135854
0.222926
0.0176336
0.283523
0.394241
0.198709
0.215119
0.331031
0.199613
0.0936318
0.318742
0.147389
0.095087
0.251807
0.157815
0.191171
0.213541
0.269712
0.15338
0.3027
0.150929
0.438651
0.22805
0.129997
0.427448
0.247765
0.218967
0.444764
0.155476
0.066608
0.152066
0.26112
0.325063
0.214124
0.353798
0.128897
0.192308
0.150809
0.361184
0.0517447
0.138899
0.212694
0.0961981
0.209892
0.2222
0.222148
0.347141
0.336631
