0.0459937
0.429576
0.426833
0.121798
0.368248
0.2933
0.181326
0.186487
0.142946
0.163384
0.146969
0.242188
0.172229
0.212162
0.146216
0.0612754
0.17934
0.200126
0.519516
0.36066
0.145076
0.134444
0.427519
0.148073
0.256329
0.254235
0.122319
0.240591
0.332474
0.210546
0.229274
0.170017
0.163635
0.203595
0.509615
0.0426592
0.0665838
0.218918
0.277715
0.15166
0.257504
0.207448
0.156307
0.162583
0.0944744
0.401272
0.12224
0.194993
0.196201
0.260821
0.263376
0.252161
0.218509
0.297471
0.0549663
0.186857
0.290067
0.126283
0.26078
0.250733
0.174219
0.166256
0.440335
0.134104
0.225546
0.223514
0.450458
0.468863
0.341441
0.220627
0.281412
0.166074
0.131791
0.212529
0.257785
0.426293
0.266693
0.150377
0.359889
0.391648
0.122739
0.20186
0.156361
0.399573
0.321082
0.213304
0.0730299
0.154938
0.0756145
0.129584
0.0620493
0.147613
0.104065
0.19008
0.243901
0.324873
0.12241
0.211784
0.224114
0.378755
