0.102666
0.313221
0.113341
0.304055
0.460997
0.172268
0.266657
0.285828
0.105146
0.391793
0.371007
0.205592
0.442697
0.278051
0.174745
0.245018
0.109063
0.135276
0.172208
0.0602716
0.135205
0.279919
0.238405
0.35178
0.241115
0.146397
0.34699
0.082158
0.203224
0.242905
0.0985998
0.17618
0.231057
0.20964
0.281463
0.112814
0.257802
0.0804265
0.268848
0.0875238
0.139906
0.24497
0.129066
0.203922
0.330105
0.252073
0.265896
0.443612
0.278963
0.246017
0.338757
0.54139
0.145871
0.23974
0.359419
0.219719
0.232309
0.288993
0.174826
0.249571
0.0754838
0.22113
0.121889
0.280354
0.175697
0.491488
0.220913
0.194425
0.209264
0.0944511
0.216848
0.129799
0.307213
0.354073
0.135495
0.0707901
0.299762
0.22078
0.255277
0.251883
0.229081
0.166684
0.165424
0.154393
0.185513
0.156821
0.241646
0.157983
0.337481
0.269393
0.347092
0.130271
0.406471
0.0695386
0.218503
0.199629
0.297367
0.277901
0.297743
0.218664
