0.212925
0.0925739
0.346241
0.195369
0.171216
0.254457
0.358448
0.270173
0.310842
0.247884
0.178464
0.412701
0.327745
0.0384339
0.197768
0.317937
0.113247
0.20542
0.357397
0.147126
0.26782
0.0908523
0.117863
0.339062
0.316298
0.286025
0.147092
0.192628
0.246137
0.341935
0.0937503
0.104583
0.269722
0.231329
0.346167
0.306391
0.198762
0.286099
0.337434
0.179768
0.0717677
0.276124
0.405615
0.237531
0.169934
0.189034
0.213297
0.309536
0.481616
0.312241
0.284242
0.105769
0.226585
0.247523
0.350331
0.301161
0.350076
0.211722
0.0827639
0.272626
0.153257
0.0935875
0.29654
0.231639
0.125849
0.287186
0.395239
0.107377
0.133579
0.289044
0.222699
0.189943
0.0619752
0.209189
0.140733
0.143712
0.313053
0.153782
0.0885005
0.390438
0.211545
0.123596
0.12457
0.202678
0.377239
0.195491
0.132685
0.137516
0.247253
0.113779
0.240007
0.253794
0.293511
0.357851
0.429815
0.351382
0.223028
0.200199
0.0724753
0.161625
