0.213511
0.0575376
0.0433328
0.152904
0.328916
0.130013
0.169592
0.309323
0.27931
0.437284
0.409681
0.340142
0.11798
0.113669
0.247611
0.119244
0.165693
0.1982
0.177382
0.25706
0.250763
0.152816
0.157347
0.362997
0.389997
0.255294
0.196962
0.222138
0.26514
0.177036
0.28868
0.29838
0.218446
0.047127
0.249166
0.296529
0.394957
0.254741
0.252242
0.277277
0.259457
0.27648
0.190763
0.112256
0.190681
0.303577
0.222445
0.116055
0.154324
0.174962
0.411161
0.158341
0.136727
0.2163
0.434821
0.413392
0.154333
0.135867
0.141722
0.117672
0.138643
0.258267
0.192971
0.057514
0.414763
0.290355
0.138044
0.289953
0.141865
0.120553
0.33149
0.135671
0.0693932
0.244143
0.283057
0.227006
0.219865
0.409173
0.120317
0.179953
0.321722
0.368101
0.359924
0.170911
0.160967
0.434183
0.20378
0.312347
0.231076
0.0852779
0.265324
0.226465
0.303313
0.236789
0.364475
0.135333
0.21055
0.273114
0.301349
0.196938
