0.241838
0.303203
0.176357
0.111331
0.455312
0.20638
0.191444
0.353286
0.281023
0.120052
0.221781
0.170525
0.163514
0.40545
0.219159
0.331428
0.136853
0.262795
0.125164
0.364699
0.460146
0.170747
0.201525
0.361215
0.252535
0.0945341
0.283312
0.288863
0.202083
0.0517652
0.142748
0.354676
0.146237
0.211308
0.340555
0.494582
0.26177
0.197138
0.101476
0.149364
0.155503
0.382734
0.279321
0.258528
0.220692
0.358221
0.0453204
0.108109
0.144103
0.242455
0.33023
0.18841
0.321061
0.344617
0.454668
0.240856
0.230626
0.244616
0.357115
0.122331
0.0964213
0.266288
0.358607
0.0882582
0.175571
0.193601
0.176509
0.331496
0.167151
0.204522
0.185395
0.263927
0.21332
0.270729
0.370296
0.102898
0.0903169
0.21049
0.210101
0.349763
0.21506
0.203142
0.15908
0.318803
0.111046
0.307094
0.134198
0.10382
0.210487
0.0781365
0.140033
0.132932
0.203369
0.147474
0.227198
0.172581
0.248557
0.382399
0.328812
0.164357
