0.298773
0.330281
0.160882
0.240966
0.249076
0.444529
0.179702
0.16933
0.254011
0.294807
0.0525063
0.37676
0.135398
0.0798998
0.153678
0.104239
0.181405
0.15929
0.129451
0.242655
0.215285
0.423452
0.301291
0.0996966
0.152441
0.237499
0.171393
0.28382
0.203097
0.153611
0.216932
0.213217
0.206216
0.470569
0.228357
0.07451
0.361221
0.149746
0.203418
0.154386
0.0633147
0.316729
0.254279
0.282668
0.176915
0.170418
0.276603
0.142787
0.519401
0.295313
0.181643
0.258976
0.15201
0.210966
0.134344
0.240327
0.311688
0.322439
0.304804
0.272931
0.106661
0.388486
0.322041
0.340225
0.327245
0.2524
0.199065
0.362979
0.237077
0.275325
0.123134
0.283364
0.327842
0.146508
0.162888
0.413976
0.227494
0.244735
0.285053
0.214505
0.218888
0.101587
0.282536
0.169693
0.397384
0.203419
0.209937
0.212803
0.185772
0.121833
0.0719456
0.331396
0.172944
0.17025
0.127989
0.166224
0.175504
0.24306
0.25184
0.419993
