0.208233
0.115454
0.183102
0.139783
0.265459
0.332698
0.220322
0.314023
0.383655
0.345869
0.287386
0.103672
0.330349
0.112817
0.482686
0.29431
0.152204
0.373763
0.326453
0.207155
0.17244
0.136996
0.283094
0.132153
0.278467
0.188617
0.201717
0.436462
0.233527
0.268219
0.386014
0.27794
0.247503
0.273903
0.122658
0.336424
0.126917
0.13901
0.176597
0.199119
0.246121
0.232252
0.247072
0.305365
0.25412
0.136961
0.241618
0.270294
0.154635
0.122163
0.272425
0.104034
0.114927
0.248068
0.183814
0.163702
0.222537
0.202305
0.286497
0.372695
0.235611
0.115903
0.156652
0.164608
0.351211
0.264642
0.0607323
0.123761
0.129308
0.157585
0.270227
0.322809
0.159682
0.36816
0.330213
0.146004
0.245205
0.439124
0.133848
0.313617
0.186934
0.440198
0.200296
0.19391
0.22881
0.160009
0.228541
0.131499
0.0980116
0.299949
0.259046
0.0439715
0.227952
0.270396
0.298746
0.282031
0.249889
0.25261
0.264369
0.323883
