0.287915
0.557912
0.110257
0.161584
0.192149
0.40341
0.295785
0.419292
0.125021
0.22907
0.210559
0.291593
0.21291
0.36362
0.180645
0.283181
0.16594
0.236697
0.416542
0.110899
0.308084
0.127096
0.265451
0.14482
0.344503
0.253822
0.145838
0.128175
0.166366
0.120714
0.338762
0.260774
0.325461
0.113226
0.107958
0.190515
0.306008
0.194815
0.135384
0.163368
0.11081
0.0668928
0.285145
0.126661
0.204615
0.116467
0.15987
0.279673
0.238183
0.228367
0.425167
0.226223
0.366862
0.363617
0.0675857
0.171433
0.0943115
0.220765
0.345998
0.237829
0.222652
0.288666
0.234785
0.335519
0.198554
0.0645444
0.301554
0.126876
0.208738
0.101121
0.197067
0.219933
0.375029
0.194953
0.215573
0.316337
0.437133
0.24673
0.0510379
0.234999
0.271469
0.300229
0.316666
0.227415
0.286382
0.166563
0.239643
0.216464
0.254424
0.342084
0.0308098
0.25161
0.185146
0.282753
0.0707119
0.174611
0.125525
0.191677
0.154285
0.47735
