0.395201
0.150349
0.260485
0.0884354
0.371523
0.26962
0.287529
0.268218
0.281023
0.125442
0.204916
0.243078
0.272832
0.275933
0.317426
0.307536
0.22179
0.324748
0.197853
0.247543
0.267646
0.339562
0.0507819
0.21185
0.209954
0.235884
0.175478
0.207752
0.271167
0.0778637
0.304868
0.254585
0.10925
0.3741
0.0873301
0.324808
0.196485
0.384556
0.149083
0.193948
0.287729
0.14059
0.344372
0.258528
0.152454
0.390509
0.172233
0.215522
0.195501
0.211925
0.237853
0.257468
0.268658
0.340519
0.20905
0.23419
0.23059
0.219637
0.47374
0.248059
0.195713
0.124849
0.21136
0.25122
0.187677
0.35694
0.20064
0.11586
0.184873
0.407263
0.185395
0.233219
0.242357
0.277012
0.208056
0.331469
0.254544
0.212227
0.37958
0.231959
0.119722
0.167258
0.269426
0.282218
0.185763
0.172857
0.241448
0.211782
0.187639
0.196752
0.112773
0.248458
0.177569
0.147474
0.303207
0.217126
0.300052
0.300157
0.288928
0.164982
