0.145837
0.262778
0.219837
0.191807
0.0416999
0.119797
0.308825
0.334551
0.220075
0.413428
0.243029
0.377619
0.281326
0.248864
0.128381
0.313914
0.407696
0.0955063
0.224883
0.137877
0.123226
0.49089
0.0638656
0.276924
0.151711
0.16331
0.203072
0.31744
0.295338
0.201377
0.0523033
0.234362
0.201075
0.148038
0.220219
0.29321
0.304836
0.231807
0.348585
0.157703
0.269602
0.271114
0.0531923
0.231973
0.204875
0.129492
0.291582
0.188539
0.359548
0.320315
0.260971
0.0667555
0.273881
0.222419
0.143874
0.330381
0.18948
0.40525
0.250331
0.266773
0.094035
0.0878496
0.163283
0.473883
0.236081
0.264006
0.221716
0.298534
0.333131
0.350582
0.194822
0.217559
0.274361
0.122057
0.214051
0.364971
0.109901
0.231108
0.158425
0.38337
0.285978
0.247997
0.23359
0.351398
0.154639
0.212775
0.177294
0.21138
0.118133
0.0442503
0.218258
0.116705
0.270411
0.270687
0.209364
0.30032
0.279658
0.266657
0.149266
0.311626
