0.0834634
0.171921
0.157299
0.110838
0.337248
0.19532
0.304641
0.290138
0.356619
0.159651
0.112194
0.176299
0.233906
0.0472762
0.30589
0.124666
0.39261
0.354505
0.219998
0.207127
0.303008
0.26002
0.3066
0.0499142
0.197451
0.177022
0.247071
0.286901
0.484158
0.33624
0.131433
0.115389
0.265064
0.142737
0.282114
0.238462
0.281065
0.193308
0.21501
0.0205212
0.224805
0.266264
0.27646
0.315992
0.265003
0.169819
0.208559
0.445841
0.104586
0.296997
0.156765
0.250171
0.381812
0.207616
0.100616
0.277637
0.354176
0.211412
0.333519
0.341782
0.431033
0.216263
0.152015
0.251995
0.357127
0.397585
0.139821
0.251293
0.43202
0.0884766
0.127619
0.179024
0.252148
0.219077
0.329658
0.320327
0.221573
0.228384
0.144262
0.221151
0.139663
0.319332
0.0883384
0.227861
0.212983
0.220989
0.408116
0.0942876
0.224861
0.116796
0.113744
0.162027
0.225762
0.295808
0.206031
0.124165
0.253577
0.244509
0.190951
0.203552
