0.189698
0.135854
0.188182
0.465794
0.248575
0.395439
0.187395
0.226102
0.24312
0.23792
0.232433
0.209854
0.33868
0.39525
0.24492
0.216103
0.49772
0.391954
0.211262
0.119892
0.299438
0.291265
0.266965
0.279414
0.137882
0.262407
0.222458
0.297439
0.0346502
0.254195
0.180695
0.220192
0.185064
0.0589545
0.0997252
0.363345
0.126601
0.214617
0.229972
0.107308
0.382524
0.191919
0.312895
0.137681
0.136121
0.139094
0.264149
0.180755
0.150112
0.171144
0.508654
0.312191
0.157881
0.206243
0.152437
0.226865
0.180619
0.0903474
0.126486
0.27613
0.189965
0.305848
0.179355
0.287253
0.321524
0.266525
0.248383
0.202102
0.373749
0.134571
0.156107
0.0496072
0.323157
0.158456
0.218982
0.101375
0.167465
0.203694
0.210051
0.436397
0.353697
0.288744
0.34167
0.106744
0.263103
0.267884
0.133794
0.253667
0.394178
0.125078
0.106077
0.292449
0.169121
0.220568
0.206027
0.317516
0.1987
0.3207
0.118915
0.241431
