0.116831
0.257006
0.346312
0.0993164
0.318372
0.182933
0.291157
0.256046
0.234434
0.0579147
0.164462
0.0431469
0.290002
0.244454
0.266032
0.198148
0.179873
0.264909
0.241117
0.477932
0.356588
0.153323
0.30572
0.227104
0.110812
0.239258
0.301698
0.163704
0.266282
0.150669
0.160174
0.308113
0.374231
0.0211239
0.212313
0.280314
0.0947863
0.250407
0.122342
0.143217
0.268795
0.315754
0.165795
0.0769366
0.238799
0.234831
0.320432
0.161387
0.0500726
0.301527
0.273833
0.25015
0.119089
0.325962
0.285001
0.315035
0.342314
0.125397
0.122208
0.267117
0.310613
0.244249
0.476926
0.320169
0.191308
0.339691
0.278275
0.254561
0.374273
0.125521
0.168092
0.278596
0.131326
0.384426
0.147866
0.18908
0.310298
0.190135
0.255151
0.152405
0.181373
0.164663
0.101694
0.223619
0.197202
0.201757
0.191362
0.267087
0.51341
0.446966
0.140787
0.182779
0.399056
0.0702887
0.222729
0.204792
0.134432
0.265126
0.26384
0.188639
