0.263439
0.104974
0.260069
0.184337
0.223637
0.294943
0.169642
0.146613
0.444404
0.261729
0.151704
0.232646
0.295817
0.176148
0.12366
0.149345
0.168835
0.123355
0.307395
0.147126
0.0971238
0.164482
0.293544
0.293511
0.326785
0.163346
0.45745
0.192628
0.248484
0.215179
0.248679
0.212563
0.152201
0.226083
0.387403
0.327449
0.126544
0.320092
0.202913
0.252733
0.0717677
0.233113
0.247531
0.160785
0.48337
0.448858
0.218504
0.0481265
0.454512
0.245291
0.433715
0.255493
0.150487
0.177238
0.219466
0.2582
0.189182
0.397071
0.0827639
0.290568
0.105176
0.120172
0.175231
0.311992
0.214392
0.0919653
0.205173
0.327151
0.148959
0.269463
0.124777
0.340973
0.0808905
0.298627
0.0994464
0.2315
0.253022
0.153782
0.286582
0.333435
0.291402
0.357241
0.144977
0.36489
0.189556
0.22534
0.343932
0.0680815
0.203212
0.210495
0.102879
0.237642
0.267153
0.178443
0.219074
0.155379
0.213547
0.420941
0.31223
0.0930508
