0.165079
0.206396
0.185116
0.131452
0.19247
0.218596
0.232241
0.104491
0.350277
0.281705
0.587395
0.218182
0.209961
0.0752802
0.319569
0.264988
0.317268
0.524211
0.290551
0.142687
0.227765
0.155675
0.233204
0.264188
0.162351
0.30613
0.0949345
0.230816
0.249445
0.230562
0.0983891
0.134533
0.117388
0.37656
0.132241
0.230781
0.207106
0.277327
0.308771
0.0824403
0.181748
0.421864
0.177744
0.234737
0.155622
0.199256
0.0783189
0.172856
0.280507
0.275311
0.262694
0.28935
0.234969
0.240752
0.227314
0.314981
0.169901
0.262895
0.161236
0.125927
0.277493
0.315787
0.117242
0.274772
0.213071
0.265507
0.29076
0.161755
0.312565
0.315286
0.17479
0.181891
0.234312
0.107596
0.262656
0.138934
0.401148
0.28445
0.178737
0.288618
0.110472
0.27841
0.108182
0.263124
0.379641
0.390409
0.333139
0.142762
0.384929
0.267926
0.280928
0.200041
0.266036
0.181557
0.275999
0.1021
0.144902
0.226292
0.279938
0.235734
