0.130988
0.190106
0.280389
0.0717198
0.165032
0.30017
0.238679
0.194424
0.0582634
0.254763
0.278046
0.300953
0.345277
0.207671
0.149638
0.230414
0.409563
0.281702
0.1773
0.354555
0.249086
0.120141
0.207096
0.163128
0.178504
0.212884
0.273563
0.31838
0.130251
0.252345
0.145537
0.161943
0.278947
0.116729
0.179114
0.21691
0.139356
0.256101
0.22206
0.239188
0.223801
0.120978
0.25932
0.142169
0.292062
0.210517
0.291728
0.189706
0.240828
0.256389
0.138779
0.3387
0.263522
0.473999
0.0590724
0.285973
0.225217
0.191785
0.130243
0.502641
0.176253
0.173661
0.22273
0.357989
0.249782
0.19274
0.192776
0.1168
0.207671
0.28495
0.432852
0.270727
0.178581
0.363884
0.257514
0.228763
0.178445
0.385948
0.352146
0.138931
0.259188
0.361433
0.255091
0.236197
0.117271
0.2369
0.244742
0.163135
0.140774
0.239352
0.14482
0.196327
0.218561
0.348429
0.397898
0.382812
0.406341
0.0554162
0.213886
0.234409
