0.299151
0.335857
0.359321
0.227607
0.243226
0.148376
0.147674
0.292599
0.271343
0.0281044
0.270631
0.276848
0.156331
0.237367
0.0361189
0.287479
0.217487
0.307536
0.153986
0.175441
0.139909
0.195218
0.136109
0.158963
0.154319
0.350596
0.160604
0.208383
0.289606
0.121161
0.177104
0.0787928
0.217081
0.201807
0.112768
0.327729
0.22638
0.229028
0.200909
0.127823
0.158043
0.18655
0.259375
0.272231
0.287931
0.322346
0.334005
0.589744
0.0650059
0.414837
0.120385
0.335744
0.348104
0.201157
0.136622
0.228852
0.161826
0.348178
0.152616
0.121017
0.294845
0.207185
0.145475
0.0487767
0.210517
0.26841
0.15449
0.15406
0.256943
0.159444
0.256864
0.12722
0.454542
0.251193
0.347105
0.256637
0.170302
0.296635
0.262658
0.202514
0.318374
0.388665
0.301461
0.23246
0.238156
0.162483
0.482231
0.0354392
0.121911
0.150569
0.35065
0.286781
0.360126
0.258788
0.228463
0.251591
0.192985
0.189599
0.193369
0.384987
