0.271297
0.0267071
0.249803
0.0933822
0.249098
0.272098
0.218303
0.112961
0.259641
0.200796
0.310496
0.129875
0.171629
0.0761632
0.303508
0.362151
0.0895751
0.502948
0.215897
0.394821
0.0634597
0.231347
0.312525
0.254646
0.273349
0.20729
0.168951
0.223961
0.157712
0.079258
0.314075
0.233276
0.0380294
0.0256327
0.157517
0.256756
0.262204
0.187804
0.251132
0.0983113
0.139481
0.326682
0.411386
0.22987
0.322991
0.158029
0.315832
0.21412
0.346709
0.447591
0.269222
0.326371
0.153974
0.170675
0.214394
0.342018
0.170767
0.295004
0.0463963
0.0981567
0.255587
0.148456
0.282921
0.237379
0.244096
0.0684342
0.295799
0.166952
0.250019
0.483509
0.175661
0.12294
0.152222
0.236511
0.166101
0.507263
0.0813023
0.294349
0.1793
0.103057
0.10486
0.280043
0.253358
0.185114
0.333797
0.274005
0.288342
0.336236
0.359561
0.10852
0.295742
0.17892
0.213337
0.28606
0.344966
0.188888
0.101664
0.28546
0.317125
0.277716
