0.102738
0.0393678
0.373447
0.271492
0.252854
0.0933701
0.301666
0.210027
0.372041
0.472334
0.238055
0.188376
0.22273
0.0649936
0.292912
0.252287
0.183855
0.084541
0.0716923
0.269676
0.114112
0.235692
0.19422
0.228631
0.165899
0.221578
0.192646
0.0742068
0.369414
0.232783
0.33893
0.192918
0.300954
0.284003
0.286422
0.277148
0.263868
0.0965818
0.319974
0.289089
0.173823
0.0800318
0.255183
0.298376
0.448144
0.209279
0.29853
0.216288
0.167647
0.319519
0.242458
0.197496
0.28944
0.140626
0.209233
0.24392
0.188746
0.165368
0.259682
0.148827
0.209627
0.160523
0.430798
0.289892
0.147845
0.178269
0.190938
0.270037
0.423218
0.212915
0.250623
0.186495
0.196431
0.276038
0.285555
0.160042
0.196907
0.194005
0.268549
0.269406
0.162505
0.232973
0.22232
0.0870339
0.237418
0.348565
0.429291
0.34662
0.159594
0.203541
0.206023
0.387391
0.347106
0.0593358
0.349981
0.202809
0.332518
0.282001
0.163424
0.125415
