0.0438829
0.188381
0.235854
0.247397
0.183352
0.0551505
0.204124
0.296347
0.208707
0.249209
0.296424
0.0910419
0.226759
0.243835
0.121182
0.210054
0.451145
0.14021
0.268592
0.0995595
0.277001
0.323075
0.144419
0.237202
0.271937
0.268846
0.21428
0.273234
0.307719
0.296406
0.154031
0.144943
0.248164
0.330217
0.19723
0.0897351
0.248936
0.21414
0.121986
0.217067
0.119374
0.239185
0.252608
0.157751
0.363485
0.277779
0.242349
0.431519
0.127501
0.284053
0.0402504
0.218914
0.0680211
0.236982
0.262878
0.206362
0.16832
0.154044
0.22034
0.307282
0.420154
0.211063
0.0987695
0.337585
0.411558
0.216402
0.122042
0.0841837
0.184797
0.220695
0.392829
0.308241
0.42017
0.093485
0.156863
0.163167
0.390892
0.190499
0.195747
0.368271
0.306248
0.116543
0.202703
0.0918544
0.174503
0.21843
0.172757
0.274925
0.267614
0.0939045
0.140953
0.0355604
0.407588
0.316883
0.249312
0.330256
0.191887
0.398154
0.175548
0.603383
