0.306755
0.25456
0.283968
0.381464
0.256891
0.0653957
0.31787
0.254029
0.240254
0.323251
0.272419
0.175488
0.4305
0.294608
0.301417
0.0870006
0.196975
0.137131
0.182129
0.298869
0.208682
0.230927
0.186222
0.209011
0.338303
0.158713
0.148265
0.321736
0.235716
0.299512
0.223784
0.158956
0.0787466
0.345898
0.0597466
0.21494
0.203945
0.225247
0.075999
0.240496
0.136222
0.146308
0.298662
0.179003
0.378114
0.212351
0.378313
0.267769
0.237499
0.215251
0.214243
0.330188
0.227776
0.339208
0.188554
0.428966
0.159261
0.32158
0.271702
0.294714
0.220938
0.326539
0.345555
0.193117
0.283882
0.526935
0.264335
0.320434
0.17253
0.203753
0.208008
0.178069
0.12329
0.332724
0.205406
0.132831
0.10967
0.372167
0.146195
0.27134
0.370195
0.232156
0.076666
0.229464
0.152757
0.203207
0.162218
0.162053
0.0459442
0.172289
0.0925521
0.220712
0.143159
0.412562
0.198928
0.101839
0.0957373
0.2495
0.275478
0.23833
