0.0284454
0.345994
0.18337
0.377087
0.413477
0.0838292
0.351168
0.0951082
0.351648
0.136677
0.319574
0.145512
0.265728
0.156232
0.330412
0.249137
0.132259
0.30738
0.120139
0.315603
0.122774
0.147297
0.23547
0.0989335
0.140971
0.0834091
0.299259
0.0270096
0.231453
0.105926
0.485786
0.34384
0.244692
0.176245
0.282705
0.201097
0.274541
0.213889
0.175403
0.201396
0.360027
0.0557505
0.350708
0.271434
0.0863917
0.0972056
0.26993
0.206164
0.298344
0.15993
0.36856
0.197496
0.114861
0.482156
0.0922273
0.368875
0.199757
0.163867
0.0437201
0.169736
0.168184
0.235708
0.260932
0.268851
0.152628
0.143486
0.261156
0.407656
0.0811554
0.205648
0.333679
0.0874486
0.411927
0.137761
0.0919018
0.379721
0.148337
0.291254
0.239512
0.22951
0.216357
0.234774
0.22232
0.304984
0.308744
0.370559
0.314666
0.109196
0.308423
0.151924
0.33795
0.431173
0.16799
0.176547
0.113653
0.18098
0.380582
0.261671
0.176627
0.142608
