0.198952
0.156374
0.263535
0.129057
0.427201
0.337769
0.300413
0.187605
0.214233
0.277211
0.137729
0.318137
0.26952
0.222828
0.24282
0.370659
0.275695
0.237013
0.283015
0.170901
0.167388
0.267335
0.369898
0.23043
0.23595
0.185686
0.289034
0.135199
0.21053
0.188837
0.294236
0.28451
0.175513
0.245537
0.366109
0.237948
0.0429183
0.26725
0.125134
0.127793
0.277422
0.357147
0.194201
0.177535
0.202866
0.0730319
0.135285
0.187247
0.240738
0.12885
0.199623
0.358902
0.280106
0.327985
0.326754
0.393748
0.243983
0.167407
0.234137
0.0801719
0.163632
0.161679
0.0872334
0.286501
0.0865931
0.380375
0.319797
0.255011
0.14862
0.239411
0.22542
0.132469
0.110392
0.198075
0.271761
0.127389
0.196491
0.066154
0.128905
0.177184
0.284882
0.106188
0.323464
0.19367
0.132973
0.372307
0.31043
0.295721
0.378396
0.434786
0.226499
0.35872
0.337696
0.38158
0.259187
0.0806919
0.280322
0.307259
0.294067
0.152941
