0.224646
0.239768
0.291945
0.221033
0.32242
0.100486
0.19787
0.311404
0.211113
0.173192
0.389467
0.103705
0.260467
0.28199
0.132393
0.25443
0.210889
0.272477
0.128104
0.169441
0.240597
0.256047
0.204656
0.390804
0.28504
0.233029
0.15574
0.383882
0.14121
0.175657
0.16906
0.219332
0.0639129
0.137963
0.256817
0.35312
0.194421
0.16799
0.161027
0.203341
0.557417
0.293395
0.308038
0.093729
0.20008
0.407275
0.205878
0.035424
0.235677
0.101503
0.198731
0.211744
0.297345
0.208075
0.344876
0.116428
0.256708
0.0968973
0.22342
0.267117
0.20725
0.166096
0.223339
0.130935
0.370579
0.37309
0.212724
0.0509296
0.36036
0.110412
0.410673
0.179291
0.131326
0.0450167
0.206403
0.182049
0.395616
0.153226
0.220784
0.161796
0.396512
0.315803
0.128774
0.223619
0.187803
0.166428
0.456648
0.304939
0.290335
0.250292
0.229672
0.28887
0.201043
0.194487
0.299421
0.486834
0.248724
0.107615
0.235502
0.08308
