0.361005
0.156374
0.215329
0.150389
0.194125
0.130589
0.253685
0.141327
0.274969
0.397272
0.137729
0.197013
0.281334
0.222828
0.24282
0.186324
0.22537
0.0768651
0.25063
0.41142
0.298061
0.23827
0.309444
0.260185
0.175725
0.185686
0.0573096
0.135199
0.21053
0.139992
0.283424
0.308553
0.103755
0.291667
0.366109
0.22425
0.226327
0.233368
0.13966
0.127793
0.309968
0.147471
0.270814
0.177535
0.142324
0.371148
0.148087
0.107467
0.190121
0.279348
0.199623
0.194159
0.280106
0.468842
0.270183
0.358502
0.172579
0.270485
0.354448
0.0685413
0.131869
0.126975
0.0872334
0.194621
0.0865931
0.319943
0.228067
0.144255
0.161189
0.0857728
0.233829
0.269772
0.110392
0.198075
0.147592
0.121521
0.202926
0.0489178
0.113779
0.279929
0.295559
0.256821
0.318686
0.149792
0.165065
0.104611
0.258175
0.447168
0.45026
0.382892
0.164052
0.3386
0.341162
0.38158
0.109312
0.2574
0.464931
0.349473
0.415298
0.345391
