0.221178
0.400464
0.488519
0.225193
0.162653
0.280637
0.208952
0.261352
0.0530753
0.220217
0.387005
0.165066
0.119473
0.354545
0.222351
0.54024
0.276918
0.315931
0.136575
0.136605
0.182793
0.209228
0.223714
0.14667
0.226596
0.212048
0.347478
0.293318
0.159228
0.0890517
0.17677
0.225155
0.319243
0.261051
0.29995
0.138614
0.201125
0.239547
0.310304
0.200622
0.185463
0.340826
0.298101
0.0974976
0.301231
0.146036
0.148227
0.138728
0.256366
0.0796233
0.0994218
0.196248
0.191404
0.215855
0.181334
0.259821
0.246776
0.487412
0.242547
0.277739
0.374046
0.20087
0.345594
0.0652554
0.316066
0.303032
0.206167
0.0992695
0.315717
0.162524
0.166365
0.275904
0.383963
0.24426
0.13002
0.158322
0.208182
0.182453
0.172486
0.252767
0.227545
0.227205
0.187234
0.206003
0.27039
0.152006
0.305322
0.223777
0.265263
0.146439
0.154094
0.105073
0.385475
0.44993
0.209297
0.207965
0.0861356
0.238311
0.229369
0.300289
