0.463956
0.259494
0.352043
0.233734
0.351716
0.218754
0.233498
0.351655
0.105193
0.231214
0.323852
0.280568
0.181337
0.370442
0.326598
0.231101
0.146658
0.287577
0.258891
0.0795797
0.0912974
0.108639
0.365061
0.102588
0.205129
0.1445
0.263277
0.362521
0.145458
0.343497
0.184243
0.214026
0.199686
0.133623
0.518507
0.143087
0.127141
0.308547
0.440388
0.267222
0.353719
0.182909
0.214816
0.341987
0.203752
0.422885
0.21072
0.110127
0.199716
0.319701
0.324472
0.216251
0.11487
0.187495
0.3869
0.203658
0.303393
0.155804
0.24838
0.192424
0.0701214
0.311256
0.168311
0.0873488
0.153958
0.380867
0.201503
0.0322763
0.203935
0.0817535
0.210305
0.32834
0.254599
0.134082
0.226776
0.0759896
0.254819
0.103781
0.273503
0.197017
0.251209
0.208163
0.283441
0.284624
0.230358
0.129157
0.13691
0.105513
0.133038
0.150721
0.235459
0.111784
0.269585
0.175857
0.254399
0.319697
0.192985
0.330205
0.36415
0.250416
