0.230916
0.202832
0.194625
0.25046
0.165152
0.195776
0.255523
0.0868273
0.188401
0.239458
0.342348
0.260908
0.200612
0.155742
0.220591
0.361589
0.0728118
0.149198
0.0970619
0.131452
0.270598
0.248553
0.211653
0.255145
0.142581
0.247044
0.199158
0.342072
0.341082
0.291049
0.132755
0.189212
0.311877
0.17926
0.147891
0.16653
0.309283
0.21628
0.280897
0.26674
0.128315
0.284279
0.359622
0.182304
0.187904
0.274736
0.40147
0.18083
0.179668
0.298501
0.411771
0.305591
0.244978
0.269041
0.195499
0.171333
0.280588
0.285493
0.202589
0.222315
0.282528
0.361793
0.230058
0.311618
0.171463
0.177457
0.094119
0.258114
0.300938
0.313815
0.323597
0.253737
0.362764
0.368266
0.235065
0.182653
0.259423
0.320895
0.175267
0.271644
0.138314
0.202304
0.120537
0.196418
0.204457
0.197792
0.270068
0.215969
0.399951
0.343855
0.205506
0.125011
0.107412
0.109711
0.348509
0.309509
0.417796
0.291321
0.20211
0.234741
