0.0564504
0.242808
0.215384
0.119764
0.443485
0.232492
0.16468
0.341468
0.0282586
0.19591
0.129301
0.183627
0.151916
0.559372
0.418154
0.148745
0.126454
0.384619
0.171667
0.278637
0.36895
0.157505
0.0780553
0.258998
0.289911
0.202623
0.402029
0.396926
0.105328
0.406901
0.196385
0.309895
0.135808
0.172356
0.247495
0.206576
0.19523
0.294639
0.209285
0.340255
0.216963
0.358951
0.185448
0.280464
0.171407
0.258358
0.190264
0.177001
0.535483
0.120841
0.102696
0.18841
0.0403791
0.31982
0.234466
0.360452
0.179617
0.244616
0.291943
0.191086
0.169096
0.149683
0.252267
0.215659
0.115096
0.258175
0.173364
0.155267
0.165658
0.34611
0.196464
0.232636
0.255517
0.372126
0.121756
0.239348
0.165755
0.260561
0.250607
0.165617
0.239467
0.11941
0.179897
0.236437
0.243321
0.378962
0.292942
0.166564
0.107161
0.418341
0.148132
0.140469
0.267262
0.298933
0.145078
0.229691
0.112892
0.201429
0.306898
0.164357
