0.0957069
0.257006
0.346312
0.0993164
0.281282
0.182933
0.197081
0.256046
0.254568
0.0579147
0.164462
0.0431469
0.290002
0.244454
0.266032
0.198148
0.179873
0.264909
0.241117
0.477932
0.356588
0.153323
0.30572
0.227104
0.110812
0.239258
0.301698
0.163704
0.439955
0.150669
0.160174
0.147633
0.112062
0.0211239
0.212313
0.280314
0.361446
0.250407
0.122342
0.143217
0.268795
0.341835
0.146681
0.0769366
0.238799
0.234831
0.320432
0.161387
0.0500726
0.301527
0.273833
0.25015
0.119089
0.325962
0.285001
0.315035
0.403869
0.125397
0.139372
0.267117
0.310613
0.244249
0.476926
0.320169
0.0965629
0.339691
0.278275
0.254561
0.246262
0.125521
0.168092
0.278596
0.131326
0.161631
0.147866
0.18908
0.310298
0.137842
0.255151
0.152405
0.489717
0.164663
0.101694
0.223619
0.197202
0.201757
0.163626
0.267087
0.51341
0.446966
0.140787
0.182779
0.399056
0.104466
0.222729
0.204792
0.134432
0.265126
0.26384
0.188639
