0.265837
0.204866
0.181166
0.114837
0.129103
0.113297
0.13602
0.271052
0.248678
0.201562
0.188574
0.240653
0.31597
0.358766
0.0773318
0.0533388
0.150274
0.232016
0.268639
0.211633
0.265434
0.306318
0.201489
0.38435
0.282152
0.0783154
0.289291
0.182079
0.339075
0.209808
0.181967
0.252347
0.264728
0.207725
0.0960663
0.304056
0.132765
0.233248
0.226228
0.312626
0.261951
0.239072
0.22086
0.420113
0.231907
0.199522
0.284111
0.118167
0.397365
0.188818
0.30019
0.359506
0.173543
0.212826
0.162138
0.240611
0.318813
0.303139
0.221343
0.272089
0.267026
0.138655
0.175525
0.391072
0.124657
0.393682
0.188552
0.064012
0.291123
0.140654
0.297014
0.241511
0.128137
0.346144
0.337763
0.31015
0.170311
0.182739
0.357891
0.220382
0.099352
0.20213
0.212423
0.173156
0.0967669
0.326917
0.297051
0.222
0.295215
0.296352
0.350944
0.260614
0.288148
0.188754
0.0851409
0.117614
0.266502
0.507548
0.332913
0.148424
