0.353265
0.201043
0.029391
0.0585485
0.359015
0.302354
0.153768
0.22638
0.185426
0.124355
0.378681
0.283578
0.168343
0.308061
0.286262
0.257138
0.0968705
0.0661062
0.27094
0.138035
0.359884
0.278443
0.24827
0.184941
0.0891747
0.305719
0.285945
0.27209
0.102945
0.263453
0.0906866
0.0949792
0.345187
0.1549
0.235708
0.306119
0.320517
0.122378
0.171523
0.0463392
0.198853
0.295608
0.207754
0.13263
0.139678
0.315766
0.231799
0.296512
0.404328
0.120641
0.198695
0.306782
0.313575
0.169719
0.473696
0.105526
0.230505
0.183629
0.453616
0.151966
0.105313
0.241774
0.292048
0.204451
0.0746089
0.2692
0.264132
0.138204
0.163012
0.136874
0.194631
0.193992
0.58033
0.244308
0.184842
0.182764
0.216482
0.183458
0.124642
0.354805
0.240816
0.269539
0.228988
0.123955
0.18194
0.149516
0.109136
0.196687
0.372586
0.3351
0.17078
0.316891
0.364476
0.0957558
0.139373
0.19417
0.627602
0.184569
0.289526
0.173386
