0.221134
0.284215
0.297332
0.212164
0.188982
0.323714
0.28024
0.27846
0.21533
0.276936
0.404943
0.242329
0.219842
0.267874
0.129545
0.253599
0.230673
0.0889095
0.108847
0.298633
0.291144
0.271286
0.222686
0.155747
0.247918
0.316782
0.365969
0.217215
0.104554
0.203685
0.519886
0.198519
0.176993
0.202927
0.0579199
0.297129
0.149205
0.227516
0.0630106
0.135663
0.174386
0.267755
0.325355
0.24242
0.345176
0.295837
0.120855
0.17484
0.244644
0.0920806
0.25917
0.198797
0.301891
0.274759
0.153487
0.19782
0.342986
0.199322
0.156474
0.326334
0.302898
0.0991098
0.415266
0.180713
0.5278
0.0644767
0.256456
0.276215
0.306713
0.137033
0.0781108
0.217599
0.190681
0.35243
0.103922
0.127082
0.222991
0.363688
0.294891
0.142516
0.224275
0.186405
0.341952
0.132615
0.204486
0.238173
0.184221
0.182301
0.345275
0.16786
0.349131
0.15121
0.358586
0.262237
0.204567
0.293739
0.0766744
0.13457
0.214082
0.353425
