0.121193
0.46021
0.160168
0.276035
0.210677
0.153137
0.133613
0.108879
0.160763
0.203012
0.192563
0.155503
0.066283
0.172806
0.324419
0.17543
0.372504
0.205822
0.132393
0.244366
0.163605
0.235354
0.191946
0.316793
0.199701
0.0593055
0.405737
0.363584
0.462616
0.267885
0.226509
0.350665
0.205507
0.304887
0.302596
0.166979
0.310862
0.327213
0.320365
0.29684
0.230037
0.155245
0.384623
0.205059
0.091543
0.336064
0.332017
0.374214
0.130309
0.241581
0.173161
0.227256
0.310166
0.30174
0.331614
0.135383
0.33304
0.284331
0.246613
0.260169
0.130044
0.259267
0.346584
0.31377
0.165762
0.119651
0.244341
0.257826
0.234761
0.0882881
0.106158
0.206683
0.240328
0.133687
0.264329
0.188168
0.418367
0.192164
0.230869
0.247926
0.161264
0.156616
0.248396
0.253727
0.49703
0.181373
0.221479
0.14555
0.162758
0.12581
0.163674
0.095585
0.385988
0.297227
0.0983953
0.232767
0.0731848
0.222524
0.178659
0.280829
