0.343578
0.146331
0.365517
0.200121
0.326144
0.343901
0.13069
0.237143
0.277094
0.0487373
0.149824
0.118651
0.22152
0.124873
0.120571
0.286998
0.125603
0.124047
0.0974448
0.116121
0.142049
0.204887
0.316676
0.134849
0.323984
0.471985
0.292578
0.125692
0.214412
0.0739594
0.326504
0.442405
0.487553
0.247056
0.160418
0.363884
0.210071
0.325452
0.187371
0.076188
0.299309
0.351512
0.249165
0.0672233
0.271556
0.297914
0.270662
0.333307
0.239727
0.332569
0.185592
0.185637
0.223031
0.156734
0.149664
0.171315
0.171522
0.318481
0.203904
0.223249
0.184268
0.155325
0.161311
0.129099
0.306362
0.41903
0.3051
0.295574
0.164445
0.253606
0.173852
0.480098
0.26042
0.0429196
0.144247
0.234829
0.15048
0.237204
0.192505
0.293782
0.39927
0.423429
0.14889
0.265271
0.0562715
0.132022
0.25199
0.250896
0.258271
0.171793
0.203414
0.23122
0.316246
0.116928
0.128617
0.13118
0.21222
0.322407
0.345683
0.219947
