0.166685
0.484153
0.210052
0.274026
0.258686
0.285509
0.322901
0.0260924
0.0388679
0.153813
0.298787
0.134071
0.31328
0.111067
0.2313
0.141009
0.152785
0.331342
0.112527
0.160186
0.133203
0.34392
0.0735614
0.224848
0.30325
0.34126
0.211609
0.331772
0.303841
0.111646
0.0730755
0.266513
0.187809
0.172793
0.135857
0.127984
0.131506
0.3476
0.318345
0.0732369
0.0670448
0.293487
0.155216
0.117971
0.250805
0.128559
0.281924
0.223999
0.171183
0.430019
0.120929
0.223013
0.17852
0.135158
0.107734
0.227779
0.297364
0.0802945
0.217083
0.216531
0.288463
0.178259
0.154152
0.580758
0.377445
0.396706
0.240636
0.210652
0.403159
0.0666759
0.182216
0.29933
0.176664
0.313759
0.371025
0.238954
0.329232
0.11206
0.327802
0.272641
0.264528
0.347925
0.344698
0.208054
0.157275
0.365363
0.113865
0.371884
0.224392
0.148198
0.340404
0.384976
0.191972
0.274266
0.231621
0.105957
0.137962
0.0781282
0.217919
0.289455
