0.23776
0.217843
0.17834
0.198079
0.315913
0.185851
0.216388
0.119418
0.199812
0.303165
0.335254
0.265717
0.162603
0.151653
0.264225
0.108094
0.215832
0.358511
0.324901
0.252019
0.271184
0.260076
0.183997
0.192734
0.373866
0.174271
0.206879
0.249487
0.121303
0.244695
0.420649
0.188134
0.291216
0.154482
0.459133
0.246084
0.153602
0.204034
0.098025
0.176538
0.24641
0.0989542
0.144035
0.172705
0.162543
0.256724
0.155512
0.135416
0.18406
0.265563
0.341401
0.126847
0.0886964
0.180438
0.0977462
0.261158
0.40399
0.0652798
0.025713
0.20209
0.274763
0.181884
0.246605
0.44244
0.165142
0.258441
0.294164
0.288081
0.185904
0.142386
0.372529
0.177471
0.118033
0.360205
0.257513
0.238772
0.115124
0.174129
0.225542
0.276906
0.24321
0.297638
0.420329
0.431514
0.181225
0.172791
0.20733
0.330005
0.356098
0.351127
0.17901
0.335028
0.221449
0.0856314
0.440251
0.328717
0.125676
0.309758
0.312097
0.173706
