0.102666
0.368316
0.203811
0.198447
0.366988
0.231338
0.0755339
0.186466
0.105146
0.193963
0.301123
0.177614
0.212807
0.333806
0.22369
0.245018
0.109063
0.174629
0.261596
0.137368
0.135205
0.279919
0.26684
0.434345
0.241115
0.135569
0.32936
0.144719
0.197984
0.249111
0.181626
0.17618
0.236551
0.281171
0.158193
0.112814
0.199539
0.0804265
0.138985
0.0875238
0.201005
0.24497
0.221018
0.203922
0.330105
0.455981
0.167811
0.36979
0.129781
0.415623
0.243122
0.541521
0.130216
0.23974
0.359419
0.261803
0.232309
0.18718
0.174826
0.0937018
0.131605
0.124704
0.121889
0.128917
0.166637
0.450437
0.18912
0.216044
0.209264
0.0944511
0.208066
0.129799
0.490213
0.252153
0.22739
0.129209
0.299762
0.22078
0.230153
0.251883
0.27669
0.166684
0.19955
0.422305
0.107239
0.249704
0.241646
0.123332
0.361529
0.269393
0.332212
0.0899803
0.426314
0.0695386
0.318948
0.228724
0.29477
0.367839
0.297743
0.277922
