0.198204
0.0922615
0.134172
0.106085
0.408553
0.226238
0.411112
0.285322
0.0649529
0.35263
0.130166
0.437531
0.116003
0.176862
0.278336
0.0865955
0.194601
0.166964
0.173578
0.27908
0.218835
0.107769
0.145726
0.264235
0.172237
0.234953
0.247385
0.151655
0.402861
0.18075
0.26348
0.191244
0.12373
0.184375
0.381892
0.168023
0.226644
0.188877
0.200315
0.392374
0.112496
0.22306
0.172777
0.16075
0.252462
0.3077
0.321435
0.355188
0.201929
0.349719
0.0659253
0.305215
0.156953
0.234924
0.22563
0.343037
0.022428
0.402263
0.199085
0.337785
0.195352
0.158068
0.121671
0.213991
0.268295
0.317024
0.515463
0.306499
0.340732
0.220545
0.263708
0.0959127
0.138401
0.196496
0.138719
0.143686
0.427386
0.429193
0.192926
0.173685
0.181131
0.326846
0.239688
0.218428
0.124761
0.203367
0.278655
0.304568
0.421595
0.158324
0.150297
0.166927
0.163159
0.334354
0.22424
0.139594
0.249704
0.294411
0.206765
0.226413
