0.0984327
0.223787
0.254797
0.219405
0.1709
0.294889
0.238679
0.293177
0.036061
0.257169
0.357101
0.285574
0.229968
0.399294
0.188654
0.279817
0.425115
0.257309
0.299217
0.409264
0.192614
0.256261
0.159555
0.200054
0.222937
0.238186
0.238414
0.230519
0.0494087
0.241465
0.148507
0.204834
0.261966
0.168192
0.102017
0.392535
0.297875
0.0726724
0.257401
0.282204
0.182725
0.250986
0.17359
0.207002
0.176919
0.152878
0.275238
0.167673
0.253684
0.248359
0.282114
0.313026
0.346439
0.255159
0.243406
0.114944
0.241225
0.180613
0.216123
0.302183
0.248164
0.145928
0.200348
0.286537
0.247193
0.220376
0.444965
0.359278
0.0234197
0.152047
0.0580031
0.120181
0.35021
0.297408
0.287929
0.133662
0.277666
0.273923
0.390169
0.200237
0.224823
0.27626
0.117456
0.59297
0.190865
0.150475
0.147508
0.315691
0.169529
0.148151
0.213086
0.355014
0.223791
0.188946
0.113312
0.247987
0.164511
0.240888
0.101967
0.304245
