0.157704
0.340497
0.0626273
0.308374
0.296838
0.197617
0.375945
0.149147
0.203103
0.221996
0.153267
0.13117
0.284858
0.214836
0.51771
0.144086
0.284793
0.246267
0.19521
0.246284
0.115526
0.163438
0.524863
0.337068
0.0652256
0.0945664
0.171103
0.153193
0.130631
0.195732
0.135427
0.159087
0.160015
0.114348
0.360062
0.290196
0.228593
0.237645
0.263353
0.285601
0.164216
0.250137
0.220867
0.192118
0.290545
0.395913
0.16894
0.105673
0.322421
0.338861
0.172655
0.266649
0.226952
0.253044
0.231124
0.176057
0.42275
0.178605
0.23055
0.228057
0.254179
0.302756
0.405897
0.194241
0.363283
0.259533
0.184342
0.328796
0.229241
0.290155
0.228983
0.129928
0.184092
0.123614
0.331879
0.0950157
0.209705
0.199372
0.203776
0.257222
0.126951
0.268037
0.167845
0.244393
0.190203
0.178904
0.337992
0.211597
0.273418
0.416631
0.209803
0.222105
0.20678
0.402889
0.257635
0.209662
0.239219
0.139329
0.235408
0.274901
