0.144316
0.319932
0.406611
0.0997525
0.148399
0.350865
0.284905
0.263298
0.244717
0.118016
0.169801
0.207383
0.179162
0.2951
0.304917
0.240748
0.131711
0.141178
0.185411
0.398875
0.165703
0.31749
0.247297
0.118793
0.322931
0.0951489
0.134075
0.305651
0.27299
0.189812
0.285219
0.233121
0.229329
0.182819
0.329652
0.405418
0.171725
0.275609
0.191141
0.187351
0.205992
0.283863
0.278246
0.205476
0.361466
0.041865
0.289342
0.0444406
0.226281
0.164935
0.218902
0.266262
0.17385
0.215978
0.311771
0.255668
0.198811
0.136515
0.165191
0.234903
0.353056
0.345927
0.0702862
0.35555
0.344683
0.157479
0.120438
0.381967
0.22927
0.123945
0.123367
0.231737
0.564243
0.340528
0.0636918
0.244021
0.314884
0.376563
0.139757
0.151152
0.152409
0.1997
0.247283
0.326265
0.191822
0.243124
0.229734
0.153698
0.333887
0.348683
0.305084
0.206675
0.15007
0.216955
0.154334
0.24819
0.0553678
0.344877
0.261651
0.213454
