0.212925
0.328513
0.227219
0.195369
0.422188
0.254457
0.241853
0.270173
0.204806
0.0989422
0.272721
0.418577
0.324244
0.0384339
0.343218
0.317937
0.113247
0.247319
0.357397
0.0955057
0.220972
0.0908523
0.128693
0.326476
0.316298
0.286025
0.147092
0.192628
0.246194
0.356782
0.277814
0.104583
0.238097
0.231892
0.346167
0.302193
0.340601
0.286099
0.230818
0.294687
0.229212
0.290019
0.258827
0.250488
0.260846
0.307561
0.258508
0.309536
0.220431
0.363186
0.184435
0.105769
0.325788
0.290115
0.27449
0.243182
0.267284
0.0975695
0.290797
0.272626
0.134564
0.0935875
0.15342
0.231639
0.222888
0.287186
0.395239
0.107377
0.317042
0.437585
0.26573
0.189943
0.0944494
0.209189
0.140733
0.133764
0.216266
0.237353
0.0885005
0.05928
0.211545
0.123596
0.12457
0.157651
0.377239
0.20946
0.17358
0.137516
0.263649
0.113779
0.240007
0.173211
0.278845
0.357851
0.135142
0.253283
0.357567
0.309439
0.0724753
0.161625
