0.112661
0.125608
0.345472
0.212164
0.188982
0.354235
0.28024
0.27482
0.249952
0.549563
0.193187
0.242329
0.15854
0.194102
0.129545
0.253599
0.25157
0.237554
0.293385
0.376117
0.291144
0.271286
0.222686
0.155747
0.245476
0.3078
0.336086
0.238228
0.211576
0.159116
0.511609
0.148966
0.137078
0.188542
0.199159
0.301506
0.149205
0.228953
0.280412
0.0912527
0.168627
0.194576
0.364015
0.142782
0.212989
0.295837
0.139265
0.191193
0.299931
0.152492
0.219337
0.222939
0.146544
0.274759
0.153487
0.342504
0.339145
0.203538
0.156474
0.31094
0.0877856
0.207545
0.170732
0.180713
0.5278
0.225984
0.256456
0.212404
0.292956
0.210847
0.146049
0.375733
0.118958
0.117321
0.245584
0.127082
0.203963
0.178972
0.41134
0.111817
0.308222
0.221064
0.227441
0.268768
0.0561023
0.238173
0.298468
0.151483
0.336496
0.114422
0.242186
0.187125
0.358586
0.209422
0.491451
0.0840301
0.158618
0.161233
0.172119
0.176304
