0.149185
0.103263
0.256815
0.210661
0.150726
0.1432
0.344172
0.333553
0.0468466
0.239465
0.044297
0.168683
0.254602
0.223619
0.373347
0.22715
0.28478
0.226179
0.140348
0.285731
0.354702
0.349422
0.140476
0.555854
0.284499
0.176176
0.205157
0.150519
0.272614
0.252306
0.0900852
0.186996
0.114066
0.31213
0.385112
0.132073
0.265382
0.159704
0.39454
0.288395
0.124947
0.293568
0.203528
0.247613
0.257941
0.0989187
0.207063
0.198283
0.157967
0.196299
0.222749
0.186569
0.0716494
0.359155
0.131194
0.126752
0.385597
0.355238
0.304359
0.32268
0.381552
0.0967371
0.28783
0.176815
0.23777
0.292649
0.348772
0.321515
0.378205
0.0785249
0.220919
0.172186
0.11113
0.235184
0.270913
0.299904
0.259725
0.172255
0.41904
0.439745
0.263317
0.185698
0.100109
0.302901
0.11599
0.271109
0.217519
0.140249
0.187022
0.226571
0.255573
0.171323
0.221083
0.207371
0.360916
0.107091
0.209464
0.116043
0.272201
0.206283
