0.288658
0.230423
0.306438
0.281426
0.200484
0.124095
0.403728
0.326169
0.320831
0.288665
0.294516
0.198679
0.138107
0.173406
0.116077
0.250543
0.160604
0.0649237
0.151198
0.214882
0.161014
0.102682
0.318393
0.277305
0.129459
0.145755
0.284667
0.317567
0.189334
0.501034
0.0984583
0.224564
0.2785
0.318205
0.255983
0.151263
0.244652
0.22621
0.278677
0.146054
0.32911
0.199819
0.397286
0.150932
0.0508175
0.143429
0.207297
0.145994
0.259247
0.200233
0.182964
0.313533
0.141333
0.246203
0.161212
0.192503
0.140406
0.144636
0.233169
0.35948
0.260136
0.400533
0.30744
0.100449
0.347629
0.293867
0.190337
0.168415
0.297723
0.194383
0.38697
0.270294
0.102751
0.303125
0.265107
0.377614
0.276525
0.281937
0.250843
0.222197
0.0803613
0.0800846
0.201757
0.195396
0.104295
0.358815
0.153182
0.16141
0.421476
0.207297
0.275214
0.358138
0.363666
0.243654
0.218463
0.308084
0.207651
0.285654
0.227767
0.206886
