0.115612
0.288703
0.341311
0.250953
0.291113
0.397173
0.205829
0.250849
0.227395
0.282455
0.201653
0.174035
0.14246
0.449107
0.279434
0.142402
0.121964
0.343742
0.0754876
0.352348
0.325701
0.327292
0.466233
0.167274
0.264516
0.207511
0.338731
0.175663
0.287578
0.171407
0.270995
0.192016
0.201058
0.22618
0.071101
0.210491
0.249711
0.29579
0.0975186
0.110443
0.306344
0.089631
0.24242
0.0815382
0.158253
0.343535
0.198997
0.337393
0.161204
0.172535
0.170536
0.171479
0.135864
0.182256
0.230968
0.278281
0.298905
0.338966
0.117675
0.265339
0.378295
0.236973
0.526301
0.215541
0.391094
0.245758
0.149507
0.176966
0.37773
0.150036
0.20672
0.184323
0.350693
0.26821
0.245146
0.224112
0.123047
0.155611
0.106354
0.238469
0.3038
0.193226
0.42717
0.248239
0.140448
0.0785497
0.260339
0.287699
0.280009
0.300981
0.223835
0.162798
0.207685
0.0678655
0.308051
0.193461
0.120697
0.242529
0.195426
0.0864456
