0.282064
0.209403
0.137957
0.0576501
0.170932
0.272914
0.331192
0.256111
0.197846
0.0874472
0.368395
0.142191
0.364859
0.282197
0.394823
0.24972
0.200541
0.238131
0.212271
0.0893494
0.263306
0.0943928
0.275019
0.275712
0.176236
0.151556
0.277266
0.306952
0.236076
0.146215
0.118191
0.438882
0.251245
0.276554
0.103981
0.284821
0.0956354
0.354585
0.246199
0.342601
0.303198
0.186605
0.232273
0.30854
0.318464
0.272391
0.169391
0.280804
0.107828
0.199259
0.320722
0.0806616
0.340922
0.16185
0.502206
0.224348
0.242945
0.273971
0.16862
0.254587
0.126104
0.146783
0.192839
0.312757
0.153967
0.416176
0.322217
0.246258
0.116069
0.199095
0.269894
0.174795
0.209176
0.445494
0.297335
0.311169
0.0939142
0.254071
0.293373
0.235188
0.171658
0.298204
0.0902696
0.125065
0.159468
0.317926
0.0749076
0.166572
0.207471
0.260856
0.226453
0.189791
0.40744
0.181172
0.243169
0.327623
0.257624
0.0657813
0.283963
0.129524
