0.203046
0.0715354
0.278254
0.176577
0.125697
0.189738
0.167436
0.306875
0.27122
0.145267
0.171161
0.236255
0.167125
0.137512
0.20042
0.211001
0.195451
0.0666648
0.350579
0.315277
0.205952
0.207607
0.179631
0.0985438
0.13882
0.378692
0.27668
0.269799
0.253653
0.260794
0.186039
0.352027
0.438575
0.288976
0.135679
0.315517
0.191827
0.104953
0.370349
0.102382
0.162508
0.272695
0.133001
0.242512
0.246077
0.240969
0.234608
0.370097
0.346237
0.394737
0.200972
0.335937
0.256019
0.151951
0.190314
0.0373228
0.264466
0.163994
0.212188
0.439332
0.28765
0.188965
0.11744
0.15531
0.329115
0.263669
0.194295
0.252693
0.276525
0.175656
0.338026
0.251806
0.203724
0.241597
0.256885
0.139145
0.257306
0.188868
0.0880319
0.0536171
0.406462
0.418077
0.241342
0.0878986
0.286844
0.23296
0.223545
0.306436
0.367153
0.359127
0.202225
0.333173
0.29421
0.184117
0.198373
0.239302
0.193104
0.243469
0.361323
0.286989
