0.115022
0.144583
0.216987
0.351086
0.275086
0.18235
0.187893
0.355808
0.26213
0.203397
0.40752
0.283938
0.310027
0.322348
0.0876062
0.471974
0.266976
0.232527
0.347747
0.269919
0.187433
0.143775
0.307545
0.434035
0.163149
0.17663
0.241727
0.34719
0.406214
0.121364
0.0604546
0.108264
0.433882
0.0864454
0.296232
0.16261
0.125001
0.28718
0.165961
0.156755
0.326851
0.233235
0.279829
0.251169
0.458639
0.308797
0.104329
0.256052
0.291167
0.294203
0.25035
0.111225
0.078877
0.181944
0.180154
0.250228
0.167979
0.290264
0.136378
0.125395
0.119014
0.22928
0.218196
0.167775
0.124924
0.187588
0.58705
0.223008
0.249613
0.268953
0.214944
0.11616
0.133595
0.232295
0.0437271
0.0903454
0.230619
0.346702
0.176621
0.15455
0.303783
0.112142
0.122814
0.350138
0.196947
0.328374
0.357794
0.287035
0.257615
0.178858
0.180504
0.117135
0.029053
0.337716
0.140456
0.0855507
0.264452
0.350162
0.149035
0.178665
