0.244492
0.112296
0.163986
0.179666
0.178677
0.164816
0.384995
0.149495
0.158439
0.533335
0.186436
0.465919
0.0724929
0.173426
0.15267
0.319291
0.255315
0.131498
0.0283817
0.421177
0.314655
0.105305
0.310218
0.409825
0.247848
0.237206
0.228401
0.185021
0.273607
0.441147
0.397758
0.286235
0.489211
0.131897
0.271705
0.382568
0.263336
0.142288
0.301337
0.317593
0.163615
0.174738
0.146021
0.0753881
0.391516
0.299931
0.202064
0.167927
0.168618
0.280067
0.253323
0.289962
0.116449
0.206696
0.360498
0.149417
0.216049
0.246503
0.124609
0.156616
0.153876
0.22085
0.269101
0.291715
0.430143
0.263357
0.133307
0.139516
0.143352
0.148544
0.121331
0.153648
0.104811
0.162035
0.184843
0.140559
0.257168
0.243842
0.325974
0.267794
0.311571
0.173645
0.258463
0.208608
0.429317
0.243991
0.225627
0.330834
0.127657
0.315443
0.159317
0.21669
0.0749397
0.185282
0.16852
0.16566
0.0831026
0.114469
0.218794
0.247766
