0.384734
0.137676
0.236982
0.129074
0.152096
0.0571308
0.197797
0.261288
0.374596
0.155906
0.158409
0.223815
0.144985
0.30663
0.181167
0.254684
0.43012
0.279676
0.17569
0.423553
0.1954
0.279425
0.404765
0.166874
0.0883414
0.135896
0.211563
0.126617
0.408202
0.333474
0.216881
0.11092
0.0875196
0.24124
0.250849
0.187322
0.124291
0.115163
0.456209
0.178157
0.195275
0.073432
0.120447
0.192258
0.34414
0.347601
0.0804363
0.255011
0.199322
0.308946
0.401163
0.307349
0.183071
0.233822
0.271154
0.201031
0.112821
0.27502
0.345143
0.197824
0.32193
0.290809
0.409779
0.221119
0.192169
0.136466
0.149886
0.077905
0.205091
0.283775
0.175946
0.276302
0.354153
0.271075
0.175328
0.113385
0.166523
0.391154
0.103239
0.24324
0.192013
0.466716
0.253835
0.266107
0.299813
0.297914
0.409817
0.246681
0.166173
0.10616
0.186073
0.132012
0.318811
0.113592
0.277103
0.199932
0.19837
0.210186
0.174391
0.308331
