0.328527
0.46042
0.132478
0.0813089
0.224582
0.178223
0.124211
0.209242
0.351065
0.249817
0.213911
0.111382
0.292576
0.136036
0.226343
0.303892
0.098576
0.270385
0.256282
0.288511
0.366997
0.141774
0.510807
0.319076
0.193125
0.128377
0.259373
0.276325
0.248349
0.201115
0.0996174
0.439375
0.314812
0.0386507
0.236043
0.2422
0.207509
0.118216
0.108933
0.210938
0.237547
0.0677846
0.202844
0.248347
0.354247
0.14226
0.0752117
0.13133
0.182469
0.296636
0.142745
0.33301
0.0433526
0.336129
0.183547
0.382407
0.413097
0.0812997
0.255438
0.085198
0.260804
0.136732
0.188592
0.219426
0.285283
0.0932643
0.246587
0.113396
0.318141
0.37185
0.382319
0.165859
0.258205
0.111178
0.225408
0.222
0.239607
0.271669
0.134689
0.169441
0.186934
0.283324
0.118866
0.160479
0.178568
0.237682
0.27022
0.116141
0.410632
0.367459
0.209166
0.173457
0.136262
0.258737
0.239939
0.326325
0.191407
0.178158
0.385874
0.533312
