0.0856671
0.177654
0.328017
0.150241
0.107289
0.10926
0.269429
0.312424
0.370223
0.346271
0.246798
0.107891
0.24824
0.0158223
0.116077
0.378518
0.160604
0.177114
0.367171
0.220156
0.354211
0.102682
0.151442
0.268697
0.265274
0.15876
0.357267
0.296807
0.151009
0.185223
0.0773612
0.243355
0.42279
0.076086
0.353087
0.151263
0.302567
0.438113
0.278677
0.233844
0.335077
0.240941
0.262179
0.111478
0.139757
0.285086
0.227068
0.145994
0.13971
0.101556
0.33112
0.234517
0.106704
0.350229
0.317776
0.250271
0.199741
0.223376
0.271772
0.445287
0.260136
0.314773
0.374203
0.100449
0.198245
0.214504
0.152147
0.050784
0.138578
0.251961
0.390043
0.176111
0.0974418
0.327476
0.164751
0.438247
0.38357
0.218624
0.249791
0.291076
0.263199
0.119858
0.229252
0.114276
0.279584
0.358815
0.22948
0.174098
0.0955454
0.184568
0.267828
0.133828
0.240402
0.250316
0.215777
0.128631
0.216759
0.261084
0.342997
0.216096
