0.206884
0.149299
0.195674
0.327201
0.263271
0.166313
0.15572
0.114689
0.28331
0.172047
0.120259
0.204609
0.257862
0.352165
0.314797
0.333241
0.411845
0.525361
0.317905
0.0922755
0.106904
0.227198
0.251074
0.0695083
0.400642
0.18591
0.215456
0.237638
0.257202
0.335779
0.31011
0.19083
0.160834
0.342632
0.33652
0.122518
0.129295
0.157173
0.392462
0.109124
0.219117
0.459747
0.246854
0.279749
0.167992
0.0705171
0.0729713
0.295659
0.230983
0.230882
0.249557
0.196181
0.178175
0.158245
0.144635
0.371852
0.242708
0.121698
0.258555
0.427836
0.135121
0.12382
0.16662
0.441708
0.0914617
0.382554
0.283009
0.310371
0.244316
0.31801
0.17577
0.2905
0.235183
0.0973089
0.205428
0.252992
0.0939348
0.317445
0.324273
0.414589
0.134192
0.0807817
0.161339
0.253929
0.162806
0.0717903
0.180942
0.30688
0.398773
0.11554
0.177115
0.200037
0.181053
0.219392
0.241584
0.181895
0.0551642
0.184421
0.278458
0.258293
