0.265837
0.195571
0.357098
0.23426
0.129103
0.113297
0.16924
0.271052
0.311708
0.240507
0.2089
0.267796
0.107802
0.302513
0.188933
0.0533388
0.150274
0.0814449
0.254774
0.105246
0.207785
0.319659
0.259627
0.36689
0.252586
0.229519
0.348745
0.17126
0.15798
0.209808
0.340918
0.107235
0.14399
0.131168
0.0960663
0.189085
0.257114
0.102268
0.204783
0.279346
0.0214004
0.176229
0.278201
0.346492
0.406842
0.27535
0.269974
0.212993
0.104458
0.482768
0.143333
0.16955
0.125457
0.212826
0.0787404
0.249476
0.065573
0.303139
0.356722
0.335647
0.377765
0.0962865
0.139889
0.344182
0.124657
0.312575
0.342195
0.216364
0.404579
0.365594
0.270009
0.205804
0.232587
0.2077
0.337763
0.271365
0.176004
0.191689
0.282026
0.217521
0.198269
0.229502
0.212423
0.146989
0.19842
0.327754
0.27545
0.397099
0.292001
0.327708
0.20471
0.191481
0.260181
0.235524
0.200078
0.405154
0.2695
0.150299
0.366088
0.212829
