0.208233
0.115454
0.183102
0.201176
0.214238
0.332698
0.220322
0.414328
0.383655
0.23081
0.328631
0.28758
0.309832
0.112817
0.482686
0.29431
0.152204
0.373763
0.109283
0.154636
0.292227
0.149861
0.283094
0.132153
0.321369
0.188617
0.192719
0.210112
0.233527
0.199834
0.356913
0.252336
0.357225
0.243372
0.122658
0.336424
0.27753
0.133545
0.176597
0.199119
0.0955569
0.178604
0.224882
0.305365
0.380174
0.14097
0.241618
0.184372
0.340631
0.122163
0.261967
0.29647
0.136679
0.248068
0.18133
0.390852
0.222537
0.192207
0.13593
0.366235
0.235611
0.115903
0.238066
0.167633
0.275432
0.264642
0.136443
0.123761
0.129308
0.154364
0.26924
0.182938
0.159682
0.271132
0.381735
0.146004
0.245205
0.285517
0.133848
0.313617
0.348563
0.299244
0.298437
0.19391
0.256771
0.160009
0.0674424
0.133453
0.243083
0.299949
0.269692
0.203108
0.267498
0.270396
0.298746
0.332128
0.249889
0.25261
0.210136
0.255075
