0.170802
0.199947
0.246228
0.253056
0.483565
0.260756
0.322958
0.172857
0.167118
0.226259
0.351773
0.13117
0.170686
0.179303
0.382693
0.360873
0.284793
0.223779
0.216436
0.172562
0.251845
0.229258
0.367361
0.114919
0.281894
0.31218
0.115113
0.249615
0.141804
0.161269
0.185118
0.3825
0.128501
0.177428
0.256938
0.153554
0.16204
0.334806
0.140346
0.279438
0.297666
0.205628
0.221071
0.317405
0.195549
0.215
0.16894
0.0588251
0.297461
0.367262
0.21112
0.237861
0.381088
0.34984
0.428008
0.212025
0.135879
0.178605
0.315769
0.271507
0.317269
0.192186
0.21577
0.194392
0.315457
0.300801
0.184342
0.200764
0.235873
0.193041
0.131872
0.207833
0.171886
0.250004
0.298142
0.278164
0.234552
0.203826
0.258091
0.0469745
0.179341
0.279555
0.135919
0.122334
0.187246
0.240983
0.189228
0.244228
0.164346
0.416631
0.402498
0.203649
0.194292
0.17065
0.274511
0.303433
0.309496
0.130379
0.271642
0.274901
