0.518299
0.140294
0.159965
0.275211
0.135488
0.141591
0.376487
0.209147
0.349061
0.209286
0.208672
0.237586
0.121785
0.240241
0.125449
0.180215
0.179407
0.166706
0.196367
0.130111
0.311483
0.361394
0.215542
0.153805
0.0536798
0.0960415
0.190793
0.184918
0.20273
0.362714
0.193048
0.0508533
0.268383
0.280554
0.0731561
0.196116
0.167249
0.338181
0.160927
0.239162
0.195595
0.358967
0.245276
0.556916
0.208484
0.188409
0.23595
0.13243
0.206618
0.179144
0.272246
0.181031
0.304635
0.255602
0.529636
0.270558
0.0846638
0.228144
0.143698
0.309454
0.360554
0.312262
0.224139
0.217955
0.180466
0.143208
0.246075
0.30088
0.194911
0.233557
0.266229
0.264637
0.204023
0.169589
0.235669
0.171451
0.350715
0.242442
0.140112
0.380794
0.272432
0.108787
0.258159
0.270272
0.0874239
0.126285
0.195779
0.419395
0.246308
0.250088
0.157915
0.264041
0.367386
0.152754
0.350946
0.436865
0.254665
0.101557
0.206497
0.163558
