0.0451731
0.152916
0.228546
0.235493
0.435739
0.442677
0.271005
0.150256
0.273798
0.333941
0.278944
0.210868
0.209931
0.100869
0.149731
0.189766
0.194447
0.116143
0.0739711
0.193639
0.334547
0.316569
0.224028
0.297068
0.46394
0.350591
0.136402
0.233391
0.237993
0.126512
0.105486
0.126698
0.272576
0.267193
0.292481
0.316684
0.448082
0.0861685
0.285238
0.12084
0.080088
0.21
0.208365
0.164299
0.269093
0.26051
0.260346
0.3586
0.0916042
0.287223
0.225242
0.227411
0.255599
0.234954
0.386997
0.213537
0.190453
0.189027
0.21139
0.286432
0.231342
0.427904
0.408558
0.173576
0.45789
0.0547185
0.313293
0.344866
0.251444
0.108351
0.215565
0.0317387
0.193531
0.178394
0.136184
0.102789
0.306939
0.190655
0.122196
0.112477
0.21037
0.337313
0.24802
0.30784
0.149722
0.0719699
0.339831
0.317326
0.176331
0.217243
0.203096
0.195347
0.16788
0.162833
0.136666
0.485423
0.223761
0.210774
0.217258
0.218145
