0.392303
0.174256
0.258762
0.089782
0.31625
0.103787
0.145469
0.304252
0.118464
0.182865
0.420372
0.404128
0.309106
0.35315
0.117263
0.201138
0.236523
0.4037
0.0692363
0.26737
0.256756
0.212859
0.269988
0.0844397
0.306617
0.260867
0.114528
0.296005
0.0792303
0.172844
0.206556
0.180969
0.191581
0.154855
0.356159
0.377484
0.167165
0.245711
0.117428
0.160472
0.194634
0.211326
0.37163
0.281746
0.197752
0.225042
0.204243
0.437252
0.0974283
0.503826
0.318679
0.182783
0.109601
0.268829
0.217341
0.158891
0.225141
0.25359
0.238582
0.345053
0.218319
0.102999
0.261054
0.160585
0.164792
0.193189
0.34712
0.141873
0.321496
0.225973
0.155831
0.137229
0.0844149
0.133041
0.307055
0.12924
0.271209
0.27584
0.1624
0.142134
0.0942158
0.302697
0.141484
0.313066
0.266376
0.290829
0.306672
0.303376
0.374165
0.192743
0.207559
0.22676
0.147629
0.29679
0.11004
0.149155
0.449036
0.130226
0.390482
0.287766
