0.17407
0.263062
0.163457
0.291289
0.169623
0.202341
0.170824
0.108879
0.311642
0.318052
0.250387
0.155503
0.116003
0.264258
0.11513
0.0865955
0.37461
0.264565
0.231175
0.244366
0.144612
0.235354
0.0902613
0.264235
0.172237
0.234953
0.375355
0.276584
0.4689
0.214727
0.226509
0.276852
0.191322
0.150513
0.302596
0.198504
0.307032
0.125837
0.137226
0.450872
0.282757
0.22306
0.215719
0.205059
0.440449
0.190841
0.164648
0.272666
0.181512
0.0463763
0.314326
0.283147
0.278106
0.248271
0.231593
0.135383
0.022428
0.402263
0.189695
0.295566
0.295319
0.259267
0.373457
0.279094
0.396641
0.272566
0.365008
0.114611
0.265604
0.290535
0.263708
0.294981
0.192989
0.133687
0.375029
0.17877
0.176393
0.206291
0.370745
0.1006
0.161264
0.351325
0.239688
0.0627163
0.146711
0.261825
0.247743
0.255079
0.343852
0.268475
0.222339
0.114855
0.284544
0.246983
0.249533
0.0892666
0.0731848
0.183169
0.32077
0.192935
