0.407168
0.237691
0.328258
0.228804
0.555543
0.344833
0.172744
0.311094
0.0677282
0.24221
0.280033
0.23349
0.321415
0.124873
0.265614
0.273148
0.115884
0.124047
0.0571519
0.137532
0.200786
0.192351
0.0944767
0.0727073
0.15861
0.311036
0.268576
0.185383
0.165219
0.328587
0.396086
0.222031
0.318013
0.247056
0.165952
0.505763
0.210071
0.345279
0.13553
0.141767
0.321021
0.117235
0.265671
0.13453
0.234835
0.18206
0.159744
0.333307
0.182694
0.0896308
0.119611
0.122432
0.331054
0.320313
0.0904347
0.259286
0.209539
0.318481
0.1905
0.0982049
0.26556
0.155325
0.250161
0.11014
0.366658
0.240904
0.289268
0.125205
0.164445
0.253606
0.173852
0.107642
0.385759
0.381797
0.15565
0.379848
0.166204
0.241371
0.399635
0.277261
0.2828
0.424994
0.177703
0.270629
0.0562715
0.320825
0.223476
0.250896
0.258271
0.171793
0.233285
0.264151
0.295016
0.101255
0.156307
0.123345
0.21222
0.263046
0.187218
0.206417
