0.0811867
0.27552
0.155911
0.168332
0.288855
0.185067
0.259045
0.1996
0.269354
0.264889
0.145549
0.192614
0.338762
0.19319
0.231633
0.274732
0.343885
0.201988
0.284039
0.208182
0.253814
0.188046
0.377297
0.301916
0.171306
0.272866
0.177439
0.470063
0.336225
0.0156792
0.287024
0.246129
0.102644
0.141884
0.312253
0.201939
0.0341735
0.16714
0.137194
0.186863
0.224174
0.159378
0.0213407
0.307835
0.302372
0.135558
0.353941
0.326415
0.240681
0.171541
0.200178
0.140338
0.2848
0.211886
0.242548
0.29448
0.351984
0.152253
0.11106
0.217428
0.433238
0.267282
0.199386
0.181798
0.142011
0.326764
0.0956673
0.291273
0.25303
0.0867252
0.113116
0.213738
0.472009
0.311501
0.175145
0.247553
0.12754
0.338161
0.153484
0.31566
0.224059
0.322761
0.205202
0.135552
0.181763
0.279382
0.308073
0.349647
0.174483
0.324356
0.313992
0.431586
0.163955
0.378181
0.333537
0.312916
0.145045
0.161593
0.161401
0.158448
