0.202226
0.130834
0.0810602
0.170434
0.203246
0.160152
0.354241
0.202387
0.225006
0.186716
0.302281
0.236593
0.403115
0.351534
0.236087
0.253566
0.124433
0.208101
0.267871
0.24754
0.327626
0.209314
0.237911
0.266418
0.291282
0.224047
0.148274
0.260798
0.274586
0.23179
0.229944
0.30464
0.0597613
0.301694
0.334491
0.172438
0.375851
0.197409
0.24313
0.254327
0.239489
0.332944
0.111771
0.364433
0.270445
0.313241
0.326748
0.193162
0.255668
0.348783
0.18513
0.23297
0.282509
0.205904
0.199724
0.301237
0.268602
0.0823152
0.266684
0.104986
0.15367
0.195392
0.179876
0.20199
0.0946506
0.399094
0.161435
0.177907
0.135095
0.254586
0.174039
0.194025
0.304909
0.233395
0.143741
0.134658
0.167408
0.28531
0.294052
0.190052
0.527566
0.163209
0.247979
0.0540647
0.236927
0.114914
0.262007
0.267587
0.331488
0.121676
0.24935
0.30246
0.284095
0.327396
0.30378
0.410016
0.24447
0.0897549
0.27286
0.277541
