0.152891
0.186707
0.16988
0.217196
0.151302
0.343437
0.286744
0.227952
0.287346
0.193082
0.123987
0.282508
0.224044
0.160944
0.159797
0.306138
0.295214
0.187873
0.380396
0.145892
0.443376
0.171705
0.319301
0.123851
0.202144
0.172411
0.44843
0.112242
0.22883
0.128825
0.315707
0.162387
0.150588
0.185442
0.385429
0.286403
0.140871
0.21031
0.255703
0.293295
0.290932
0.250938
0.313434
0.163168
0.247032
0.336203
0.237881
0.244266
0.277404
0.269852
0.163766
0.453581
0.268264
0.218981
0.297906
0.351475
0.184136
0.261614
0.100732
0.167798
0.332549
0.14697
0.317086
0.123767
0.16219
0.117754
0.260878
0.19076
0.263552
0.214554
0.251587
0.086798
0.522388
0.143384
0.174572
0.131027
0.54951
0.157415
0.102733
0.153181
0.282509
0.22342
0.275685
0.139373
0.232392
0.150912
0.217168
0.274374
0.318288
0.308148
0.0946619
0.276855
0.171684
0.198786
0.375261
0.0758368
0.117087
0.356312
0.160771
0.170255
