0.171401
0.215381
0.187554
0.18838
0.33416
0.195102
0.169704
0.16933
0.18
0.154647
0.252983
0.187996
0.138633
0.172948
0.317355
0.175351
0.335545
0.191552
0.419288
0.227751
0.193543
0.316403
0.062686
0.34511
0.261156
0.237499
0.190281
0.100901
0.317749
0.132269
0.378143
0.178756
0.328457
0.356086
0.398437
0.150464
0.341945
0.16378
0.343391
0.154386
0.0776341
0.430219
0.139105
0.158473
0.176915
0.170418
0.224639
0.0563729
0.173248
0.13235
0.188605
0.201539
0.1797
0.34139
0.134344
0.143477
0.414021
0.357917
0.304804
0.227957
0.126844
0.0847885
0.3967
0.0218291
0.211492
0.409556
0.249503
0.299873
0.455669
0.275325
0.123134
0.343665
0.325194
0.129264
0.242296
0.321515
0.118353
0.25212
0.286017
0.23431
0.198429
0.101587
0.276483
0.27604
0.193891
0.222716
0.150742
0.182742
0.249116
0.197603
0.0994124
0.376603
0.222544
0.191007
0.156164
0.169219
0.175504
0.24306
0.32677
0.505958
