0.212706
0.10085
0.0678938
0.320708
0.285783
0.204032
0.413499
0.218248
0.473189
0.399874
0.311892
0.411327
0.22023
0.221849
0.185574
0.398505
0.191358
0.291227
0.19407
0.073114
0.144283
0.249483
0.502526
0.168181
0.323745
0.145396
0.407979
0.178925
0.423603
0.190811
0.375283
0.173067
0.291511
0.157386
0.241394
0.222963
0.327672
0.0558282
0.340065
0.276462
0.0760062
0.272352
0.169038
0.0583413
0.265323
0.306992
0.275818
0.351628
0.237236
0.348095
0.172287
0.0692704
0.261456
0.190766
0.0674079
0.381927
0.201935
0.197849
0.0874576
0.272303
0.124033
0.226625
0.341441
0.262262
0.238087
0.185972
0.246143
0.307522
0.26838
0.221805
0.278588
0.240244
0.203398
0.069898
0.145336
0.190425
0.394721
0.316885
0.0951057
0.168143
0.222439
0.286354
0.169112
0.292999
0.149302
0.257437
0.270845
0.0875346
0.0685879
0.191015
0.256244
0.081006
0.208223
0.234392
0.156357
0.228398
0.150307
0.0662788
0.187362
0.144984
