0.284294
0.325601
0.291404
0.187304
0.117151
0.304758
0.172354
0.170554
0.15169
0.168205
0.379952
0.310221
0.273609
0.268344
0.0650321
0.108269
0.207343
0.166734
0.170903
0.356654
0.295821
0.262515
0.205317
0.158963
0.241391
0.153208
0.224944
0.424535
0.125334
0.147294
0.136184
0.0787928
0.470496
0.201807
0.399603
0.288665
0.250258
0.0560609
0.0776713
0.321016
0.0835288
0.190313
0.182169
0.312931
0.233472
0.235032
0.186772
0.223571
0.268473
0.42755
0.0618509
0.345751
0.213145
0.106764
0.231075
0.13299
0.0941605
0.334336
0.087369
0.229994
0.389013
0.268035
0.432885
0.0487767
0.22838
0.0833239
0.15449
0.179142
0.145864
0.324584
0.276866
0.269651
0.218761
0.256964
0.480274
0.302182
0.267329
0.232984
0.104603
0.138665
0.303512
0.284104
0.139539
0.256057
0.16189
0.29214
0.178531
0.06994
0.0636091
0.283484
0.178913
0.394264
0.264941
0.37581
0.339516
0.0572065
0.159402
0.496554
0.0852525
0.279278
