0.200385
0.46042
0.145817
0.139783
0.265459
0.125878
0.124211
0.360772
0.256349
0.35124
0.306129
0.240447
0.286462
0.136036
0.482686
0.303892
0.322796
0.339825
0.135103
0.207155
0.17244
0.317112
0.199152
0.319076
0.278467
0.128377
0.186846
0.389406
0.223502
0.214113
0.0961523
0.237322
0.224677
0.246844
0.236043
0.216203
0.207509
0.118216
0.163856
0.199119
0.415297
0.111475
0.11305
0.288026
0.25412
0.14226
0.0752117
0.248979
0.201242
0.189348
0.265204
0.277336
0.114927
0.248068
0.27231
0.163702
0.502926
0.224729
0.286497
0.085198
0.260804
0.115903
0.188592
0.375084
0.323507
0.199446
0.0607323
0.123761
0.198058
0.157585
0.279979
0.323554
0.456808
0.182901
0.225408
0.146004
0.239607
0.15382
0.32757
0.297409
0.186934
0.206479
0.118866
0.160479
0.178568
0.208397
0.27022
0.114629
0.410632
0.299949
0.209166
0.173457
0.195241
0.338626
0.0441652
0.161333
0.191407
0.178158
0.390862
0.358995
