0.162023
0.315393
0.266761
0.246559
0.361412
0.272827
0.238679
0.343035
0.218172
0.48948
0.335988
0.110929
0.0873731
0.419024
0.215162
0.166687
0.425115
0.162946
0.0885013
0.299715
0.161912
0.35049
0.159555
0.385567
0.134238
0.121258
0.225214
0.230519
0.104309
0.348475
0.316438
0.315772
0.204045
0.278323
0.0997703
0.284133
0.244822
0.0753571
0.309108
0.282204
0.0594304
0.147514
0.230751
0.184554
0.14634
0.18412
0.215457
0.191986
0.275871
0.275696
0.0457636
0.335441
0.266167
0.255159
0.277476
0.0649941
0.158219
0.203982
0.216123
0.142495
0.248164
0.145928
0.151756
0.156038
0.233695
0.175506
0.492492
0.359278
0.308164
0.152047
0.0745438
0.269918
0.358841
0.297408
0.17699
0.198664
0.277666
0.273923
0.0849675
0.206358
0.224823
0.22038
0.180923
0.391084
0.230661
0.226694
0.179319
0.217285
0.170861
0.222937
0.245686
0.445121
0.267945
0.188946
0.145235
0.272071
0.365617
0.211816
0.13708
0.216632
