0.319401
0.209004
0.1575
0.372879
0.243317
0.183544
0.0889081
0.0913478
0.192902
0.19282
0.211441
0.23961
0.366829
0.329154
0.112697
0.168666
0.154108
0.183065
0.280104
0.136623
0.412657
0.235011
0.0567518
0.362225
0.512591
0.256593
0.385239
0.140998
0.19213
0.192806
0.188176
0.193534
0.240151
0.218667
0.150217
0.240384
0.202197
0.184252
0.240414
0.210067
0.143951
0.150782
0.0767125
0.107866
0.121749
0.149868
0.240948
0.0580941
0.423678
0.193593
0.210876
0.271824
0.263081
0.254971
0.294876
0.252428
0.246844
0.153101
0.311428
0.173586
0.374653
0.28548
0.33219
0.309102
0.296014
0.189663
0.0904335
0.160191
0.17666
0.0739255
0.154388
0.167496
0.305082
0.598547
0.288151
0.247302
0.239716
0.127304
0.281635
0.273431
0.199829
0.146969
0.22138
0.227762
0.252543
0.316787
0.174561
0.310938
0.222383
0.30792
0.259551
0.371038
0.304439
0.386518
0.179033
0.204898
0.229682
0.230089
0.33193
0.162933
