0.333833
0.0807111
0.189667
0.240276
0.157318
0.154578
0.376296
0.211152
0.252986
0.296687
0.0588458
0.196044
0.182859
0.293522
0.187953
0.153719
0.135115
0.256895
0.381089
0.196018
0.216602
0.228114
0.158
0.205339
0.212563
0.252559
0.30378
0.244279
0.333426
0.281276
0.169496
0.172438
0.243088
0.304022
0.0797858
0.193951
0.483804
0.2585
0.279392
0.189019
0.216598
0.159903
0.551739
0.248142
0.253796
0.246962
0.309002
0.11683
0.108877
0.253176
0.259454
0.250894
0.349079
0.352147
0.36367
0.175617
0.421823
0.223582
0.164457
0.219266
0.220075
0.165272
0.291558
0.350129
0.26003
0.0590684
0.28969
0.450984
0.339302
0.20743
0.17656
0.100882
0.227628
0.185996
0.244449
0.285937
0.409997
0.155316
0.190456
0.407279
0.0485378
0.272908
0.318113
0.131268
0.21514
0.316187
0.105189
0.172027
0.13448
0.0745836
0.211526
0.133088
0.255046
0.294546
0.145107
0.103787
0.176445
0.0425599
0.276852
0.246789
