0.290036
0.0461969
0.192325
0.197973
0.357785
0.160152
0.221289
0.202387
0.119882
0.365951
0.276488
0.289798
0.320063
0.179303
0.412134
0.245809
0.3644
0.188576
0.349284
0.132006
0.11816
0.136945
0.329952
0.15261
0.314008
0.160691
0.148274
0.36166
0.185932
0.393118
0.210627
0.348876
0.0933454
0.148252
0.239802
0.20447
0.223643
0.246484
0.24313
0.295943
0.0923174
0.270225
0.275175
0.365037
0.0515358
0.222891
0.282108
0.0588251
0.325684
0.259623
0.167053
0.237861
0.271713
0.116462
0.146381
0.25948
0.381699
0.35172
0.209885
0.284252
0.200765
0.404768
0.294213
0.20985
0.175652
0.2699
0.190763
0.102182
0.184185
0.112264
0.471849
0.0613549
0.274032
0.155549
0.13609
0.0658223
0.326472
0.156991
0.376289
0.207064
0.43734
0.158317
0.20495
0.0934795
0.313216
0.143507
0.234314
0.235605
0.223961
0.251609
0.259748
0.349994
0.330441
0.0258252
0.205337
0.175155
0.249439
0.182326
0.161718
0.351623
