0.191768
0.254619
0.178441
0.248971
0.254729
0.279386
0.210894
0.117878
0.255818
0.086781
0.152726
0.305189
0.20422
0.445718
0.23779
0.354938
0.194272
0.258345
0.130447
0.0491683
0.0791356
0.249273
0.121977
0.146236
0.25574
0.312853
0.513107
0.218045
0.365533
0.143091
0.113541
0.264603
0.419804
0.296023
0.325071
0.183588
0.0664368
0.157562
0.283739
0.174217
0.313229
0.21205
0.287542
0.30306
0.273063
0.288288
0.155562
0.201542
0.291182
0.158256
0.169831
0.229866
0.360749
0.204055
0.233902
0.419889
0.154853
0.191137
0.34583
0.299839
0.256304
0.207471
0.230032
0.282961
0.0477649
0.137431
0.30118
0.25976
0.420364
0.124242
0.0865659
0.333251
0.0468001
0.300801
0.265597
0.265727
0.354844
0.163738
0.135775
0.278077
0.106931
0.199793
0.302306
0.200549
0.147238
0.247372
0.323819
0.189602
0.247099
0.105657
0.345026
0.226197
0.35557
0.242573
0.355484
0.0976609
0.317012
0.110516
0.169443
0.166549
