0.197649
0.210185
0.348577
0.202104
0.092948
0.208282
0.314563
0.237878
0.461115
0.104378
0.419355
0.201938
0.370995
0.130274
0.113194
0.326665
0.276617
0.420508
0.358905
0.325757
0.161622
0.144704
0.134423
0.239599
0.141582
0.149827
0.234872
0.302159
0.0954707
0.138194
0.215276
0.498188
0.289409
0.22233
0.165636
0.403528
0.100468
0.159912
0.202375
0.12748
0.11314
0.367905
0.239189
0.266703
0.241535
0.0805905
0.143502
0.26478
0.241602
0.209354
0.325349
0.168354
0.190962
0.15602
0.0908128
0.313918
0.335273
0.17428
0.154234
0.190777
0.199105
0.375683
0.210485
0.390677
0.199043
0.0288113
0.08165
0.295326
0.365122
0.366932
0.121142
0.131335
0.0772598
0.462859
0.235626
0.191002
0.102977
0.185322
0.197411
0.143859
0.158398
0.26289
0.0623353
0.364903
0.377071
0.229929
0.324608
0.0929265
0.31034
0.342071
0.132291
0.411928
0.0802699
0.116363
0.246756
0.270153
0.0992241
0.191908
0.145005
0.337058
