0.181426
0.214901
0.285091
0.203607
0.256921
0.328274
0.224928
0.181969
0.119777
0.18506
0.0407498
0.267346
0.314347
0.226718
0.383618
0.155485
0.34533
0.204918
0.127773
0.252952
0.245429
0.114509
0.298024
0.398828
0.277136
0.342894
0.145817
0.28823
0.342733
0.195081
0.240441
0.26725
0.30202
0.116841
0.142821
0.0515229
0.168602
0.159332
0.264733
0.279295
0.28326
0.128865
0.227391
0.212412
0.214568
0.247345
0.15536
0.223179
0.300062
0.148937
0.365339
0.305314
0.144633
0.23137
0.308543
0.113958
0.119801
0.209957
0.259073
0.183827
0.214096
0.229025
0.1524
0.297741
0.312014
0.419628
0.16194
0.353611
0.354264
0.417185
0.197834
0.296963
0.13749
0.22099
0.457678
0.2585
0.204056
0.0949932
0.280693
0.426616
0.262114
0.309403
0.143774
0.281834
0.170068
0.226246
0.309772
0.064341
0.0854434
0.2296
0.173721
0.187608
0.319711
0.256681
0.26857
0.237199
0.0811834
0.252392
0.284586
0.283665
