0.217024
0.0949828
0.205499
0.230645
0.291377
0.444185
0.30416
0.282379
0.083236
0.237343
0.121922
0.421002
0.320461
0.271553
0.27062
0.254212
0.325056
0.148393
0.0912997
0.21973
0.0532639
0.0690537
0.322786
0.231977
0.333668
0.273324
0.306654
0.229427
0.174512
0.309769
0.0861815
0.129378
0.307794
0.10917
0.210606
0.286258
0.172076
0.334952
0.159651
0.325704
0.15725
0.217231
0.209617
0.31818
0.221108
0.125346
0.268132
0.1783
0.376152
0.179202
0.140882
0.146221
0.260611
0.292168
0.22744
0.143591
0.239514
0.211255
0.219431
0.437783
0.331422
0.25781
0.268363
0.147826
0.214225
0.300447
0.157352
0.441464
0.136614
0.28167
0.311626
0.191372
0.346715
0.0981404
0.110098
0.153447
0.311368
0.428885
0.241881
0.162749
0.222544
0.12989
0.195737
0.318733
0.158677
0.191551
0.214742
0.404394
0.1359
0.453214
0.174697
0.295578
0.147937
0.17007
0.16968
0.118568
0.252399
0.329979
0.29368
0.0772972
