0.24656
0.123671
0.239582
0.203619
0.223088
0.319865
0.341724
0.295247
0.272532
0.302675
0.300878
0.281416
0.352173
0.248394
0.139719
0.158958
0.204948
0.240016
0.215345
0.230855
0.303324
0.268871
0.176393
0.274441
0.0892973
0.191943
0.160114
0.15644
0.207037
0.135364
0.318096
0.407435
0.255607
0.303799
0.213891
0.207505
0.204535
0.139372
0.10147
0.267984
0.221465
0.143914
0.088607
0.104499
0.232283
0.561417
0.400384
0.392191
0.111057
0.140951
0.157864
0.219421
0.189907
0.296021
0.185908
0.081794
0.256761
0.313902
0.196163
0.338939
0.168299
0.18008
0.271218
0.122159
0.495526
0.226825
0.258847
0.161921
0.248961
0.222054
0.0996182
0.190545
0.441249
0.362595
0.150564
0.312484
0.126924
0.308324
0.275956
0.282631
0.146236
0.271879
0.17032
0.336641
0.250935
0.279404
0.315768
0.248343
0.206504
0.185321
0.272263
0.0948331
0.262785
0.260083
0.234939
0.186957
0.197963
0.210831
0.260798
0.14359
