0.0922199
0.280538
0.426833
0.0632365
0.368248
0.248151
0.181326
0.175497
0.117712
0.163384
0.146969
0.263079
0.306665
0.216058
0.146216
0.0612754
0.17934
0.356936
0.532245
0.36066
0.271764
0.134444
0.427519
0.142329
0.0443452
0.254235
0.164787
0.240591
0.346371
0.210546
0.38799
0.170017
0.163635
0.203595
0.384722
0.0426592
0.0665838
0.218918
0.277715
0.15166
0.19213
0.273444
0.156307
0.20681
0.0944744
0.401272
0.207393
0.275122
0.196201
0.260821
0.263376
0.252161
0.218509
0.297471
0.0549663
0.282433
0.290067
0.277811
0.26078
0.250733
0.174219
0.166256
0.519544
0.239212
0.225546
0.140456
0.413733
0.308297
0.341441
0.220627
0.227585
0.166074
0.114811
0.212529
0.233693
0.347123
0.189508
0.150377
0.359889
0.337958
0.122739
0.165407
0.156361
0.399573
0.337534
0.13202
0.0730299
0.296216
0.0756145
0.236569
0.130881
0.147613
0.122543
0.384483
0.272947
0.215131
0.12241
0.211784
0.224114
0.137506
