0.229447
0.188469
0.391884
0.27051
0.117188
0.400806
0.206087
0.0954397
0.083236
0.18741
0.121922
0.421002
0.301631
0.238672
0.34924
0.270495
0.212186
0.162357
0.224517
0.267098
0.0532639
0.0903931
0.328502
0.321228
0.178823
0.273324
0.169781
0.247534
0.0756197
0.206331
0.0861815
0.129378
0.258282
0.0587351
0.210606
0.169121
0.221601
0.120032
0.159651
0.37292
0.358151
0.0715353
0.209617
0.359537
0.221108
0.0601959
0.317956
0.1783
0.0713832
0.179202
0.304784
0.294213
0.220821
0.256642
0.382245
0.345089
0.190934
0.225099
0.244671
0.194855
0.421628
0.251824
0.302448
0.221431
0.114575
0.284469
0.258611
0.163772
0.262332
0.253996
0.250139
0.191372
0.279713
0.158693
0.110098
0.134161
0.28957
0.428885
0.196284
0.245562
0.180731
0.12989
0.195737
0.318733
0.324548
0.223981
0.214742
0.325022
0.1359
0.442215
0.32581
0.295578
0.419012
0.170406
0.214917
0.118568
0.303647
0.329979
0.29368
0.21028
