0.111505
0.129307
0.193195
0.0862944
0.0876524
0.171524
0.0424792
0.306562
0.442552
0.333934
0.211938
0.192726
0.358866
0.34651
0.209313
0.330411
0.281372
0.2137
0.140896
0.115311
0.348955
0.337299
0.350227
0.35668
0.166564
0.258618
0.217991
0.163344
0.164318
0.263893
0.283313
0.197988
0.245092
0.297211
0.27519
0.0457987
0.180236
0.436787
0.117284
0.215109
0.176277
0.3143
0.240231
0.130403
0.35295
0.335477
0.368502
0.31808
0.136136
0.0917312
0.375184
0.283022
0.206763
0.153715
0.28351
0.167724
0.185832
0.281012
0.15544
0.242727
0.185354
0.0552612
0.306938
0.251851
0.273344
0.363898
0.296719
0.150948
0.413023
0.170027
0.234847
0.0569275
0.239029
0.156244
0.197852
0.251049
0.178365
0.272967
0.345786
0.151807
0.148136
0.302674
0.228333
0.354558
0.329927
0.236223
0.191417
0.359581
0.12054
0.135748
0.291199
0.159861
0.519083
0.0378257
0.209221
0.191958
0.1271
0.154676
0.179543
0.153083
