0.17375
0.238296
0.302765
0.409068
0.092948
0.210473
0.0814804
0.262281
0.461115
0.152236
0.15757
0.118322
0.271897
0.400636
0.346114
0.375382
0.144567
0.25646
0.389281
0.288619
0.0988005
0.241176
0.134007
0.295375
0.141582
0.0956555
0.347946
0.398926
0.0954707
0.317336
0.274045
0.0684137
0.487881
0.222918
0.165636
0.196212
0.178379
0.159912
0.226853
0.422274
0.231123
0.091424
0.211811
0.285692
0.16382
0.0566402
0.276548
0.219761
0.248761
0.364649
0.439786
0.261005
0.190962
0.153497
0.0908128
0.295302
0.254609
0.247348
0.212491
0.129247
0.189175
0.396595
0.210485
0.320436
0.338808
0.159079
0.08165
0.205663
0.365122
0.38063
0.121142
0.261889
0.119986
0.481988
0.235626
0.155924
0.353898
0.438567
0.100242
0.2247
0.187996
0.26289
0.0623353
0.257277
0.178473
0.17356
0.21214
0.15008
0.15217
0.157573
0.13636
0.228599
0.0802699
0.149186
0.189372
0.243858
0.12903
0.109293
0.23795
0.0353862
