0.17407
0.287656
0.160168
0.291289
0.169623
0.365111
0.170824
0.108879
0.372969
0.318052
0.250387
0.155503
0.116003
0.250684
0.11513
0.0865955
0.372504
0.205822
0.231175
0.244366
0.144612
0.235354
0.153411
0.272791
0.0832727
0.0593055
0.375355
0.363584
0.4689
0.267885
0.226509
0.0763787
0.191322
0.150513
0.302596
0.198842
0.265075
0.125837
0.203869
0.279635
0.385876
0.155245
0.204793
0.205059
0.171374
0.190841
0.184659
0.262797
0.181512
0.0463763
0.291987
0.283147
0.278106
0.248271
0.184286
0.135383
0.022428
0.407505
0.195378
0.404302
0.295319
0.259267
0.373457
0.305488
0.396641
0.272566
0.225525
0.299585
0.265604
0.0882881
0.335431
0.294981
0.0785934
0.133687
0.410186
0.17877
0.299691
0.206291
0.421294
0.296808
0.161264
0.351325
0.169469
0.0627163
0.146711
0.230574
0.199563
0.255079
0.137147
0.268475
0.222339
0.135927
0.233126
0.228667
0.100845
0.0892666
0.0731848
0.183169
0.32077
0.519206
