0.265574
0.298398
0.406527
0.270918
0.339961
0.333645
0.344978
0.10533
0.12395
0.293509
0.111107
0.254548
0.209058
0.110182
0.444731
0.361598
0.228736
0.366929
0.142219
0.172495
0.160099
0.0559911
0.198879
0.255688
0.213829
0.236308
0.283651
0.193215
0.135999
0.276303
0.532513
0.286487
0.218534
0.198554
0.0734778
0.188477
0.348395
0.241272
0.207475
0.133661
0.177345
0.16402
0.278291
0.204157
0.258696
0.191865
0.0963608
0.152731
0.136577
0.0797746
0.123865
0.308612
0.222352
0.386349
0.200756
0.0887068
0.252282
0.199992
0.316311
0.335963
0.333597
0.191418
0.220085
0.202704
0.0853821
0.17516
0.178802
0.165099
0.442684
0.412827
0.187292
0.0310915
0.289432
0.104365
0.135039
0.184217
0.10345
0.426298
0.415012
0.220167
0.327924
0.11469
0.355714
0.323411
0.111567
0.192972
0.162927
0.0651865
0.283823
0.2446
0.304124
0.218439
0.310355
0.0810043
0.318838
0.209057
0.347364
0.159354
0.12458
0.282863
