0.112425
0.226271
0.339792
0.135961
0.11868
0.213843
0.485417
0.242159
0.386332
0.109953
0.234571
0.132495
0.361831
0.327161
0.147089
0.184549
0.379498
0.246102
0.267623
0.110203
0.149119
0.106892
0.305674
0.244114
0.127144
0.165343
0.130553
0.225597
0.206794
0.152634
0.37265
0.157353
0.279495
0.125983
0.290608
0.321811
0.413069
0.137221
0.271066
0.117493
0.317044
0.315845
0.235638
0.28634
0.208804
0.234739
0.216662
0.229609
0.261952
0.0993444
0.307405
0.167212
0.175539
0.0962711
0.295103
0.2494
0.239301
0.223773
0.189271
0.159726
0.297684
0.419801
0.310067
0.257095
0.248551
0.291212
0.17589
0.0498271
0.275534
0.170213
0.131922
0.295477
0.174853
0.185504
0.280717
0.459601
0.195952
0.255008
0.217944
0.268652
0.28111
0.133692
0.216572
0.139231
0.336466
0.23496
0.0597838
0.263415
0.160988
0.112072
0.100192
0.471967
0.146414
0.351426
0.164189
0.30822
0.286603
0.17437
0.382733
0.322391
