0.136573
0.213579
0.17834
0.136859
0.112353
0.386199
0.14607
0.162958
0.469255
0.302117
0.266589
0.315649
0.162603
0.151653
0.334761
0.132065
0.362952
0.259915
0.113173
0.303977
0.221061
0.231797
0.428653
0.14688
0.169031
0.291282
0.220957
0.164001
0.193373
0.306203
0.0538318
0.140031
0.112245
0.0810471
0.0612501
0.221708
0.379278
0.139372
0.099755
0.218175
0.345728
0.189646
0.19161
0.22163
0.292535
0.244985
0.188131
0.15103
0.18406
0.326038
0.291005
0.477186
0.102946
0.360345
0.100638
0.130704
0.385722
0.181217
0.334236
0.165475
0.192225
0.330381
0.200962
0.123992
0.165142
0.165417
0.294164
0.0932398
0.262254
0.166734
0.420938
0.157302
0.366536
0.0992617
0.396616
0.335043
0.115124
0.235587
0.175407
0.0601843
0.293636
0.14327
0.420329
0.266231
0.318897
0.269104
0.286015
0.404604
0.213239
0.161019
0.166502
0.326201
0.108186
0.225845
0.268311
0.346747
0.134183
0.258903
0.280293
0.255154
