0.0451731
0.152916
0.228546
0.235493
0.435739
0.442677
0.271005
0.150256
0.273798
0.333941
0.296527
0.210868
0.263513
0.100869
0.149731
0.129993
0.194447
0.116143
0.0739711
0.193639
0.334547
0.301358
0.224028
0.205135
0.46394
0.350591
0.254509
0.451449
0.237993
0.126512
0.105486
0.126698
0.272576
0.267193
0.292481
0.300284
0.226809
0.0861685
0.274578
0.180311
0.080088
0.21
0.208365
0.164299
0.269093
0.262809
0.260346
0.3586
0.17467
0.287223
0.225242
0.227411
0.255599
0.181329
0.386997
0.213537
0.190453
0.203821
0.126704
0.286432
0.231342
0.334383
0.408558
0.0792987
0.45789
0.0547185
0.313293
0.316635
0.251444
0.108351
0.215565
0.0317387
0.193531
0.178394
0.205879
0.181353
0.316511
0.190655
0.122196
0.112477
0.231634
0.450364
0.24802
0.296769
0.149722
0.0719699
0.339831
0.107926
0.176331
0.158355
0.203096
0.195347
0.16788
0.162833
0.344382
0.485423
0.210374
0.210774
0.217258
0.218145
