0.337457
0.215246
0.358327
0.160676
0.1903
0.211105
0.429841
0.141753
0.23622
0.239062
0.278632
0.18387
0.324233
0.308574
0.268724
0.109859
0.249833
0.115574
0.267912
0.410059
0.18357
0.280661
0.20371
0.134221
0.234454
0.171619
0.368
0.18945
0.143975
0.208251
0.270779
0.338003
0.298782
0.110218
0.0597466
0.240858
0.315619
0.180748
0.443482
0.196118
0.313658
0.146308
0.285388
0.061337
0.222828
0.415783
0.182357
0.0389344
0.0980989
0.159121
0.227078
0.315454
0.108521
0.171966
0.272296
0.253133
0.309875
0.0824067
0.250506
0.18829
0.23983
0.169071
0.442151
0.258202
0.522313
0.25069
0.201423
0.163138
0.203737
0.256956
0.183593
0.449884
0.100232
0.431267
0.227294
0.411595
0.163868
0.175035
0.140243
0.158302
0.160654
0.107937
0.076666
0.182603
0.253723
0.138348
0.155675
0.172989
0.131876
0.068316
0.351207
0.185979
0.115091
0.1491
0.23435
0.250757
0.314479
0.260324
0.273469
0.428201
