0.0839887
0.115323
0.209139
0.242391
0.160807
0.345711
0.361286
0.141759
0.443881
0.123403
0.081518
0.212262
0.162584
0.0610888
0.132629
0.163245
0.422235
0.419172
0.149151
0.170433
0.253105
0.0648313
0.0809836
0.110641
0.402351
0.236293
0.248502
0.0671583
0.633012
0.210695
0.288985
0.111172
0.0727684
0.325549
0.300548
0.148372
0.142042
0.350731
0.558601
0.267163
0.206265
0.29795
0.219103
0.295176
0.302318
0.163117
0.216635
0.0800557
0.337036
0.310968
0.466613
0.350982
0.214434
0.160557
0.262864
0.0926482
0.152404
0.174569
0.306258
0.198822
0.225731
0.379504
0.271616
0.106059
0.281684
0.288893
0.194814
0.175606
0.254258
0.184044
0.0949392
0.227296
0.334299
0.251092
0.206494
0.314652
0.106822
0.101387
0.0523684
0.326737
0.160831
0.196298
0.171651
0.0315127
0.218381
0.323799
0.0829439
0.184914
0.20973
0.186668
0.0973411
0.298042
0.258435
0.445162
0.127262
0.303171
0.160514
0.268803
0.146222
0.152646
