0.29633
0.256765
0.220675
0.18838
0.33416
0.195102
0.169704
0.187268
0.18
0.154647
0.394979
0.187996
0.0894772
0.172948
0.317355
0.175351
0.335545
0.224356
0.318138
0.323712
0.184465
0.316403
0.313045
0.34511
0.4009
0.197456
0.190281
0.100901
0.381673
0.132269
0.321882
0.178756
0.274044
0.298323
0.441551
0.1803
0.113976
0.19503
0.343391
0.267163
0.0776341
0.134838
0.139105
0.315497
0.339505
0.16521
0.181037
0.370131
0.173248
0.204605
0.199723
0.201539
0.1797
0.392449
0.317517
0.261729
0.355954
0.357917
0.0578641
0.332198
0.178446
0.0607951
0.122365
0.243245
0.211492
0.278492
0.25999
0.299873
0.359619
0.275325
0.123134
0.343665
0.197913
0.129264
0.128494
0.365052
0.253295
0.304428
0.356199
0.23431
0.0984103
0.101587
0.168898
0.152573
0.193891
0.295641
0.249213
0.182742
0.247456
0.197603
0.0994124
0.222061
0.222544
0.247879
0.156164
0.169219
0.175504
0.24306
0.305162
0.285779
