0.11417
0.33887
0.419471
0.0688685
0.196342
0.23971
0.291002
0.175497
0.208495
0.163384
0.153481
0.174661
0.306665
0.219206
0.187303
0.186619
0.289294
0.252357
0.501742
0.150071
0.34816
0.333166
0.323042
0.390299
0.173154
0.27634
0.0712509
0.240591
0.153861
0.163326
0.359706
0.214093
0.179619
0.148671
0.272428
0.278361
0.136218
0.217614
0.41097
0.242515
0.124771
0.373974
0.100185
0.31485
0.0211471
0.229932
0.140216
0.336032
0.164825
0.224477
0.267511
0.0937986
0.22331
0.279948
0.0549663
0.279363
0.24863
0.163228
0.135317
0.285255
0.223925
0.286736
0.368519
0.239212
0.163488
0.34813
0.158917
0.250512
0.356923
0.181678
0.213659
0.198648
0.114811
0.372341
0.262529
0.097369
0.0100182
0.421688
0.259753
0.187136
0.122739
0.32813
0.156361
0.225571
0.186719
0.251875
0.0774618
0.525221
0.242799
0.18271
0.29293
0.134293
0.122543
0.381667
0.285065
0.187933
0.12241
0.205342
0.224114
0.325929
