0.29633
0.256765
0.220675
0.295669
0.33416
0.314654
0.311669
0.187268
0.291481
0.154647
0.214867
0.187996
0.192203
0.172948
0.317355
0.369225
0.296995
0.27335
0.304279
0.323712
0.25701
0.316403
0.313045
0.34511
0.387016
0.197456
0.190281
0.134599
0.504084
0.132269
0.321882
0.2085
0.274044
0.298323
0.298979
0.1803
0.113976
0.19503
0.222664
0.363411
0.0776341
0.134838
0.174041
0.451634
0.339505
0.16521
0.181037
0.169027
0.173248
0.204605
0.203176
0.201539
0.1797
0.392449
0.200313
0.259057
0.149226
0.357917
0.0578641
0.320031
0.178446
0.0607951
0.085342
0.218287
0.211492
0.355607
0.25999
0.299873
0.359619
0.275325
0.123134
0.343665
0.197913
0.129264
0.128494
0.228896
0.253295
0.220773
0.356199
0.23431
0.0984103
0.101587
0.168898
0.152573
0.202612
0.295641
0.249213
0.182742
0.240368
0.197603
0.0994124
0.16522
0.222544
0.262933
0.215408
0.169219
0.175504
0.164473
0.305162
0.285779
