0.0632699
0.173055
0.334656
0.241024
0.207899
0.128891
0.288377
0.366767
0.242831
0.165088
0.0884013
0.295375
0.20174
0.355526
0.139626
0.332316
0.114295
0.104484
0.311866
0.461756
0.184249
0.206158
0.215377
0.0556188
0.205172
0.244869
0.196806
0.196007
0.215496
0.216325
0.151758
0.209852
0.211702
0.296299
0.221903
0.251981
0.315089
0.158293
0.146171
0.320841
0.251498
0.224792
0.407266
0.35975
0.225599
0.188629
0.2059
0.242412
0.142797
0.362479
0.319248
0.278876
0.234565
0.315506
0.223113
0.230389
0.206587
0.263954
0.164919
0.31658
0.229
0.112747
0.291216
0.320632
0.293864
0.148639
0.268291
0.200336
0.314234
0.195069
0.319577
0.18353
0.14907
0.209819
0.245979
0.184266
0.158819
0.332258
0.140171
0.28304
0.083731
0.264558
0.274521
0.112053
0.180093
0.083289
0.0714544
0.53155
0.180844
0.320829
0.157567
0.163183
0.3562
0.263621
0.309498
0.393973
0.257736
0.162301
0.0688908
0.452694
