0.191768
0.371593
0.117968
0.256007
0.263298
0.327534
0.293178
0.0949575
0.276251
0.086781
0.152726
0.250603
0.20422
0.304721
0.273236
0.0822881
0.239982
0.258345
0.248309
0.0491683
0.110764
0.245311
0.121977
0.146236
0.346733
0.413329
0.448529
0.376459
0.198588
0.20161
0.113541
0.361704
0.419804
0.241007
0.266243
0.169639
0.281267
0.261453
0.151249
0.0700862
0.15799
0.21205
0.346143
0.30306
0.197708
0.288288
0.0553944
0.274331
0.119762
0.158256
0.216257
0.277428
0.360749
0.204055
0.218549
0.185437
0.154853
0.156764
0.377874
0.123314
0.395068
0.214477
0.136192
0.322608
0.0477649
0.113163
0.19798
0.210748
0.420364
0.168713
0.0865659
0.564903
0.2364
0.300801
0.32089
0.265727
0.187315
0.163738
0.135775
0.237507
0.214012
0.231342
0.335677
0.148324
0.143878
0.238938
0.16196
0.189602
0.25456
0.126656
0.274997
0.0807744
0.267599
0.252525
0.355484
0.189642
0.317012
0.365286
0.245158
0.166549
