0.224248
0.288235
0.262267
0.132279
0.281749
0.0752336
0.239104
0.133484
0.363731
0.282931
0.157658
0.0998221
0.427939
0.239042
0.305391
0.248486
0.262358
0.112957
0.432823
0.151065
0.19683
0.187424
0.128216
0.322404
0.28031
0.437996
0.156493
0.348973
0.133444
0.493293
0.461377
0.127074
0.376651
0.184627
0.046657
0.252724
0.286068
0.0609672
0.168656
0.211791
0.23402
0.221781
0.179381
0.27623
0.238465
0.287595
0.421862
0.12126
0.246784
0.399151
0.129816
0.210233
0.208851
0.115925
0.158466
0.363916
0.390072
0.0613334
0.180439
0.155334
0.145813
0.0462013
0.217361
0.365859
0.181717
0.198537
0.280621
0.224998
0.196932
0.302924
0.135548
0.26145
0.211442
0.211894
0.163401
0.177717
0.208509
0.197354
0.165381
0.292613
0.27378
0.192032
0.292413
0.255809
0.225611
0.226606
0.182976
0.331018
0.273389
0.279662
0.134791
0.208442
0.157697
0.127338
0.077133
0.333067
0.189904
0.433165
0.150116
0.29545
