0.261831
0.0886632
0.452237
0.16187
0.260042
0.205386
0.199145
0.327607
0.399377
0.16114
0.265716
0.0939232
0.188549
0.183078
0.186909
0.346266
0.111835
0.121745
0.316358
0.153604
0.105381
0.226029
0.406534
0.120519
0.159958
0.515998
0.238224
0.215194
0.179835
0.187463
0.429227
0.354824
0.135408
0.115504
0.186479
0.193921
0.0849378
0.196136
0.287293
0.3793
0.285881
0.396735
0.205729
0.226763
0.194904
0.151354
0.290946
0.33685
0.157657
0.455819
0.22254
0.146606
0.0869687
0.360773
0.139046
0.261293
0.312619
0.334792
0.208446
0.307637
0.276397
0.126576
0.32256
0.168013
0.273697
0.213362
0.154962
0.186341
0.0493742
0.197661
0.385833
0.154278
0.187465
0.186304
0.264965
0.29107
0.114048
0.35107
0.140171
0.0678739
0.374949
0.249373
0.264486
0.203452
0.233343
0.128509
0.159422
0.153254
0.145526
0.241128
0.187205
0.123183
0.2907
0.216643
0.29914
0.463753
0.0999526
0.174879
0.307301
0.221353
