0.263439
0.104974
0.232482
0.1944
0.193198
0.171316
0.278939
0.146613
0.384387
0.38752
0.331746
0.0713815
0.291217
0.176148
0.416751
0.286014
0.263905
0.208014
0.278476
0.147126
0.135809
0.321898
0.286502
0.252519
0.189471
0.151556
0.45745
0.317966
0.258097
0.134215
0.311841
0.212563
0.187342
0.226083
0.103981
0.476508
0.208279
0.24999
0.202913
0.269769
0.101609
0.186605
0.247531
0.160785
0.42909
0.465093
0.27477
0.363674
0.249032
0.245291
0.206395
0.269255
0.411639
0.0735662
0.189406
0.287357
0.189182
0.380263
0.0827639
0.252481
0.105176
0.120172
0.323701
0.177203
0.145146
0.350955
0.16566
0.114398
0.222835
0.269463
0.104688
0.225018
0.0808905
0.268598
0.33523
0.300483
0.0822657
0.00689777
0.120407
0.198592
0.280903
0.198282
0.157157
0.124527
0.366482
0.269143
0.502738
0.140139
0.168166
0.317522
0.304374
0.237642
0.21472
0.0921312
0.210507
0.0699398
0.179767
0.11527
0.197134
0.0930508
