0.420659
0.264562
0.201624
0.196404
0.258623
0.084048
0.345768
0.309871
0.123497
0.283485
0.195114
0.214862
0.170754
0.205353
0.117728
0.13235
0.433076
0.481507
0.260373
0.25394
0.0953232
0.305925
0.254318
0.0900336
0.184454
0.216303
0.164952
0.183975
0.151467
0.184763
0.127769
0.255465
0.196918
0.372963
0.366104
0.286798
0.190034
0.215572
0.22669
0.103038
0.280358
0.188954
0.267457
0.0595773
0.241125
0.150781
0.316616
0.243139
0.334584
0.293612
0.240472
0.0545371
0.0440275
0.215087
0.140572
0.355678
0.494538
0.258949
0.150154
0.167967
0.185834
0.181517
0.25836
0.156987
0.214689
0.193641
0.17991
0.210985
0.257546
0.268049
0.431287
0.246669
0.133595
0.182472
0.117326
0.317742
0.184255
0.369772
0.210627
0.400494
0.373012
0.337778
0.225903
0.336458
0.289605
0.257308
0.29531
0.22773
0.166829
0.0817678
0.222705
0.168575
0.328735
0.207843
0.2046
0.290812
0.165642
0.153253
0.261559
0.313071
