0.306269
0.203151
0.280081
0.118144
0.145837
0.245798
0.0695748
0.306283
0.168121
0.15871
0.321371
0.126378
0.378099
0.168097
0.31976
0.265889
0.102339
0.217611
0.243094
0.197131
0.235359
0.158076
0.135542
0.179981
0.184461
0.244785
0.0750447
0.0505362
0.182031
0.0774008
0.244006
0.170403
0.19292
0.228563
0.140757
0.385716
0.230919
0.384842
0.336544
0.297084
0.422678
0.374284
0.263364
0.209141
0.472408
0.253827
0.266188
0.140416
0.362417
0.203716
0.316316
0.116196
0.249451
0.354129
0.161863
0.372405
0.116014
0.277153
0.13539
0.0768551
0.390768
0.270459
0.430028
0.124425
0.0970778
0.505876
0.167412
0.16737
0.149081
0.101675
0.421638
0.197724
0.19617
0.267713
0.144429
0.400683
0.360886
0.173078
0.377966
0.187671
0.19824
0.107213
0.157914
0.147147
0.292317
0.09404
0.263639
0.168969
0.286282
0.175859
0.336721
0.229998
0.253631
0.111258
0.190766
0.0523045
0.34734
0.299707
0.245248
0.0433172
