0.17607
0.4708
0.152703
0.230405
0.289529
0.305267
0.101208
0.19816
0.174431
0.205048
0.212313
0.362029
0.113697
0.193167
0.225808
0.303393
0.0271172
0.279539
0.164496
0.320803
0.218004
0.301266
0.314119
0.277071
0.213511
0.217637
0.370563
0.253623
0.203375
0.132849
0.279487
0.279763
0.29154
0.0904938
0.238069
0.0318777
0.186024
0.403623
0.171328
0.147533
0.217423
0.223671
0.273527
0.0754513
0.164707
0.360605
0.466447
0.45943
0.285856
0.276126
0.120686
0.231561
0.196817
0.284394
0.139279
0.0337383
0.194907
0.305966
0.254346
0.26376
0.212342
0.193907
0.179447
0.166991
0.17823
0.270779
0.136752
0.0974826
0.222769
0.264957
0.0831197
0.294818
0.246465
0.250257
0.224745
0.222334
0.083537
0.207116
0.306793
0.285867
0.127405
0.256956
0.19507
0.365512
0.367822
0.183718
0.353434
0.373179
0.184396
0.154367
0.215265
0.349855
0.158737
0.406668
0.20864
0.164029
0.310896
0.206215
0.314379
0.270512
