0.280795
0.156374
0.265259
0.150389
0.483412
0.311956
0.229829
0.11542
0.369762
0.351916
0.234213
0.197013
0.351162
0.397609
0.24282
0.197438
0.0989467
0.213158
0.235057
0.360192
0.234192
0.153479
0.198254
0.260185
0.379935
0.22163
0.0573096
0.0480429
0.257058
0.139992
0.260258
0.234633
0.250888
0.314534
0.21482
0.225468
0.204633
0.225099
0.160624
0.292154
0.17609
0.112465
0.270814
0.118947
0.142324
0.317469
0.226359
0.254797
0.245005
0.159275
0.199623
0.339069
0.374357
0.283738
0.271222
0.193237
0.134113
0.270485
0.135217
0.0685413
0.270079
0.322046
0.349193
0.131982
0.404917
0.205003
0.507191
0.124961
0.360979
0.162568
0.10519
0.363912
0.184092
0.265422
0.301235
0.217862
0.189317
0.134272
0.15512
0.202338
0.25403
0.245985
0.0386821
0.204823
0.247941
0.281551
0.0898692
0.0610388
0.334162
0.159854
0.130243
0.192391
0.407101
0.38158
0.101085
0.250092
0.171354
0.333189
0.198457
0.20111
