0.225561
0.180639
0.258789
0.551849
0.373099
0.149719
0.175232
0.255897
0.289124
0.0223829
0.366415
0.60048
0.209562
0.215584
0.220832
0.230185
0.395246
0.162982
0.206202
0.17181
0.23315
0.301341
0.188036
0.124851
0.136201
0.106747
0.232657
0.213467
0.251608
0.225819
0.372759
0.342709
0.179701
0.323198
0.131653
0.112109
0.318836
0.289481
0.210303
0.240706
0.217604
0.204687
0.152803
0.263223
0.309622
0.377062
0.25318
0.220457
0.137236
0.126475
0.257979
0.213866
0.164572
0.133704
0.20972
0.208142
0.197467
0.255143
0.177714
0.257903
0.0757698
0.246908
0.223763
0.146917
0.288006
0.242483
0.207337
0.197997
0.155777
0.120914
0.148247
0.143657
0.126451
0.145144
0.218643
0.0712022
0.264203
0.132676
0.169293
0.203634
0.321379
0.190599
0.162585
0.44816
0.179174
0.235588
0.379965
0.067475
0.164523
0.265678
0.449853
0.111034
0.467686
0.246995
0.192868
0.13295
0.334934
0.353796
0.212058
0.349838
