0.25525
0.195571
0.355827
0.0976447
0.129103
0.287818
0.402491
0.15592
0.174582
0.188882
0.25987
0.267796
0.154956
0.20957
0.213537
0.244142
0.219205
0.0660507
0.254774
0.130551
0.0861537
0.24784
0.0381276
0.152331
0.119316
0.128197
0.20517
0.116098
0.278056
0.209808
0.356802
0.185415
0.296247
0.110819
0.329992
0.189085
0.196453
0.102268
0.169011
0.150004
0.190866
0.102631
0.426714
0.434896
0.428039
0.27535
0.170172
0.100182
0.104458
0.405445
0.257557
0.170165
0.125457
0.223208
0.183043
0.295024
0.279922
0.241901
0.0711742
0.281804
0.356628
0.201514
0.472508
0.238266
0.242754
0.312575
0.387573
0.238083
0.506289
0.392661
0.14291
0.151848
0.332704
0.251143
0.452663
0.185512
0.256904
0.229338
0.210221
0.217521
0.147016
0.283922
0.0964905
0.168748
0.334333
0.182117
0.289076
0.14239
0.268942
0.327071
0.37513
0.0942355
0.251746
0.235524
0.157626
0.293854
0.2695
0.21911
0.188666
0.131818
