0.234854
0.309892
0.228388
0.393919
0.298815
0.396697
0.413102
0.186594
0.238759
0.371618
0.188864
0.33471
0.327748
0.300627
0.163715
0.192529
0.270277
0.129947
0.315905
0.21149
0.27209
0.099636
0.272596
0.247064
0.121101
0.0884117
0.437654
0.331447
0.0861976
0.160229
0.246525
0.256987
0.0500627
0.311695
0.189012
0.260458
0.251355
0.298118
0.0819885
0.386671
0.0816012
0.257383
0.235638
0.247097
0.305586
0.33627
0.516357
0.244266
0.312219
0.16539
0.264808
0.229898
0.105632
0.238758
0.230405
0.203417
0.427822
0.206031
0.233004
0.169316
0.240859
0.124291
0.290112
0.127875
0.324717
0.40761
0.172366
0.185592
0.287354
0.258075
0.0463276
0.102886
0.285985
0.193082
0.270425
0.208012
0.161999
0.0721023
0.280197
0.153181
0.0954203
0.229913
0.129043
0.123186
0.207943
0.314007
0.229025
0.317702
0.310444
0.223762
0.0946619
0.101166
0.171684
0.190051
0.206224
0.171435
0.300658
0.0462147
0.155767
0.30854
