0.0974923
0.346303
0.067239
0.0531512
0.0827532
0.167353
0.24296
0.320332
0.143313
0.293034
0.343701
0.204609
0.266369
0.168246
0.379622
0.309242
0.35992
0.0835885
0.125827
0.168701
0.139353
0.229635
0.240338
0.372546
0.292602
0.230316
0.248142
0.184789
0.404335
0.503559
0.133463
0.178185
0.147857
0.496303
0.16019
0.249013
0.281073
0.241409
0.211712
0.214545
0.219117
0.286175
0.0981548
0.287832
0.184201
0.0805423
0.0729713
0.0810849
0.163664
0.312828
0.195197
0.202861
0.192829
0.138394
0.208545
0.417727
0.282666
0.357454
0.0938033
0.199083
0.247594
0.12382
0.326499
0.502076
0.286145
0.237908
0.171435
0.178647
0.132703
0.104984
0.285373
0.274713
0.16897
0.454639
0.155544
0.292185
0.0939348
0.299721
0.283978
0.320557
0.313676
0.265043
0.371161
0.30243
0.151232
0.24878
0.180942
0.0830878
0.284466
0.232845
0.176178
0.217889
0.182933
0.175366
0.384112
0.11867
0.171311
0.0788136
0.275145
0.217341
