0.224101
0.235308
0.321664
0.209485
0.276197
0.202364
0.253132
0.27084
0.21706
0.198499
0.0872042
0.240289
0.21234
0.216509
0.2293
0.276738
0.298394
0.22684
0.220078
0.252674
0.270191
0.265789
0.172528
0.319887
0.365693
0.365424
0.244502
0.168652
0.249611
0.29707
0.202581
0.244271
0.139945
0.376539
0.114734
0.240026
0.25482
0.133645
0.341191
0.227747
0.418419
0.118759
0.168332
0.286674
0.493665
0.226107
0.0999926
0.244475
0.176414
0.236793
0.12301
0.149627
0.14119
0.26503
0.189188
0.345432
0.287964
0.530217
0.138917
0.180818
0.379381
0.167156
0.136712
0.184943
0.0658587
0.263759
0.0978393
0.113617
0.300911
0.365903
0.308638
0.191513
0.116631
0.31485
0.360741
0.126979
0.269542
0.228038
0.0999481
0.164731
0.100652
0.298866
0.33883
0.20542
0.271171
0.197004
0.11079
0.288955
0.141178
0.379331
0.311937
0.166471
0.234873
0.277961
0.178446
0.224548
0.291738
0.167139
0.339564
0.0763832
