0.305388
0.139384
0.154392
0.284972
0.197177
0.219985
0.347262
0.26014
0.228062
0.108504
0.330736
0.281919
0.287317
0.439158
0.247406
0.183672
0.305992
0.120572
0.267104
0.327138
0.149119
0.355246
0.305674
0.326246
0.225992
0.255981
0.265785
0.109077
0.195122
0.306721
0.262727
0.117096
0.277352
0.197053
0.139117
0.311689
0.0886917
0.137221
0.150334
0.169555
0.24818
0.367887
0.167502
0.49806
0.265003
0.222081
0.122304
0.306999
0.187071
0.28628
0.204613
0.127509
0.115215
0.226341
0.100616
0.105326
0.278117
0.230214
0.365725
0.291217
0.218453
0.379378
0.268519
0.223913
0.125257
0.193019
0.0656946
0.210825
0.33464
0.379385
0.224007
0.119955
0.0265741
0.071793
0.293621
0.28728
0.0759778
0.327838
0.397925
0.266942
0.168064
0.187777
0.305642
0.212168
0.291941
0.220989
0.292077
0.183861
0.152705
0.394896
0.179318
0.315898
0.311185
0.235559
0.00821743
0.0828197
0.249183
0.354047
0.231713
0.206861
