0.151973
0.186598
0.12861
0.194262
0.263158
0.107086
0.375653
0.26937
0.129955
0.227115
0.242038
0.145165
0.116409
0.128808
0.274133
0.220608
0.0827878
0.509369
0.229415
0.192357
0.0293583
0.147473
0.160029
0.0772531
0.233128
0.293721
0.389101
0.237654
0.305778
0.346951
0.22608
0.348462
0.141671
0.297731
0.240177
0.262747
0.197211
0.200091
0.342412
0.367819
0.179563
0.314593
0.181396
0.334123
0.432446
0.362892
0.174134
0.376338
0.270825
0.111124
0.246549
0.238161
0.217655
0.210798
0.272729
0.205677
0.172541
0.178134
0.152166
0.291447
0.211106
0.241885
0.223855
0.0920048
0.16816
0.270139
0.378523
0.0890485
0.248632
0.269351
0.351425
0.189179
0.375947
0.258367
0.117766
0.0683534
0.214184
0.096621
0.229502
0.189887
0.234075
0.161434
0.0738467
0.181776
0.30642
0.199958
0.276496
0.344549
0.230266
0.20609
0.249278
0.311351
0.348858
0.336228
0.496646
0.12137
0.158288
0.113494
0.177511
0.367151
