0.153942
0.245198
0.163832
0.364885
0.149173
0.157466
0.325322
0.380757
0.187106
0.254364
0.143858
0.238068
0.111294
0.304748
0.170434
0.315349
0.236938
0.168759
0.129187
0.0697858
0.11002
0.356904
0.228115
0.176569
0.262272
0.373869
0.498177
0.277672
0.263106
0.255858
0.300033
0.137809
0.145644
0.284395
0.194256
0.259734
0.111007
0.228827
0.220782
0.24364
0.305927
0.429938
0.319136
0.119562
0.193433
0.183018
0.19059
0.162935
0.213331
0.16481
0.230647
0.226161
0.259512
0.228841
0.258781
0.426914
0.31352
0.337275
0.0612222
0.141733
0.0808599
0.203826
0.224545
0.51788
0.44511
0.309673
0.244441
0.210735
0.225816
0.285271
0.296285
0.217069
0.203261
0.294822
0.198081
0.11935
0.18496
0.283199
0.192313
0.32392
0.310419
0.304294
0.18215
0.132431
0.193907
0.271092
0.0865938
0.149995
0.372843
0.297824
0.238918
0.18626
0.161794
0.103453
0.268185
0.232945
0.153892
0.212473
0.192983
0.247428
