0.453622
0.176117
0.365517
0.160486
0.12349
0.251177
0.0700797
0.350782
0.216757
0.0487373
0.166035
0.134435
0.136937
0.315005
0.2433
0.416519
0.125603
0.0760478
0.0974448
0.235364
0.20849
0.237802
0.316676
0.13402
0.376748
0.135368
0.0443528
0.0431852
0.219868
0.346032
0.401411
0.442405
0.263156
0.275031
0.374368
0.374677
0.217689
0.28219
0.182426
0.113957
0.248727
0.255948
0.249165
0.245254
0.271556
0.297914
0.148973
0.333307
0.239727
0.311129
0.14042
0.185637
0.221519
0.200505
0.0822356
0.171315
0.171522
0.318481
0.203904
0.169067
0.184268
0.215913
0.161311
0.129099
0.306362
0.295538
0.316021
0.254699
0.164445
0.0931959
0.173852
0.622143
0.26821
0.360921
0.100443
0.244218
0.15048
0.237204
0.192505
0.314015
0.221211
0.301081
0.14889
0.255437
0.0562715
0.132022
0.25199
0.324709
0.243815
0.291528
0.203414
0.275821
0.213275
0.160751
0.128617
0.166205
0.245257
0.31848
0.341481
0.219947
