0.337451
0.178364
0.147677
0.274821
0.109432
0.202028
0.253579
0.160391
0.288643
0.260361
0.129123
0.253112
0.347009
0.161222
0.0979494
0.257407
0.164321
0.205064
0.241036
0.315033
0.26535
0.128239
0.113302
0.302605
0.254986
0.385715
0.146543
0.234296
0.247015
0.276987
0.324026
0.052175
0.273483
0.258332
0.210347
0.190594
0.322522
0.249457
0.310538
0.131605
0.254647
0.168508
0.141549
0.112
0.427853
0.224696
0.241331
0.201123
0.120401
0.322215
0.372759
0.318882
0.250388
0.144561
0.264788
0.15711
0.14753
0.24722
0.237963
0.254561
0.124002
0.281907
0.179169
0.311075
0.413428
0.296873
0.127521
0.271464
0.229457
0.174514
0.279179
0.222791
0.159512
0.215262
0.259482
0.293129
0.123309
0.186004
0.274656
0.130919
0.215178
0.411429
0.36471
0.324061
0.194981
0.41214
0.256409
0.171467
0.182154
0.248723
0.114486
0.386951
0.286888
0.283586
0.37088
0.320874
0.283893
0.23868
0.206109
0.0796928
