0.0284454
0.244775
0.259015
0.164938
0.413477
0.222014
0.351168
0.0951082
0.379314
0.406867
0.196322
0.259864
0.265728
0.156232
0.271508
0.249137
0.132259
0.272507
0.120139
0.246601
0.122774
0.230073
0.269149
0.213619
0.140971
0.095037
0.241492
0.185495
0.231453
0.205277
0.457891
0.315688
0.132863
0.176245
0.282705
0.201097
0.178323
0.258976
0.175403
0.201396
0.0876268
0.0557505
0.350708
0.371419
0.431869
0.0972056
0.329116
0.107635
0.483968
0.15993
0.267871
0.197496
0.114861
0.586089
0.0922273
0.398162
0.273268
0.161834
0.0437201
0.169736
0.168184
0.0935343
0.260932
0.268851
0.371867
0.319609
0.238559
0.176915
0.0811554
0.205648
0.254924
0.245941
0.18038
0.137761
0.0919018
0.292314
0.0461282
0.220002
0.199368
0.22951
0.216357
0.234774
0.22232
0.204031
0.308744
0.226568
0.262373
0.109196
0.229917
0.102103
0.307199
0.500491
0.16799
0.176547
0.314373
0.18098
0.380582
0.261671
0.225912
0.104598
