0.229447
0.188469
0.391884
0.27051
0.117188
0.400806
0.337278
0.0954397
0.083236
0.18741
0.183257
0.0938466
0.301631
0.238672
0.34924
0.270495
0.212186
0.174842
0.123106
0.267098
0.0532639
0.106099
0.350665
0.321228
0.178823
0.241436
0.169781
0.26331
0.0756197
0.172633
0.313392
0.129378
0.258282
0.0587351
0.210606
0.169121
0.25849
0.120032
0.0666989
0.260322
0.358151
0.0715353
0.209617
0.359537
0.266782
0.157045
0.0895432
0.0708048
0.0713832
0.179202
0.254843
0.201709
0.191672
0.301209
0.382245
0.276884
0.190934
0.225099
0.244671
0.194855
0.386654
0.165784
0.302448
0.221431
0.116037
0.284469
0.258611
0.163772
0.290892
0.276655
0.250139
0.191372
0.413281
0.158693
0.110098
0.134161
0.345114
0.232323
0.196284
0.543833
0.293693
0.12989
0.209658
0.318733
0.324548
0.223981
0.231144
0.299064
0.113166
0.442215
0.150596
0.418093
0.337277
0.301419
0.0900299
0.118568
0.303647
0.306323
0.29368
0.357338
