0.103801
0.431755
0.243416
0.108985
0.399403
0.215949
0.128473
0.237608
0.203903
0.190803
0.110316
0.230923
0.257745
0.273605
0.158763
0.373694
0.171632
0.0946087
0.116888
0.326039
0.113341
0.20937
0.302021
0.260146
0.158323
0.211601
0.19458
0.0949657
0.145646
0.281295
0.162089
0.196015
0.298041
0.201193
0.23926
0.336481
0.418601
0.131168
0.16891
0.318934
0.281118
0.138607
0.289815
0.227325
0.0938483
0.237992
0.297728
0.0282126
0.349227
0.111649
0.171784
0.198081
0.234815
0.351708
0.173778
0.225875
0.435573
0.185132
0.377004
0.1297
0.349342
0.442287
0.144035
0.107076
0.211937
0.180345
0.166049
0.143774
0.151598
0.102113
0.125889
0.284155
0.200865
0.53261
0.302926
0.214482
0.301847
0.189507
0.119583
0.334473
0.33946
0.214069
0.199355
0.33116
0.211796
0.165916
0.113756
0.245836
0.28458
0.424831
0.186633
0.231432
0.366535
0.125958
0.322724
0.201811
0.17792
0.350848
0.306146
0.263858
