0.102666
0.368316
0.203811
0.142097
0.160283
0.231338
0.0755339
0.186466
0.105146
0.193963
0.301123
0.177614
0.212807
0.333806
0.235134
0.245018
0.109063
0.23934
0.261596
0.228523
0.178694
0.279919
0.1244
0.294295
0.177054
0.135569
0.449742
0.144719
0.333551
0.16942
0.153678
0.17618
0.236551
0.281171
0.268567
0.172453
0.199539
0.131042
0.138985
0.0875238
0.201005
0.263403
0.221018
0.311949
0.330105
0.455981
0.105582
0.405064
0.129781
0.314256
0.243122
0.541521
0.130216
0.23974
0.239005
0.261803
0.232309
0.18718
0.174826
0.0937018
0.131605
0.124704
0.121889
0.128917
0.267379
0.450437
0.158312
0.216044
0.209264
0.0944511
0.208066
0.354736
0.490213
0.252153
0.208106
0.129209
0.214787
0.22078
0.230153
0.188499
0.27669
0.166684
0.19955
0.422305
0.107239
0.249704
0.241646
0.0997984
0.353162
0.269393
0.332212
0.331877
0.426314
0.0695386
0.318948
0.228724
0.274742
0.367839
0.231619
0.277922
