0.151499
0.211612
0.071826
0.314581
0.357211
0.221084
0.190881
0.187268
0.329359
0.392298
0.297081
0.186784
0.238185
0.271698
0.317355
0.177055
0.338778
0.339609
0.287649
0.0821382
0.317731
0.276545
0.188402
0.0817161
0.0848119
0.117397
0.225646
0.122047
0.281321
0.132269
0.242807
0.2085
0.39344
0.115751
0.320835
0.265428
0.281071
0.19503
0.203919
0.218197
0.370159
0.143712
0.204292
0.146944
0.138007
0.4233
0.257201
0.167774
0.173248
0.104161
0.338864
0.284574
0.289622
0.32443
0.0836711
0.241191
0.258692
0.245276
0.3783
0.0775608
0.318608
0.15688
0.283933
0.334912
0.225828
0.347771
0.317333
0.209299
0.162331
0.313815
0.277428
0.24088
0.0783436
0.184316
0.21559
0.371332
0.362227
0.168247
0.441597
0.330248
0.286734
0.296999
0.0494323
0.157637
0.123374
0.0919969
0.214276
0.329293
0.272429
0.0971
0.159998
0.125011
0.1279
0.227609
0.337635
0.276827
0.232569
0.164473
0.267854
0.181403
