0.344732
0.200473
0.262388
0.372727
0.231526
0.135814
0.338308
0.200326
0.264042
0.195513
0.371771
0.105875
0.223327
0.250965
0.0913939
0.291203
0.222904
0.271997
0.326846
0.369489
0.310449
0.324615
0.192124
0.122075
0.149452
0.159697
0.223836
0.228939
0.289448
0.192131
0.324204
0.443739
0.30368
0.259343
0.154261
0.0968841
0.0539085
0.282449
0.214604
0.186161
0.083606
0.0168476
0.109108
0.12957
0.28551
0.371366
0.219166
0.347174
0.276965
0.222433
0.0471284
0.252976
0.298257
0.166871
0.19866
0.307393
0.318344
0.177547
0.097467
0.326231
0.0925158
0.179195
0.506925
0.0856841
0.178813
0.212095
0.176148
0.121894
0.236662
0.45927
0.266422
0.127588
0.125439
0.203498
0.286133
0.130553
0.162412
0.393325
0.387171
0.089748
0.0633383
0.41432
0.267632
0.0661987
0.307043
0.154359
0.147038
0.449192
0.187403
0.100139
0.359264
0.0722805
0.166574
0.333904
0.26969
0.18773
0.283783
0.170766
0.250065
0.241616
