0.205461
0.368316
0.203811
0.388532
0.160283
0.231338
0.0480944
0.100239
0.299188
0.193963
0.301123
0.18718
0.412419
0.373103
0.26754
0.245018
0.123641
0.23934
0.21292
0.255808
0.457636
0.199521
0.153003
0.285739
0.185754
0.268511
0.43191
0.132113
0.158894
0.177063
0.116986
0.268915
0.236551
0.281171
0.350907
0.172453
0.199539
0.355838
0.138985
0.0875238
0.120688
0.263403
0.14573
0.249794
0.330105
0.31548
0.220542
0.405064
0.132475
0.174043
0.273553
0.119099
0.130216
0.23974
0.239005
0.336692
0.256574
0.298869
0.174826
0.222527
0.131605
0.124704
0.129304
0.128917
0.267379
0.143317
0.158312
0.346457
0.209264
0.07894
0.246695
0.354716
0.316354
0.231038
0.208106
0.129209
0.214787
0.199801
0.230153
0.245466
0.228108
0.205941
0.191479
0.176208
0.299374
0.145178
0.220444
0.0997984
0.289289
0.478176
0.332212
0.331877
0.426314
0.0695386
0.306467
0.194129
0.274742
0.367839
0.231619
0.129214
