0.133094
0.154257
0.196354
0.344293
0.362824
0.256901
0.249996
0.187018
0.0890331
0.427292
0.168235
0.248387
0.156823
0.191074
0.191171
0.150596
0.352369
0.162454
0.261374
0.247869
0.226696
0.163453
0.360937
0.105412
0.166325
0.120912
0.338023
0.116876
0.245061
0.176391
0.186039
0.246594
0.150159
0.302718
0.114541
0.130706
0.341115
0.332974
0.370959
0.372341
0.142482
0.39484
0.232757
0.263965
0.162218
0.374213
0.208333
0.11389
0.0713794
0.231991
0.343032
0.188694
0.224002
0.207082
0.295819
0.0548824
0.109867
0.305154
0.218163
0.231676
0.238745
0.279482
0.448968
0.316283
0.201901
0.163672
0.31644
0.252693
0.186776
0.261228
0.313868
0.135305
0.10388
0.237069
0.299899
0.212544
0.286097
0.103781
0.0899969
0.27881
0.592586
0.24894
0.391436
0.161094
0.300652
0.112482
0.154037
0.232414
0.123724
0.219315
0.273323
0.148024
0.401192
0.18054
0.114444
0.412306
0.23509
0.0993547
0.264956
0.110065
