0.292441
0.22804
0.231677
0.103568
0.455639
0.177965
0.259045
0.215862
0.169915
0.240215
0.220981
0.341464
0.341992
0.251624
0.231633
0.201109
0.209365
0.222282
0.178084
0.160294
0.131215
0.295479
0.343717
0.301916
0.192015
0.378401
0.25437
0.165102
0.154118
0.15578
0.287024
0.255139
0.102644
0.337588
0.110188
0.201939
0.456939
0.307017
0.272185
0.186863
0.213362
0.381098
0.184474
0.353767
0.35361
0.172607
0.256896
0.101218
0.190973
0.519777
0.137947
0.354262
0.149891
0.166716
0.20048
0.369942
0.248462
0.0714578
0.121371
0.173829
0.143385
0.224287
0.238997
0.181798
0.386648
0.172467
0.226728
0.177076
0.220379
0.149327
0.254733
0.192545
0.0736634
0.155799
0.270271
0.243165
0.304455
0.165376
0.153484
0.0664131
0.315433
0.0798085
0.289349
0.135552
0.379355
0.20021
0.272324
0.282842
0.340109
0.45796
0.119118
0.293344
0.177468
0.141626
0.292909
0.274404
0.111807
0.237101
0.306905
0.15135
