0.163084
0.143313
0.265259
0.215937
0.325996
0.307232
0.156171
0.115791
0.193693
0.156195
0.242644
0.161733
0.193068
0.337121
0.313148
0.197438
0.187564
0.215655
0.365765
0.333213
0.288466
0.163438
0.176344
0.162635
0.348186
0.119476
0.141257
0.224441
0.218517
0.220227
0.379634
0.257664
0.0709399
0.136206
0.160983
0.25581
0.204633
0.142369
0.14601
0.448263
0.187091
0.116232
0.23731
0.204323
0.132984
0.155961
0.0638181
0.22402
0.272039
0.316461
0.142461
0.0795714
0.345259
0.253044
0.356511
0.193237
0.366042
0.31362
0.472879
0.103619
0.275528
0.0907577
0.256792
0.294169
0.542422
0.205003
0.519149
0.446163
0.229241
0.154706
0.297964
0.244128
0.184092
0.12267
0.257093
0.23656
0.291871
0.29099
0.191518
0.231839
0.214556
0.174679
0.211332
0.137357
0.179452
0.317527
0.126449
0.244878
0.444947
0.272998
0.132233
0.214552
0.292867
0.0939422
0.165401
0.231261
0.177793
0.300217
0.20173
0.167407
