0.382629
0.533079
0.205039
0.103568
0.193951
0.278392
0.222382
0.0867041
0.293815
0.305428
0.198146
0.108527
0.274107
0.0691945
0.304274
0.180061
0.14511
0.335341
0.30597
0.301121
0.131215
0.329214
0.382051
0.32463
0.179105
0.164904
0.0571837
0.165102
0.320903
0.191623
0.183592
0.290006
0.102644
0.196749
0.110188
0.169328
0.298286
0.240841
0.137096
0.186863
0.128856
0.253497
0.335956
0.383294
0.418927
0.26292
0.256896
0.381247
0.235116
0.302857
0.1634
0.354262
0.36563
0.317514
0.166554
0.347352
0.248462
0.108537
0.121371
0.148502
0.219364
0.204243
0.195685
0.398404
0.264797
0.062457
0.226728
0.383792
0.327252
0.13024
0.141399
0.192545
0.229177
0.229704
0.263229
0.243165
0.304455
0.110496
0.21442
0.120009
0.176258
0.0798085
0.289349
0.126641
0.0842175
0.202601
0.20472
0.459802
0.22375
0.068674
0.119118
0.195439
0.0973714
0.141626
0.0466552
0.261764
0.0653809
0.443294
0.382869
0.322556
