0.257283
0.312758
0.17383
0.289605
0.257404
0.19719
0.213015
0.150256
0.341468
0.28387
0.278944
0.11412
0.206857
0.308165
0.407067
0.189766
0.347099
0.116143
0.204496
0.14454
0.334547
0.286751
0.224028
0.155228
0.348444
0.322023
0.136402
0.230282
0.242933
0.126512
0.191315
0.17373
0.153374
0.267193
0.283276
0.316684
0.151043
0.18541
0.337736
0.147902
0.080088
0.164541
0.155099
0.19176
0.2458
0.242889
0.122283
0.3586
0.227747
0.42498
0.225242
0.127488
0.579764
0.332484
0.321409
0.370721
0.418842
0.19495
0.369131
0.286432
0.147131
0.214526
0.296679
0.32575
0.240186
0.397084
0.262945
0.171814
0.251444
0.200498
0.238491
0.0317387
0.16266
0.138605
0.184967
0.241363
0.175962
0.0950555
0.122196
0.221296
0.172491
0.231046
0.21905
0.246193
0.177106
0.312829
0.159549
0.318786
0.149649
0.217243
0.203096
0.138506
0.363135
0.169984
0.179846
0.253941
0.168975
0.0986731
0.19636
0.362658
