0.27578
0.347797
0.402959
0.379728
0.0221464
0.260328
0.147529
0.132053
0.130586
0.164425
0.20468
0.133728
0.38464
0.0576122
0.370775
0.220608
0.0827878
0.440864
0.229415
0.224297
0.469045
0.147473
0.179867
0.266763
0.177577
0.237893
0.278624
0.343513
0.199251
0.346951
0.230006
0.374619
0.141671
0.179834
0.225704
0.142981
0.18016
0.200091
0.290861
0.372664
0.172628
0.314593
0.192607
0.241765
0.362986
0.359278
0.235323
0.283636
0.16381
0.317909
0.29009
0.188659
0.248321
0.210408
0.272729
0.159397
0.26015
0.160442
0.152166
0.233733
0.211106
0.273249
0.164643
0.0920048
0.16816
0.376762
0.28573
0.351279
0.0869549
0.292668
0.354883
0.177752
0.107397
0.195443
0.155961
0.0937766
0.231869
0.096621
0.284911
0.189887
0.423048
0.22906
0.105201
0.181776
0.18369
0.328061
0.192595
0.191755
0.239016
0.315304
0.249278
0.0679414
0.289473
0.402655
0.182411
0.12137
0.158288
0.0812276
0.165495
0.367151
