0.166093
0.133847
0.126351
0.0933822
0.307418
0.287043
0.205091
0.195639
0.42767
0.259522
0.243698
0.164187
0.102028
0.0761632
0.253791
0.170811
0.0814641
0.334559
0.247886
0.226188
0.129927
0.367624
0.366917
0.240308
0.194673
0.24826
0.286296
0.0975772
0.135999
0.270011
0.250913
0.138767
0.176241
0.0256327
0.297335
0.188477
0.382254
0.230317
0.162344
0.175784
0.186373
0.146544
0.237058
0.378741
0.219606
0.158029
0.275823
0.204233
0.348075
0.321498
0.296993
0.281743
0.297066
0.0778793
0.353279
0.195282
0.185601
0.177217
0.227341
0.215349
0.433733
0.15288
0.222314
0.237379
0.186993
0.218258
0.128833
0.159412
0.24793
0.461503
0.281831
0.12294
0.442556
0.236511
0.305179
0.412163
0.28003
0.265097
0.15255
0.183493
0.136968
0.148646
0.305895
0.210852
0.320246
0.185716
0.14414
0.379881
0.422021
0.232786
0.225515
0.257119
0.291581
0.205731
0.245652
0.188888
0.260994
0.28546
0.317125
0.169264
