0.225561
0.269277
0.362382
0.249963
0.303728
0.310761
0.395221
0.341835
0.304219
0.0846864
0.259307
0.0930588
0.0727248
0.0835014
0.107471
0.0491232
0.263347
0.125319
0.340846
0.142687
0.0873173
0.115145
0.188036
0.269987
0.184476
0.271751
0.155495
0.206723
0.195776
0.167273
0.255466
0.180852
0.12232
0.307105
0.139397
0.112109
0.244556
0.172468
0.263624
0.135608
0.304505
0.409713
0.217197
0.237536
0.366721
0.362798
0.0962937
0.183594
0.173846
0.221227
0.170139
0.154199
0.246273
0.11949
0.193263
0.151386
0.116439
0.236421
0.246358
0.10296
0.186411
0.372164
0.0607866
0.227877
0.171403
0.266013
0.180802
0.161755
0.257065
0.104521
0.0700728
0.282871
0.326527
0.32972
0.108577
0.240716
0.257834
0.130471
0.33458
0.399233
0.306512
0.574152
0.153609
0.140923
0.409575
0.198
0.333139
0.17156
0.463311
0.290138
0.14288
0.343536
0.354642
0.0984995
0.292892
0.113479
0.450824
0.409719
0.300308
0.206493
