0.504212
0.285644
0.274694
0.276911
0.227572
0.286809
0.160414
0.191787
0.222973
0.247714
0.0407498
0.272764
0.0691477
0.123935
0.285993
0.191939
0.240331
0.166172
0.248118
0.241847
0.154427
0.197099
0.298024
0.117595
0.395001
0.357999
0.145817
0.28823
0.10018
0.195081
0.261403
0.311458
0.329112
0.332298
0.177366
0.175424
0.350077
0.158277
0.392096
0.0757964
0.207657
0.4588
0.310291
0.0448285
0.328197
0.171619
0.142446
0.20521
0.123941
0.266839
0.176423
0.267282
0.215725
0.149256
0.234792
0.319875
0.222619
0.152857
0.396018
0.183827
0.308889
0.251421
0.197455
0.172615
0.242499
0.25976
0.266213
0.155304
0.338239
0.125276
0.194782
0.23744
0.391033
0.209381
0.251688
0.189709
0.12357
0.152332
0.101465
0.236817
0.39547
0.136437
0.118829
0.29418
0.189976
0.200842
0.241464
0.364082
0.27433
0.178883
0.22135
0.211953
0.284825
0.318741
0.208819
0.170105
0.327792
0.250807
0.313503
0.326027
