0.166505
0.147993
0.16751
0.287685
0.154311
0.151128
0.144156
0.0753045
0.190656
0.348743
0.13856
0.108757
0.172143
0.40074
0.0948803
0.123572
0.270523
0.204154
0.420679
0.22618
0.166844
0.188746
0.25032
0.231817
0.120227
0.243723
0.347341
0.184535
0.140255
0.25396
0.330771
0.125197
0.240019
0.349095
0.248629
0.24245
0.358837
0.183377
0.240799
0.145664
0.30707
0.108015
0.208812
0.251169
0.308555
0.310148
0.198963
0.262203
0.15122
0.413149
0.288432
0.330562
0.403821
0.228036
0.164968
0.196696
0.311326
0.377919
0.218763
0.409088
0.184652
0.233269
0.153187
0.423606
0.336678
0.247799
0.42497
0.341236
0.0577353
0.341209
0.177297
0.269555
0.262945
0.16622
0.217638
0.309077
0.267578
0.21901
0.480628
0.134294
0.0919108
0.342114
0.15013
0.294249
0.218408
0.101818
0.231417
0.174671
0.151992
0.178858
0.115901
0.117382
0.151438
0.19499
0.232985
0.256754
0.177363
0.361202
0.177292
0.217704
