0.31814
0.313413
0.279001
0.282677
0.203528
0.204585
0.251241
0.419712
0.511486
0.368238
0.457982
0.132839
0.39268
0.290975
0.173717
0.135257
0.192286
0.275024
0.199541
0.128816
0.140034
0.388486
0.369591
0.245606
0.243526
0.139277
0.0603364
0.182802
0.113949
0.209158
0.0578501
0.254175
0.257028
0.336489
0.131963
0.205273
0.233054
0.219367
0.0720625
0.303962
0.258381
0.274444
0.487699
0.170037
0.405819
0.260644
0.35558
0.153993
0.239072
0.393099
0.201494
0.241002
0.131193
0.349914
0.281923
0.188512
0.174882
0.298664
0.268325
0.27017
0.0890585
0.275707
0.276879
0.138118
0.345684
0.345506
0.177027
0.259369
0.356435
0.222155
0.115698
0.165319
0.296506
0.261122
0.162845
0.141408
0.189734
0.24555
0.196592
0.0981454
0.0245917
0.215423
0.121054
0.247546
0.200998
0.143623
0.238719
0.183392
0.0721166
0.05491
0.306433
0.198566
0.263135
0.201529
0.0365818
0.279577
0.197163
0.0374201
0.0735898
0.297403
