0.14506
0.356899
0.307327
0.230287
0.144143
0.305868
0.191832
0.291031
0.143584
0.31732
0.197674
0.417063
0.298796
0.238457
0.17393
0.264058
0.158211
0.156467
0.326613
0.372116
0.0583345
0.255725
0.22062
0.169271
0.200836
0.299089
0.456357
0.263472
0.0853708
0.161465
0.208463
0.267468
0.518708
0.322696
0.285342
0.223252
0.0773501
0.0901781
0.141873
0.101723
0.0213802
0.104354
0.41412
0.130583
0.216546
0.244039
0.16324
0.283852
0.19548
0.131859
0.349776
0.236507
0.11189
0.157778
0.330064
0.141805
0.237017
0.182868
0.192484
0.206112
0.228684
0.267634
0.200432
0.39506
0.121222
0.293029
0.412478
0.382065
0.163697
0.22009
0.0524808
0.39993
0.371993
0.349001
0.451375
0.171933
0.213473
0.337041
0.158231
0.148967
0.195768
0.215551
0.237663
0.210983
0.168936
0.142954
0.333121
0.145115
0.150678
0.204365
0.140866
0.205091
0.0731179
0.161155
0.220689
0.215677
0.295083
0.405673
0.196738
0.156262
