0.208896
0.190141
0.285485
0.30701
0.117131
0.251827
0.201601
0.258709
0.21507
0.0558537
0.295089
0.258893
0.40164
0.0373289
0.195937
0.101598
0.120639
0.242394
0.467866
0.135279
0.160415
0.138373
0.175323
0.36205
0.115629
0.264891
0.0910879
0.136695
0.367659
0.204485
0.266959
0.346724
0.275279
0.187507
0.102917
0.16449
0.207465
0.217475
0.134134
0.192286
0.258889
0.189253
0.157001
0.235357
0.230263
0.0829585
0.237512
0.26082
0.342504
0.283933
0.160325
0.236171
0.240097
0.212759
0.137912
0.253331
0.279896
0.225471
0.226213
0.353042
0.17631
0.226818
0.171689
0.297757
0.322498
0.299174
0.102799
0.152112
0.19016
0.197779
0.448244
0.25218
0.24903
0.248595
0.152848
0.276577
0.182777
0.20841
0.382071
0.367259
0.419189
0.182585
0.299754
0.366626
0.511454
0.229502
0.213959
0.26928
0.252362
0.1751
0.178608
0.341603
0.269289
0.196504
0.217405
0.428775
0.241709
0.215509
0.183158
0.168833
