0.301269
0.135238
0.221918
0.249194
0.262429
0.288827
0.307554
0.328913
0.335041
0.223091
0.251326
0.239117
0.335727
0.43203
0.131133
0.209604
0.180845
0.172271
0.224938
0.213638
0.135947
0.344811
0.591117
0.211244
0.157849
0.164617
0.114141
0.315283
0.200757
0.565073
0.243229
0.109724
0.234994
0.310551
0.157001
0.193802
0.167249
0.299719
0.295204
0.40122
0.151989
0.305584
0.157767
0.121518
0.230042
0.163436
0.179055
0.364782
0.177031
0.236495
0.257514
0.408245
0.151084
0.235956
0.100135
0.306218
0.215107
0.27689
0.143698
0.261387
0.272986
0.430903
0.174885
0.304859
0.224695
0.303531
0.160837
0.160826
0.146997
0.282807
0.290487
0.119065
0.202619
0.210944
0.174621
0.131926
0.306925
0.187768
0.200294
0.160379
0.272432
0.0717572
0.102368
0.163584
0.279052
0.200804
0.174872
0.221331
0.259046
0.20602
0.170568
0.299831
0.146969
0.207787
0.297118
0.353868
0.140241
0.151516
0.240412
0.150512
