0.102738
0.187856
0.237445
0.245396
0.340216
0.156785
0.128732
0.16807
0.372041
0.105153
0.186188
0.300313
0.22273
0.0649936
0.292912
0.178073
0.204098
0.084541
0.0716923
0.104171
0.209262
0.125332
0.234642
0.183426
0.315947
0.0817253
0.280972
0.369719
0.190984
0.225419
0.33893
0.202799
0.300954
0.284003
0.244386
0.26777
0.263868
0.228321
0.319974
0.378778
0.173823
0.260319
0.143808
0.178375
0.448144
0.233933
0.191317
0.130864
0.167647
0.233329
0.196007
0.197496
0.432852
0.20856
0.15454
0.075924
0.188746
0.158367
0.259682
0.206698
0.209627
0.160523
0.451111
0.149054
0.220602
0.417578
0.243663
0.213558
0.156135
0.31754
0.250623
0.230246
0.327306
0.276038
0.240458
0.245477
0.19274
0.213643
0.268549
0.269406
0.162505
0.232973
0.232037
0.139962
0.276335
0.348565
0.476259
0.319737
0.180256
0.328385
0.0846802
0.214851
0.596774
0.0593358
0.27435
0.202809
0.357539
0.149085
0.163424
0.189883
