0.273951
0.359833
0.219837
0.399331
0.110392
0.105059
0.308825
0.331538
0.220706
0.345086
0.209535
0.25812
0.212536
0.248864
0.329987
0.313914
0.312225
0.155165
0.192018
0.138903
0.339229
0.49089
0.183582
0.274802
0.150791
0.143185
0.203072
0.300314
0.143722
0.201377
0.0523033
0.195228
0.201075
0.148038
0.220219
0.263686
0.280273
0.231807
0.274685
0.157703
0.269602
0.142473
0.210691
0.231973
0.204875
0.194119
0.32813
0.188539
0.143016
0.320315
0.201974
0.152206
0.273881
0.0986752
0.36836
0.229503
0.18948
0.40525
0.232002
0.266773
0.165321
0.312097
0.163283
0.37615
0.254115
0.264006
0.221716
0.324803
0.336648
0.250277
0.139524
0.31775
0.274361
0.122057
0.221524
0.363053
0.109901
0.231108
0.0923188
0.396968
0.200555
0.275661
0.23359
0.279273
0.136706
0.212775
0.177294
0.247978
0.163534
0.0579187
0.200873
0.116705
0.20693
0.276741
0.242257
0.330728
0.279658
0.199581
0.108779
0.443117
