0.337451
0.178364
0.331097
0.241045
0.109432
0.202028
0.316115
0.160391
0.288643
0.260361
0.129123
0.293655
0.347009
0.215354
0.10036
0.257407
0.164321
0.378215
0.241036
0.322117
0.26535
0.188512
0.113302
0.285522
0.254986
0.144772
0.146543
0.234296
0.247015
0.276987
0.146293
0.052175
0.265101
0.236105
0.210347
0.190594
0.322522
0.300679
0.310538
0.21968
0.254647
0.168508
0.141549
0.112
0.251109
0.224696
0.241331
0.201123
0.120401
0.385139
0.234019
0.35848
0.291084
0.144561
0.225879
0.485994
0.14753
0.24722
0.237963
0.0797631
0.124002
0.30149
0.108245
0.326825
0.355548
0.296873
0.127521
0.271464
0.152556
0.174514
0.397571
0.222791
0.159512
0.215262
0.259482
0.293129
0.123309
0.186004
0.274656
0.209074
0.198374
0.117356
0.36471
0.106666
0.126419
0.41214
0.256409
0.171467
0.282062
0.248723
0.114486
0.357161
0.407304
0.283586
0.380134
0.336856
0.283893
0.23868
0.206109
0.0796928
