0.0857403
0.114739
0.191591
0.271575
0.269492
0.115729
0.156317
0.25125
0.283056
0.188671
0.29082
0.167616
0.15695
0.0835302
0.32371
0.1601
0.23866
0.145706
0.265092
0.0475384
0.473176
0.461654
0.221566
0.290774
0.0361831
0.213414
0.395458
0.319583
0.266885
0.147164
0.198305
0.351089
0.107893
0.261361
0.130761
0.129908
0.240181
0.14522
0.178144
0.168741
0.269402
0.158941
0.23526
0.323212
0.202168
0.147893
0.334472
0.287953
0.218075
0.231282
0.216671
0.234928
0.339447
0.330974
0.430795
0.372878
0.178501
0.256108
0.200814
0.262659
0.172474
0.107851
0.202908
0.04461
0.289448
0.366959
0.162191
0.220821
0.136436
0.332274
0.22766
0.241181
0.297425
0.225251
0.176211
0.233452
0.212227
0.277985
0.211185
0.439013
0.160909
0.252236
0.196312
0.354709
0.293791
0.399649
0.272623
0.439094
0.31826
0.395115
0.143109
0.191745
0.133975
0.159648
0.233142
0.14216
0.211778
0.0687934
0.230442
0.203757
