0.453128
0.202355
0.375829
0.200705
0.203535
0.203442
0.340103
0.320765
0.104574
0.280949
0.188721
0.0453168
0.0645268
0.469851
0.138891
0.0908356
0.277545
0.100557
0.0692363
0.26737
0.256756
0.14806
0.288601
0.338898
0.264762
0.193056
0.114528
0.341624
0.0792303
0.172844
0.191481
0.101531
0.284799
0.0948526
0.21888
0.377484
0.167165
0.245711
0.0880146
0.575022
0.194634
0.229114
0.224913
0.281746
0.197752
0.225042
0.0713936
0.381733
0.2569
0.130989
0.318679
0.17846
0.109601
0.268829
0.271265
0.229261
0.263077
0.25359
0.403806
0.271863
0.237325
0.102999
0.160609
0.160585
0.164792
0.262814
0.236577
0.335047
0.333551
0.189556
0.155831
0.319537
0.0844149
0.17823
0.320065
0.298356
0.271209
0.27584
0.140707
0.142134
0.0942158
0.302697
0.120323
0.313066
0.293229
0.273317
0.304703
0.303376
0.23864
0.26016
0.241274
0.329794
0.252545
0.232938
0.184309
0.149155
0.389942
0.130226
0.253341
0.267082
