0.0848303
0.190106
0.280389
0.0717198
0.165032
0.30017
0.238679
0.194424
0.424411
0.254763
0.114001
0.300953
0.345277
0.191021
0.149638
0.230414
0.264391
0.281702
0.1773
0.354555
0.249086
0.120141
0.207096
0.163238
0.178504
0.212884
0.273563
0.461426
0.130251
0.252274
0.145537
0.161943
0.278947
0.153582
0.179114
0.21691
0.139356
0.256101
0.22206
0.239188
0.223801
0.120978
0.25932
0.288711
0.165067
0.210517
0.291728
0.189706
0.240828
0.404443
0.138779
0.3387
0.263522
0.336344
0.0590724
0.285973
0.225217
0.191785
0.0892053
0.170664
0.176253
0.161318
0.310484
0.293652
0.249782
0.318531
0.192776
0.258442
0.207671
0.28495
0.370125
0.270727
0.252144
0.363884
0.157809
0.0773861
0.178445
0.374575
0.352146
0.138931
0.259188
0.259791
0.255091
0.236197
0.117271
0.262498
0.244742
0.140737
0.247442
0.239352
0.298772
0.196327
0.238275
0.357828
0.397898
0.382812
0.406341
0.0554162
0.213886
0.324524
