0.0704394
0.246388
0.131612
0.106199
0.0913568
0.177953
0.182522
0.473146
0.342226
0.120256
0.327649
0.243875
0.481014
0.315724
0.241521
0.1841
0.306252
0.124221
0.149823
0.351284
0.110744
0.277815
0.153264
0.169516
0.307878
0.415614
0.298989
0.432464
0.226867
0.149914
0.182461
0.278506
0.349336
0.0783309
0.371302
0.050402
0.23942
0.311902
0.0548515
0.19512
0.172722
0.109042
0.254955
0.237565
0.285537
0.100404
0.319378
0.25015
0.442846
0.0999396
0.11076
0.142958
0.29215
0.282085
0.178069
0.144928
0.280044
0.212628
0.378039
0.337942
0.247231
0.375469
0.218286
0.119409
0.26335
0.186092
0.346729
0.360808
0.418523
0.251144
0.11502
0.202793
0.110368
0.154383
0.272641
0.0284473
0.274586
0.176812
0.124032
0.336457
0.219419
0.233224
0.438032
0.22859
0.271304
0.191032
0.0961037
0.113265
0.0946266
0.290236
0.0689666
0.204718
0.267086
0.211471
0.140416
0.253265
0.289964
0.187872
0.0850635
0.296572
