0.340538
0.117099
0.307593
0.212164
0.188982
0.354235
0.28024
0.176633
0.249952
0.276936
0.404943
0.242329
0.15854
0.301359
0.129545
0.253599
0.230673
0.0889095
0.293385
0.288052
0.291144
0.271286
0.222686
0.155747
0.227423
0.316782
0.0501141
0.167519
0.211576
0.140385
0.519886
0.148966
0.137078
0.202927
0.199159
0.297129
0.149205
0.227516
0.280412
0.135663
0.196623
0.194576
0.364015
0.24242
0.173046
0.295837
0.120855
0.17484
0.126072
0.152492
0.219337
0.163247
0.128366
0.274759
0.153487
0.19782
0.342986
0.199322
0.156474
0.374989
0.326355
0.207545
0.261188
0.180713
0.5278
0.0511386
0.256456
0.321784
0.292956
0.137033
0.0781108
0.217599
0.0557416
0.35243
0.103922
0.127082
0.192618
0.363688
0.467315
0.142516
0.224275
0.232092
0.206649
0.132615
0.236855
0.238173
0.298468
0.214142
0.345275
0.169271
0.20781
0.214615
0.358586
0.262237
0.382197
0.291954
0.158618
0.166417
0.302207
0.353425
