0.155324
0.296192
0.154976
0.387745
0.107861
0.132065
0.282142
0.274335
0.399998
0.258261
0.25711
0.387651
0.067322
0.168949
0.334789
0.259647
0.168943
0.295912
0.205779
0.154156
0.342149
0.234349
0.259345
0.186521
0.159021
0.0604237
0.303724
0.142167
0.354551
0.183008
0.250077
0.469105
0.3102
0.254984
0.229977
0.301052
0.257781
0.125527
0.339868
0.266809
0.254545
0.207783
0.259303
0.143522
0.162342
0.191067
0.377671
0.121032
0.350905
0.237376
0.219289
0.143419
0.199057
0.604212
0.199867
0.258619
0.0817735
0.212063
0.163238
0.150364
0.138884
0.236441
0.31765
0.0595668
0.0793334
0.307875
0.0445216
0.166403
0.133692
0.120798
0.122641
0.157696
0.341276
0.13708
0.0670057
0.469235
0.168283
0.175824
0.240375
0.209722
0.276805
0.366381
0.0594512
0.277679
0.490604
0.343821
0.158566
0.0835009
0.161638
0.199331
0.199453
0.174735
0.186706
0.400335
0.280753
0.231612
0.103223
0.243137
0.228201
0.250439
