0.379571
0.101181
0.181707
0.155465
0.0878627
0.305331
0.277936
0.382363
0.219042
0.268237
0.308447
0.184972
0.134248
0.37961
0.234566
0.308745
0.468012
0.122707
0.12212
0.326377
0.205467
0.26045
0.267831
0.329282
0.234397
0.242529
0.222147
0.174962
0.155786
0.152494
0.175254
0.104886
0.182546
0.232024
0.220907
0.239495
0.116518
0.339403
0.182426
0.272434
0.292411
0.200188
0.146021
0.0753881
0.134197
0.364581
0.175396
0.472401
0.246536
0.381545
0.249401
0.163619
0.0688194
0.0174293
0.205056
0.169875
0.28611
0.115876
0.337284
0.390782
0.402456
0.216614
0.114499
0.262019
0.195488
0.127045
0.314938
0.165188
0.143352
0.122862
0.300722
0.3006
0.104811
0.331993
0.278548
0.294922
0.316702
0.120921
0.305784
0.32627
0.20504
0.201436
0.122779
0.205346
0.194178
0.0250924
0.26845
0.220234
0.416894
0.3699
0.276777
0.153326
0.403329
0.184814
0.200852
0.136133
0.163902
0.0607083
0.372958
0.283122
