0.353265
0.201043
0.029391
0.0874947
0.359015
0.287457
0.251719
0.404635
0.185426
0.124355
0.378681
0.283578
0.168343
0.308061
0.286262
0.257138
0.22448
0.0661062
0.27094
0.138035
0.299665
0.278443
0.276396
0.184941
0.0891747
0.1883
0.285945
0.27209
0.105588
0.290319
0.0906866
0.0949792
0.4614
0.1549
0.235708
0.306119
0.313853
0.122378
0.171523
0.0463392
0.198853
0.295608
0.207754
0.130983
0.139678
0.315766
0.231799
0.5459
0.404328
0.120641
0.198695
0.281492
0.313575
0.169719
0.225507
0.105526
0.230505
0.183629
0.453616
0.151966
0.105313
0.241774
0.292048
0.065834
0.423203
0.177373
0.264132
0.138204
0.163012
0.136874
0.194631
0.193992
0.355943
0.244308
0.184842
0.182764
0.216482
0.303463
0.124642
0.366979
0.240816
0.272742
0.261692
0.123955
0.130594
0.149516
0.109136
0.196687
0.373168
0.3351
0.17078
0.316891
0.244241
0.0957558
0.139373
0.192746
0.530474
0.184569
0.289526
0.173386
