0.262204
0.262218
0.276516
0.32006
0.147479
0.0718578
0.295569
0.160621
0.363043
0.225565
0.306125
0.25779
0.228956
0.237043
0.25372
0.382326
0.200081
0.172368
0.256075
0.107339
0.322112
0.323118
0.077166
0.242004
0.113866
0.18248
0.18931
0.326022
0.444879
0.274241
0.24892
0.297421
0.173301
0.573393
0.222098
0.104938
0.150149
0.116634
0.245021
0.252738
0.25042
0.220776
0.211712
0.180343
0.348525
0.145015
0.250924
0.178132
0.167311
0.172028
0.125623
0.129805
0.225722
0.463954
0.206903
0.440331
0.0798911
0.162688
0.113471
0.0771841
0.32288
0.116868
0.173172
0.168888
0.231124
0.19212
0.185479
0.394927
0.299444
0.297876
0.0971032
0.379021
0.177128
0.259114
0.180645
0.407567
0.234072
0.274663
0.180147
0.251394
0.363069
0.342315
0.37729
0.233641
0.279085
0.123692
0.185848
0.189182
0.166421
0.20569
0.208821
0.365554
0.201542
0.260163
0.215203
0.206938
0.146239
0.161654
0.101588
0.162282
