0.324763
0.172383
0.233421
0.224523
0.356184
0.159949
0.234099
0.061555
0.197943
0.162998
0.23214
0.0451336
0.168104
0.245827
0.292061
0.262305
0.184362
0.382188
0.0980252
0.227428
0.172759
0.216761
0.0846011
0.0903971
0.258565
0.0579036
0.166712
0.391771
0.205118
0.0953429
0.214661
0.493553
0.158101
0.505514
0.246021
0.344601
0.278652
0.0956246
0.228998
0.168391
0.384792
0.0787018
0.390776
0.284621
0.117045
0.420177
0.145189
0.158598
0.141235
0.304458
0.0914486
0.364405
0.167466
0.27057
0.240935
0.338521
0.184534
0.203805
0.118693
0.149879
0.208285
0.207181
0.0555407
0.266774
0.168294
0.331812
0.129164
0.326169
0.286246
0.175202
0.290708
0.299366
0.129377
0.328087
0.234103
0.185793
0.376774
0.173499
0.328375
0.111175
0.335851
0.08076
0.390314
0.28718
0.0906326
0.212398
0.213163
0.332428
0.158599
0.32569
0.155215
0.195983
0.185799
0.275455
0.424168
0.362256
0.152564
0.227352
0.143767
0.357427
