0.37706
0.126143
0.155939
0.314795
0.384016
0.350903
0.505153
0.164408
0.244853
0.150513
0.358421
0.246713
0.0926739
0.198596
0.246784
0.26633
0.175319
0.261592
0.143636
0.105141
0.438281
0.257351
0.246006
0.31855
0.235998
0.118795
0.0968715
0.215734
0.160164
0.13934
0.110637
0.24867
0.132426
0.204128
0.319012
0.0968346
0.354352
0.13061
0.114685
0.243403
0.167788
0.239622
0.111771
0.338237
0.113409
0.119386
0.238014
0.174424
0.212939
0.35844
0.0498343
0.1639
0.24372
0.27624
0.224398
0.181857
0.237304
0.119013
0.323771
0.119468
0.15367
0.304589
0.278655
0.318776
0.192375
0.366629
0.184626
0.236557
0.397423
0.172027
0.478972
0.295768
0.19468
0.0665674
0.293071
0.216323
0.0396474
0.303765
0.25115
0.180283
0.314612
0.0787342
0.337889
0.0905445
0.359864
0.264449
0.191051
0.267587
0.177805
0.500317
0.337864
0.0800652
0.235087
0.334695
0.202249
0.0974319
0.127222
0.315667
0.308772
0.226926
