0.533332
0.328119
0.291255
0.0827731
0.158553
0.13104
0.217046
0.17136
0.207884
0.15871
0.321371
0.126378
0.172491
0.168097
0.289985
0.276449
0.102339
0.217611
0.114788
0.197131
0.225037
0.135591
0.135542
0.392399
0.184461
0.244785
0.374475
0.211048
0.182031
0.0774008
0.244006
0.323567
0.283661
0.259722
0.133672
0.139743
0.257088
0.376386
0.239562
0.0222161
0.334588
0.339146
0.330133
0.178678
0.396351
0.230244
0.370042
0.140416
0.353885
0.229717
0.160269
0.195959
0.304112
0.282493
0.167893
0.540373
0.134297
0.221216
0.100101
0.187588
0.260304
0.270459
0.333019
0.0701239
0.225318
0.262815
0.283139
0.442355
0.261038
0.236523
0.131224
0.197724
0.164965
0.241725
0.285748
0.400683
0.110959
0.173078
0.0908754
0.232034
0.22175
0.107213
0.247667
0.17949
0.292317
0.194292
0.401407
0.32789
0.171136
0.175859
0.202596
0.156367
0.367971
0.111258
0.229834
0.0523045
0.182716
0.33989
0.245248
0.162478
