0.0564504
0.242808
0.0863348
0.119764
0.0905131
0.232492
0.16468
0.25978
0.0282586
0.428611
0.129301
0.183627
0.151916
0.437942
0.418154
0.148745
0.126454
0.384619
0.171667
0.278637
0.399003
0.384972
0.0780553
0.258998
0.26551
0.202623
0.402029
0.396926
0.105328
0.406901
0.316184
0.309895
0.135808
0.261998
0.247495
0.206576
0.102211
0.208987
0.209285
0.340255
0.216963
0.358951
0.185448
0.446949
0.171407
0.258358
0.292087
0.177001
0.535483
0.120841
0.102696
0.18841
0.211583
0.31982
0.178591
0.360452
0.179617
0.244616
0.291943
0.191086
0.169096
0.149683
0.252267
0.272354
0.115096
0.258175
0.173364
0.155267
0.165658
0.34611
0.179649
0.232636
0.255517
0.372126
0.121756
0.239348
0.165755
0.260561
0.250607
0.165617
0.239467
0.239621
0.214279
0.236437
0.243321
0.142186
0.156235
0.166564
0.107161
0.418341
0.148132
0.140469
0.267262
0.298933
0.145078
0.229691
0.112892
0.216559
0.306898
0.164357
