0.243419
0.126478
0.168214
0.357756
0.201277
0.429543
0.216368
0.425157
0.204799
0.168157
0.294537
0.177122
0.146396
0.0365654
0.256669
0.339746
0.248399
0.151952
0.214935
0.15738
0.201248
0.190595
0.178979
0.133337
0.145443
0.128585
0.174845
0.100534
0.288636
0.173244
0.186219
0.38715
0.300788
0.316184
0.136153
0.305948
0.114841
0.135846
0.111073
0.201817
0.428546
0.325454
0.212231
0.34991
0.303892
0.30557
0.167714
0.280996
0.287027
0.14467
0.322313
0.146107
0.111309
0.305868
0.251824
0.253304
0.345234
0.176293
0.185897
0.189931
0.248543
0.423544
0.210485
0.230171
0.12925
0.307879
0.0317188
0.403759
0.127543
0.498784
0.137856
0.209239
0.387776
0.221008
0.427113
0.144239
0.202897
0.175172
0.337058
0.0819214
0.178318
0.207096
0.128051
0.153933
0.341514
0.254886
0.100268
0.155174
0.194136
0.137822
0.261612
0.303557
0.354009
0.247466
0.180177
0.355325
0.118661
0.35018
0.307723
0.183828
