0.415631
0.286853
0.345849
0.221554
0.249121
0.162344
0.435041
0.289132
0.159449
0.0742444
0.202084
0.460701
0.114916
0.144481
0.336647
0.228526
0.166744
0.386447
0.16179
0.229171
0.313206
0.168503
0.29603
0.351963
0.0602777
0.112693
0.151294
0.151022
0.0758546
0.223017
0.0983132
0.0768542
0.122913
0.265906
0.255179
0.113511
0.17253
0.258756
0.20644
0.313694
0.0961757
0.244909
0.342857
0.200843
0.234321
0.0303621
0.173631
0.322883
0.562278
0.330707
0.0699042
0.246002
0.174649
0.0968091
0.229347
0.280175
0.185261
0.156964
0.259266
0.333261
0.176519
0.192899
0.297267
0.443949
0.0980774
0.310574
0.17352
0.186452
0.295892
0.237696
0.275958
0.196112
0.122782
0.159239
0.200439
0.275649
0.27226
0.213507
0.230365
0.33764
0.130059
0.0724236
0.224277
0.100882
0.466472
0.290622
0.102444
0.210609
0.448675
0.197201
0.0661998
0.344065
0.436785
0.0955427
0.326486
0.353482
0.133444
0.123604
0.202201
0.0401843
