0.332613
0.396897
0.0974817
0.211524
0.25893
0.305267
0.167134
0.316107
0.283973
0.0975166
0.124523
0.393658
0.146344
0.205044
0.355155
0.151618
0.163002
0.214076
0.133304
0.253589
0.353899
0.296575
0.237577
0.233734
0.398499
0.289798
0.203182
0.167151
0.174232
0.333918
0.0912433
0.15699
0.173238
0.139582
0.225358
0.200295
0.284099
0.347629
0.151714
0.410909
0.133021
0.254303
0.234993
0.0566843
0.113737
0.188467
0.195614
0.390713
0.236944
0.245656
0.0801162
0.215843
0.368079
0.246247
0.29543
0.184001
0.187158
0.506563
0.198954
0.295533
0.229275
0.233273
0.253969
0.50521
0.150788
0.261909
0.136752
0.126348
0.331541
0.228325
0.166616
0.165583
0.180494
0.249403
0.179532
0.207388
0.246767
0.30031
0.247495
0.153331
0.24563
0.088677
0.331249
0.177513
0.331381
0.210728
0.0879385
0.246611
0.272633
0.263071
0.252122
0.477971
0.22169
0.0991497
0.32189
0.199461
0.182329
0.172232
0.243401
0.115361
