0.143285
0.094469
0.191753
0.278862
0.305079
0.290088
0.310778
0.197566
0.375513
0.263864
0.253428
0.243663
0.263068
0.251369
0.128381
0.276094
0.332112
0.20347
0.0315312
0.103599
0.22052
0.27782
0.333369
0.183935
0.117048
0.248336
0.2794
0.146936
0.216997
0.340752
0.0523033
0.238888
0.222372
0.140697
0.186888
0.441307
0.176194
0.331937
0.247803
0.362366
0.226765
0.203731
0.357652
0.170393
0.268457
0.218863
0.234
0.29976
0.450078
0.268599
0.272256
0.164979
0.427358
0.222419
0.158808
0.41549
0.197914
0.103678
0.31173
0.277616
0.276868
0.0449692
0.258786
0.19571
0.228016
0.178128
0.128374
0.187386
0.0791189
0.0872495
0.261041
0.217559
0.169628
0.258071
0.262391
0.225732
0.344914
0.366568
0.0987419
0.428035
0.247273
0.349735
0.199004
0.172838
0.289249
0.12698
0.286105
0.310211
0.309301
0.0652288
0.325151
0.116705
0.116256
0.30625
0.05335
0.211427
0.37213
0.181268
0.106551
0.162455
