0.142645
0.1703
0.432804
0.131269
0.227572
0.232547
0.343159
0.22996
0.194397
0.259095
0.16573
0.226487
0.241543
0.20293
0.285993
0.0977155
0.377345
0.185373
0.164803
0.361489
0.0717989
0.170053
0.150633
0.32956
0.271482
0.150041
0.142084
0.293049
0.208202
0.381105
0.244795
0.253594
0.286448
0.18127
0.292473
0.444757
0.29096
0.10473
0.226375
0.0757964
0.319007
0.380237
0.13903
0.0448285
0.400953
0.351472
0.202611
0.285743
0.19112
0.12777
0.141387
0.442221
0.193627
0.157047
0.263127
0.23419
0.366294
0.300185
0.399423
0.268194
0.395002
0.0940682
0.147894
0.280584
0.406786
0.35694
0.157552
0.278978
0.156259
0.131822
0.161264
0.221598
0.181796
0.257051
0.135156
0.194509
0.12357
0.272836
0.068477
0.0794103
0.191107
0.265733
0.186384
0.28252
0.101071
0.379829
0.344902
0.297272
0.169086
0.291317
0.214224
0.236525
0.161815
0.243271
0.303207
0.0831843
0.356656
0.14163
0.150658
0.0849337
