0.287079
0.322826
0.202716
0.362626
0.294675
0.452037
0.155143
0.265742
0.13633
0.231727
0.155116
0.303427
0.319461
0.158808
0.391529
0.394633
0.0509091
0.0722005
0.340008
0.421603
0.200314
0.142504
0.311235
0.0710654
0.164088
0.144023
0.172352
0.416541
0.202633
0.194255
0.338906
0.278695
0.35329
0.21775
0.241274
0.232468
0.362974
0.172465
0.123416
0.252813
0.08731
0.137534
0.183444
0.261866
0.196348
0.248548
0.164406
0.245565
0.121862
0.186133
0.0874747
0.160921
0.0975499
0.42628
0.501707
0.208898
0.191731
0.0253087
0.239287
0.061095
0.343804
0.192308
0.229887
0.365557
0.295273
0.154467
0.278807
0.286811
0.217675
0.374683
0.224203
0.244255
0.224828
0.096989
0.194793
0.209527
0.175667
0.339146
0.16207
0.198341
0.102813
0.126436
0.254098
0.266785
0.224897
0.105645
0.11085
0.443824
0.161092
0.192601
0.233204
0.0834333
0.188635
0.180292
0.275446
0.244608
0.410575
0.253595
0.192548
0.299661
