0.331565
0.12493
0.117979
0.400237
0.122454
0.265751
0.192903
0.183049
0.40483
0.212287
0.211173
0.330338
0.26578
0.317463
0.138398
0.268221
0.185107
0.214586
0.0789728
0.256959
0.239762
0.29222
0.161932
0.163977
0.265146
0.156561
0.398819
0.327356
0.118104
0.0908787
0.492462
0.304571
0.162722
0.104981
0.278909
0.398869
0.106386
0.423631
0.408369
0.125866
0.120837
0.151392
0.137722
0.109276
0.195877
0.277992
0.140561
0.269048
0.122732
0.178902
0.37904
0.21755
0.223431
0.373061
0.290448
0.378662
0.372938
0.294014
0.100423
0.189742
0.216943
0.284894
0.247427
0.125865
0.180139
0.138885
0.168156
0.164068
0.122422
0.258732
0.247482
0.260049
0.348925
0.268467
0.305301
0.0974556
0.294685
0.115474
0.108306
0.247261
0.413702
0.209334
0.304085
0.38152
0.0864534
0.1646
0.214977
0.130124
0.30753
0.192343
0.144057
0.276421
0.353013
0.0609119
0.10816
0.0758368
0.341235
0.251898
0.245942
0.304986
