0.212545
0.133847
0.126351
0.215708
0.296668
0.175196
0.176879
0.141553
0.118705
0.251869
0.167889
0.288186
0.100256
0.0761632
0.253791
0.12669
0.0814641
0.246872
0.247886
0.236606
0.129927
0.201109
0.135236
0.240308
0.22525
0.24826
0.286296
0.15258
0.135999
0.276303
0.250913
0.138767
0.249103
0.112084
0.317076
0.188477
0.464579
0.230317
0.162344
0.133661
0.186373
0.133923
0.143252
0.395576
0.219606
0.158029
0.275823
0.204233
0.300365
0.400155
0.272848
0.281743
0.297868
0.0778793
0.182433
0.178273
0.0587913
0.249695
0.227341
0.226374
0.288329
0.358049
0.222314
0.202704
0.400757
0.252245
0.132493
0.159412
0.331123
0.467332
0.417991
0.12294
0.442556
0.236511
0.305179
0.419801
0.252925
0.522942
0.0339985
0.210821
0.157564
0.250971
0.282745
0.210852
0.238171
0.185716
0.12612
0.379881
0.287775
0.191314
0.259726
0.344588
0.307136
0.205731
0.329489
0.228504
0.260994
0.159354
0.314793
0.169264
