0.257521
0.116293
0.123531
0.18671
0.231976
0.121228
0.431008
0.180282
0.316783
0.319684
0.28005
0.295759
0.0469881
0.422481
0.179954
0.173699
0.309976
0.22628
0.0674891
0.364342
0.314146
0.387425
0.244405
0.104225
0.121776
0.201699
0.122314
0.342528
0.101026
0.173746
0.1546
0.248998
0.147059
0.109011
0.232362
0.369049
0.181479
0.274739
0.384767
0.254035
0.160953
0.177101
0.353578
0.1311
0.109066
0.324762
0.133326
0.403017
0.218572
0.355313
0.295978
0.14824
0.161799
0.540483
0.304656
0.344576
0.217606
0.293579
0.26308
0.27471
0.254417
0.192125
0.140697
0.112274
0.0966309
0.209545
0.206246
0.373203
0.236861
0.248933
0.102137
0.122857
0.295638
0.249021
0.354634
0.1025
0.274285
0.282379
0.30372
0.05928
0.0484254
0.111973
0.111835
0.197382
0.324001
0.171494
0.339869
0.139271
0.318624
0.331787
0.189526
0.383803
0.305158
0.142233
0.17554
0.16199
0.122686
0.0762769
0.237558
0.377877
