0.442503
0.31487
0.384946
0.178736
0.147479
0.212162
0.357394
0.304251
0.33987
0.143774
0.189184
0.251848
0.188928
0.563085
0.362216
0.184956
0.198978
0.207555
0.302484
0.108174
0.260212
0.278519
0.208958
0.187472
0.283218
0.288303
0.247696
0.196326
0.194284
0.194917
0.38282
0.147433
0.163187
0.0702818
0.121534
0.132101
0.206744
0.238174
0.23384
0.260913
0.275189
0.196334
0.163224
0.236855
0.0558181
0.301986
0.125794
0.327277
0.141254
0.217981
0.141661
0.264416
0.337678
0.102794
0.28209
0.0659048
0.295316
0.163065
0.272169
0.133682
0.198979
0.320905
0.233363
0.175225
0.167135
0.15923
0.379636
0.398794
0.208185
0.143011
0.147639
0.0253862
0.27775
0.354841
0.256117
0.151936
0.360634
0.20263
0.237872
0.248297
0.318961
0.0865579
0.20063
0.238429
0.0984541
0.39957
0.391287
0.382117
0.235071
0.162364
0.334202
0.0665399
0.440553
0.147501
0.131792
0.160337
0.178693
0.253272
0.148097
0.210004
