0.265837
0.23646
0.359848
0.123482
0.129103
0.137128
0.130344
0.271052
0.248678
0.125381
0.188574
0.192593
0.480113
0.198393
0.175748
0.117846
0.150274
0.246869
0.268639
0.211633
0.217376
0.156313
0.201489
0.213467
0.500507
0.0783154
0.342147
0.23368
0.339075
0.288967
0.181967
0.252347
0.264728
0.264707
0.0960663
0.304056
0.132765
0.223437
0.255434
0.208065
0.261951
0.267743
0.22086
0.0748214
0.144543
0.199522
0.284111
0.173359
0.396991
0.188818
0.438487
0.144685
0.202958
0.212826
0.155655
0.240611
0.318813
0.269941
0.509035
0.272089
0.267026
0.195578
0.0790955
0.237208
0.380358
0.160043
0.188552
0.064012
0.25791
0.140654
0.404355
0.241511
0.128137
0.283955
0.234533
0.269876
0.170311
0.163505
0.155719
0.220382
0.270979
0.255752
0.188881
0.344348
0.0967669
0.326917
0.326303
0.222
0.295215
0.270337
0.350944
0.209065
0.0331156
0.110967
0.292283
0.378424
0.244844
0.217902
0.332913
0.207602
