0.16318
0.253988
0.213635
0.12075
0.182017
0.277342
0.0872891
0.351315
0.226866
0.306629
0.269114
0.247596
0.175694
0.368435
0.323523
0.0360598
0.169158
0.112333
0.220078
0.144346
0.40974
0.342927
0.178486
0.287355
0.16844
0.427163
0.286187
0.191863
0.130558
0.0930631
0.184561
0.222118
0.133537
0.364728
0.344007
0.246742
0.346739
0.132513
0.125097
0.224953
0.223507
0.311933
0.352168
0.204371
0.309239
0.276666
0.0919306
0.315232
0.211536
0.174043
0.286128
0.138196
0.192506
0.514711
0.0524928
0.177599
0.229337
0.235286
0.234407
0.154616
0.0710587
0.332066
0.129998
0.184943
0.187199
0.145276
0.29407
0.280618
0.203243
0.227278
0.297393
0.0113534
0.130917
0.204763
0.236525
0.124981
0.515443
0.215475
0.114306
0.303931
0.229178
0.274203
0.328018
0.178375
0.130799
0.326184
0.224427
0.159824
0.296371
0.161394
0.178564
0.359128
0.531681
0.15655
0.116632
0.268521
0.298656
0.348759
0.17534
0.192756
