0.15239
0.164072
0.209139
0.242391
0.160807
0.309139
0.316485
0.141759
0.458383
0.123403
0.081518
0.417894
0.162584
0.213046
0.132629
0.163245
0.348082
0.0774221
0.197638
0.175432
0.253105
0.129364
0.37462
0.110641
0.402351
0.196746
0.21433
0.0671583
0.569413
0.166065
0.205434
0.296305
0.270236
0.174117
0.220618
0.320596
0.287917
0.192146
0.387596
0.267163
0.206265
0.157325
0.219103
0.295176
0.302318
0.269363
0.147872
0.231447
0.316764
0.274519
0.142881
0.337134
0.214434
0.197566
0.262864
0.0926482
0.152404
0.174569
0.50606
0.322591
0.264287
0.409048
0.247474
0.106059
0.281684
0.240591
0.194814
0.245003
0.269159
0.184044
0.323474
0.227296
0.163165
0.251092
0.206494
0.283474
0.191185
0.101387
0.0523684
0.326737
0.276786
0.196298
0.0397909
0.0315127
0.218381
0.226504
0.0829439
0.241127
0.20973
0.186668
0.152819
0.298042
0.258435
0.390155
0.127262
0.303171
0.33445
0.335427
0.146222
0.152646
