0.0601663
0.269753
0.140404
0.247397
0.190527
0.0747407
0.204124
0.460428
0.208707
0.343041
0.211544
0.163011
0.0950789
0.243835
0.119567
0.292224
0.23387
0.161976
0.412754
0.368363
0.133805
0.113871
0.203859
0.17661
0.356678
0.209896
0.207297
0.196508
0.219609
0.238778
0.509826
0.241944
0.256953
0.386
0.0603731
0.02843
0.281784
0.21414
0.232822
0.239208
0.118955
0.321467
0.130519
0.171881
0.107531
0.320327
0.176503
0.178782
0.322199
0.178677
0.287028
0.139909
0.272872
0.359292
0.195149
0.236897
0.226341
0.154044
0.213114
0.33945
0.295335
0.212277
0.13342
0.205667
0.0924614
0.268285
0.152153
0.15067
0.38301
0.289814
0.186358
0.269824
0.0421192
0.210275
0.384281
0.13044
0.390892
0.264988
0.195747
0.372365
0.459031
0.219061
0.202703
0.356281
0.146148
0.185542
0.0912514
0.274925
0.267614
0.0939045
0.140953
0.0355604
0.1366
0.166054
0.273443
0.124415
0.49727
0.427451
0.189584
0.350152
