0.352834
0.15843
0.0729487
0.25283
0.229988
0.0881863
0.254258
0.381215
0.443855
0.328835
0.292681
0.267299
0.295754
0.205031
0.169279
0.241319
0.186332
0.351057
0.160721
0.0778154
0.110461
0.260895
0.158054
0.349538
0.172294
0.254446
0.244947
0.172744
0.176669
0.299934
0.138784
0.188898
0.391699
0.327763
0.297004
0.394624
0.200929
0.211086
0.346841
0.0854438
0.254504
0.316062
0.22812
0.00969314
0.126863
0.248612
0.337514
0.201517
0.210766
0.249712
0.236311
0.194106
0.274899
0.260006
0.21321
0.264292
0.31778
0.193555
0.248029
0.152096
0.172724
0.220839
0.148368
0.224869
0.380944
0.157329
0.202611
0.162364
0.195156
0.354351
0.158455
0.20891
0.194034
0.260821
0.046267
0.274107
0.399336
0.112906
0.255451
0.216399
0.262113
0.213788
0.182145
0.192821
0.146338
0.305107
0.196798
0.348014
0.231287
0.240545
0.201942
0.202593
0.22149
0.46349
0.308353
0.199244
0.318263
0.0957664
0.410058
0.195186
