0.171047
0.351587
0.190386
0.151318
0.254857
0.371867
0.199701
0.314451
0.10782
0.26682
0.206092
0.120951
0.138622
0.217714
0.135541
0.276882
0.254532
0.091975
0.299202
0.219663
0.133526
0.290401
0.431205
0.197897
0.143404
0.154755
0.197543
0.0782613
0.327239
0.191555
0.0601872
0.193534
0.298902
0.469797
0.227479
0.234552
0.272157
0.126663
0.2953
0.278474
0.330068
0.280132
0.147791
0.0705103
0.121749
0.231685
0.21077
0.226801
0.267168
0.483388
0.149346
0.153074
0.23054
0.381435
0.179503
0.255624
0.227206
0.351644
0.200229
0.191143
0.392732
0.100581
0.134147
0.299438
0.229914
0.253619
0.241468
0.32384
0.234076
0.326622
0.148764
0.105382
0.258325
0.257774
0.280388
0.242955
0.239282
0.137976
0.342377
0.104503
0.0964415
0.289818
0.216762
0.314417
0.139592
0.214241
0.262933
0.168103
0.32418
0.202907
0.307786
0.15228
0.579818
0.251458
0.159568
0.202081
0.200101
0.303274
0.279124
0.261471
