0.252191
0.350387
0.313491
0.235028
0.309145
0.238934
0.331744
0.261058
0.158005
0.165541
0.0556601
0.129268
0.205506
0.203794
0.252271
0.230121
0.46432
0.164596
0.187026
0.0847138
0.178639
0.162322
0.10537
0.261754
0.23807
0.421944
0.0868804
0.252846
0.349917
0.108743
0.0856843
0.213277
0.251207
0.406788
0.11919
0.156585
0.406223
0.120922
0.0956519
0.240604
0.213168
0.223063
0.16251
0.0490529
0.434784
0.263946
0.143266
0.2569
0.179621
0.197071
0.242838
0.183927
0.250656
0.122816
0.270645
0.226632
0.192381
0.161179
0.12767
0.315469
0.245285
0.262657
0.470594
0.129094
0.212653
0.355422
0.466153
0.313986
0.303696
0.338933
0.310723
0.340176
0.213455
0.299926
0.0838335
0.252513
0.139539
0.258042
0.0605312
0.144279
0.262115
0.412619
0.224404
0.45311
0.179839
0.146628
0.382661
0.158007
0.208857
0.151364
0.212194
0.131208
0.089211
0.278895
0.117187
0.245342
0.245895
0.195637
0.368761
0.168182
