0.107604
0.0443884
0.354437
0.258172
0.185632
0.268744
0.238679
0.285852
0.0582634
0.213858
0.294725
0.307329
0.200668
0.207671
0.149638
0.3177
0.243102
0.126442
0.36155
0.168486
0.0999533
0.318391
0.176721
0.163128
0.0710307
0.221583
0.127279
0.415044
0.109358
0.252345
0.15729
0.199809
0.204717
0.116729
0.179114
0.224678
0.178627
0.256101
0.22206
0.119944
0.29027
0.120978
0.211896
0.142169
0.292062
0.231737
0.382454
0.216156
0.199655
0.113169
0.138779
0.360551
0.335064
0.473999
0.275149
0.201447
0.222265
0.345842
0.264369
0.375328
0.176253
0.269955
0.132975
0.248789
0.0356473
0.192069
0.192776
0.127219
0.210782
0.240661
0.0948491
0.242593
0.178581
0.363884
0.187873
0.228763
0.223449
0.493368
0.352146
0.459248
0.23744
0.344884
0.336303
0.316264
0.16537
0.283176
0.23171
0.163135
0.140774
0.341739
0.282151
0.196327
0.202187
0.323116
0.296781
0.365224
0.33643
0.205203
0.166315
0.197412
