0.270879
0.324693
0.207657
0.32324
0.348619
0.169812
0.324641
0.241564
0.210285
0.280179
0.156028
0.274159
0.0552783
0.157353
0.195558
0.246595
0.321841
0.166964
0.313308
0.313613
0.417717
0.141753
0.3183
0.521731
0.218781
0.235896
0.221123
0.194681
0.225956
0.18075
0.18251
0.191244
0.294442
0.297117
0.39002
0.201853
0.180217
0.326812
0.207606
0.276397
0.312061
0.342122
0.179477
0.148023
0.179078
0.308182
0.175397
0.080371
0.07381
0.313336
0.308163
0.0803657
0.258551
0.0798443
0.22563
0.109676
0.10816
0.194874
0.199085
0.248377
0.125149
0.0834224
0.258033
0.184077
0.115647
0.305362
0.21114
0.306499
0.291674
0.220545
0.192265
0.0959127
0.0978087
0.18848
0.375137
0.143686
0.22301
0.18989
0.416723
0.324445
0.162016
0.235946
0.252924
0.218428
0.120361
0.300952
0.278655
0.261893
0.128271
0.246662
0.230511
0.199925
0.272515
0.368621
0.286914
0.369163
0.227697
0.275084
0.138423
0.39841
