0.259057
0.100961
0.267181
0.576937
0.217571
0.216059
0.143565
0.139182
0.137332
0.370403
0.338518
0.277032
0.288055
0.300046
0.096741
0.119244
0.277818
0.271457
0.177382
0.367935
0.248968
0.120424
0.304441
0.332544
0.245439
0.144046
0.183261
0.476193
0.349055
0.109038
0.240716
0.146653
0.229966
0.265101
0.249166
0.254958
0.202144
0.259562
0.171991
0.369073
0.302712
0.20935
0.251668
0.2667
0.209235
0.105826
0.149847
0.150529
0.335341
0.184385
0.375372
0.376016
0.104999
0.257702
0.234256
0.22027
0.3317
0.135867
0.297952
0.285939
0.138643
0.14679
0.280795
0.174686
0.338982
0.231751
0.305032
0.336026
0.24251
0.169182
0.224506
0.262267
0.231128
0.22611
0.239368
0.257465
0.342634
0.187203
0.165695
0.28095
0.244835
0.353511
0.328003
0.21719
0.197172
0.266003
0.0802185
0.215299
0.136253
0.20963
0.234264
0.216099
0.145567
0.225836
0.0873942
0.135333
0.0749647
0.0432411
0.258659
0.280333
