0.332893
0.302651
0.216935
0.242793
0.157785
0.18978
0.392138
0.248094
0.218588
0.267222
0.163646
0.165839
0.322639
0.284944
0.19697
0.180808
0.131787
0.162035
0.254582
0.271161
0.214355
0.142905
0.232623
0.281572
0.267609
0.249422
0.285196
0.248776
0.113848
0.219934
0.337307
0.257265
0.0891956
0.282477
0.205159
0.16602
0.357287
0.45682
0.19516
0.116439
0.182512
0.188986
0.301797
0.344508
0.0375234
0.357804
0.127703
0.197408
0.189456
0.240175
0.165312
0.0532462
0.218528
0.225055
0.297936
0.298495
0.278758
0.0930663
0.24803
0.245917
0.261113
0.147947
0.282273
0.22316
0.28866
0.219129
0.242195
0.31195
0.251918
0.206154
0.234284
0.156341
0.19351
0.428777
0.352338
0.108822
0.0334523
0.219688
0.18947
0.214669
0.501074
0.10698
0.467185
0.176793
0.1037
0.133263
0.339462
0.469461
0.183577
0.114865
0.147569
0.285971
0.278804
0.270843
0.369475
0.101863
0.21423
0.264657
0.222952
0.216127
