0.162595
0.104974
0.263949
0.124657
0.146399
0.37405
0.276764
0.27073
0.231561
0.38752
0.164611
0.217585
0.223963
0.282197
0.416751
0.24972
0.263789
0.208014
0.229357
0.147126
0.354651
0.0943928
0.265456
0.274509
0.189471
0.151556
0.413309
0.306952
0.279697
0.146215
0.332238
0.236514
0.187342
0.14645
0.103981
0.353454
0.152333
0.207349
0.439942
0.349482
0.303198
0.186605
0.247531
0.270894
0.318464
0.265998
0.189965
0.437256
0.249032
0.235495
0.192561
0.134503
0.291267
0.119753
0.228171
0.278323
0.0562049
0.293413
0.111216
0.242801
0.105176
0.0300958
0.237015
0.312757
0.145146
0.45232
0.16566
0.196837
0.28019
0.0906429
0.104688
0.295646
0.294786
0.187821
0.212537
0.300483
0.0939142
0.00689777
0.234713
0.172339
0.205856
0.359893
0.243128
0.258802
0.370942
0.317926
0.284972
0.140139
0.168166
0.291757
0.196081
0.315953
0.310499
0.14939
0.200986
0.327623
0.257624
0.134806
0.273081
0.0930508
