0.194155
0.377214
0.346312
0.0693125
0.120534
0.0913602
0.229447
0.27332
0.234434
0.30329
0.164462
0.0431469
0.295291
0.194431
0.266032
0.148043
0.302539
0.210913
0.306192
0.421832
0.194176
0.204788
0.379402
0.231642
0.110812
0.140779
0.0361948
0.182199
0.236686
0.322479
0.265862
0.210569
0.310908
0.106573
0.212313
0.155416
0.0947863
0.250407
0.207505
0.143217
0.167389
0.207362
0.19312
0.298059
0.144413
0.326851
0.304888
0.0578088
0.287107
0.347347
0.217914
0.274182
0.158254
0.0941911
0.246918
0.141437
0.375232
0.184313
0.122208
0.346748
0.158256
0.244249
0.316928
0.150148
0.349261
0.188399
0.164788
0.237128
0.214735
0.125521
0.267682
0.357377
0.279512
0.294507
0.171073
0.18908
0.320955
0.319829
0.121895
0.276031
0.18403
0.303974
0.311728
0.141991
0.106507
0.232641
0.191362
0.267087
0.51341
0.540448
0.235801
0.204219
0.399056
0.240879
0.347956
0.204792
0.134432
0.294329
0.251424
0.190967
