0.071117
0.231201
0.265855
0.271492
0.538504
0.219779
0.402296
0.294526
0.307457
0.442098
0.218153
0.188376
0.19541
0.0649936
0.271508
0.252287
0.183855
0.279688
0.137394
0.305528
0.276929
0.235692
0.19422
0.106084
0.140971
0.104007
0.241492
0.0742068
0.392048
0.232783
0.130237
0.220547
0.300954
0.32979
0.346867
0.277148
0.178323
0.161422
0.226031
0.201396
0.278671
0.0800318
0.255183
0.298376
0.448144
0.0972056
0.454085
0.273873
0.424285
0.336412
0.242458
0.197496
0.340818
0.140626
0.0721726
0.24392
0.123048
0.165368
0.259682
0.148827
0.209627
0.240544
0.151682
0.18182
0.147845
0.176822
0.190938
0.270037
0.311375
0.163503
0.169528
0.0652233
0.196431
0.276038
0.240155
0.160042
0.146757
0.103388
0.162181
0.269406
0.290772
0.232973
0.22232
0.111189
0.237418
0.310712
0.216898
0.296438
0.159594
0.203541
0.296378
0.170536
0.366669
0.176547
0.349981
0.202809
0.332518
0.256913
0.373259
0.104598
