0.341571
0.205872
0.152116
0.318991
0.117151
0.367309
0.172354
0.241734
0.316631
0.168205
0.277321
0.3192
0.163569
0.237367
0.0361189
0.340991
0.207343
0.174487
0.153986
0.356654
0.336998
0.286689
0.287504
0.158963
0.387636
0.100086
0.160604
0.282428
0.125334
0.0470293
0.22542
0.0787928
0.432284
0.201807
0.36162
0.225598
0.301582
0.0778937
0.200909
0.209414
0.251999
0.190313
0.181023
0.482558
0.25174
0.235032
0.191053
0.251872
0.293472
0.258055
0.0618509
0.338318
0.267419
0.106764
0.0950791
0.343731
0.230699
0.266978
0.249665
0.121017
0.294845
0.207185
0.130755
0.0487767
0.22838
0.26841
0.15449
0.245607
0.254902
0.305327
0.224938
0.12722
0.218761
0.24041
0.206975
0.256637
0.174515
0.210414
0.104603
0.315737
0.318374
0.378294
0.268962
0.256057
0.143377
0.266915
0.33355
0.06994
0.0636091
0.235591
0.178913
0.286781
0.200961
0.258788
0.339516
0.239697
0.281177
0.551805
0.0852525
0.279278
