0.137645
0.233242
0.217164
0.212177
0.150726
0.499362
0.183617
0.252315
0.128978
0.29642
0.248655
0.14447
0.215942
0.0660063
0.14576
0.221437
0.298328
0.292132
0.3286
0.264535
0.163456
0.235536
0.366882
0.269661
0.185608
0.177656
0.163162
0.130056
0.381774
0.278429
0.272177
0.134995
0.20517
0.0342535
0.145994
0.338797
0.209813
0.318855
0.172869
0.157099
0.0742476
0.334146
0.230769
0.267698
0.262244
0.149031
0.240748
0.0983856
0.116766
0.0925004
0.424343
0.337839
0.284757
0.312306
0.0949399
0.239314
0.257348
0.200461
0.344709
0.381628
0.297617
0.327696
0.303434
0.176815
0.476075
0.0443031
0.137031
0.341091
0.390371
0.113111
0.316396
0.187393
0.220461
0.220937
0.284466
0.359672
0.23827
0.278698
0.242763
0.413178
0.135459
0.145001
0.20243
0.195577
0.431394
0.264091
0.133495
0.140249
0.138153
0.257883
0.340417
0.133815
0.0892623
0.127772
0.102987
0.29391
0.164549
0.265502
0.32947
0.114718
