0.207425
0.294369
0.160568
0.0881802
0.148755
0.243524
0.268284
0.305901
0.189214
0.293282
0.204693
0.274468
0.0997649
0.315186
0.257559
0.309511
0.225677
0.27195
0.228738
0.213058
0.0947466
0.246271
0.183001
0.463772
0.284177
0.183319
0.229287
0.292595
0.224785
0.335373
0.0784027
0.251265
0.431551
0.193864
0.217508
0.260506
0.247624
0.132476
0.274082
0.139807
0.222101
0.256088
0.159151
0.24684
0.309424
0.297438
0.131416
0.0738691
0.203412
0.209632
0.297169
0.507085
0.217264
0.202942
0.153467
0.126448
0.219949
0.209812
0.0940637
0.0713156
0.283521
0.228339
0.39323
0.491881
0.233375
0.225787
0.23559
0.326874
0.132991
0.174016
0.289911
0.141688
0.377841
0.390903
0.258436
0.069729
0.297595
0.15149
0.242495
0.206708
0.0581924
0.322278
0.15815
0.342907
0.294211
0.311711
0.230593
0.149812
0.0851825
0.262685
0.175009
0.0782765
0.254282
0.144371
0.269899
0.396933
0.229259
0.279755
0.300302
0.172188
