0.221178
0.400464
0.488519
0.225193
0.162653
0.266668
0.208952
0.261352
0.0530753
0.309552
0.229719
0.165066
0.119473
0.354545
0.222351
0.54024
0.274277
0.315931
0.136575
0.118806
0.172193
0.249786
0.223714
0.14667
0.24586
0.181191
0.466629
0.293318
0.159228
0.0890517
0.169167
0.225155
0.477084
0.144294
0.29995
0.138614
0.201125
0.239547
0.310304
0.200622
0.265624
0.340826
0.298101
0.0974976
0.301231
0.146036
0.0888861
0.138728
0.256366
0.0796233
0.161639
0.202686
0.191404
0.215855
0.181334
0.282207
0.246776
0.487412
0.242547
0.290233
0.119235
0.20087
0.298109
0.0652554
0.316066
0.303032
0.206167
0.0853582
0.315717
0.162524
0.166365
0.275904
0.383963
0.24426
0.13002
0.158322
0.208182
0.182453
0.172486
0.262665
0.227545
0.227205
0.187234
0.206003
0.27039
0.152006
0.29685
0.223777
0.270175
0.146439
0.154094
0.105073
0.385475
0.44993
0.14822
0.207965
0.0861356
0.246079
0.213341
0.300289
