0.208896
0.189986
0.269388
0.390524
0.0980406
0.273074
0.159106
0.270604
0.170817
0.184938
0.388425
0.371124
0.272659
0.366044
0.221534
0.464421
0.246229
0.292987
0.151956
0.161999
0.27528
0.138373
0.274928
0.163194
0.176979
0.107176
0.190091
0.381531
0.217304
0.204485
0.354181
0.252988
0.265601
0.134859
0.155326
0.285901
0.166315
0.450849
0.261695
0.250203
0.160434
0.347396
0.22601
0.193567
0.148342
0.0829585
0.100322
0.26082
0.185128
0.183854
0.199313
0.262366
0.285274
0.185913
0.275005
0.165585
0.139108
0.234976
0.227184
0.353042
0.17631
0.205074
0.184017
0.141211
0.400118
0.254966
0.161453
0.152112
0.126072
0.113111
0.354465
0.202393
0.292928
0.248595
0.152848
0.127261
0.30921
0.134967
0.330297
0.32525
0.419189
0.160783
0.227752
0.192304
0.2499
0.291185
0.385702
0.124558
0.252362
0.193231
0.178608
0.135842
0.269289
0.196504
0.289809
0.398142
0.378351
0.215509
0.241422
0.170836
