0.249957
0.253583
0.031933
0.358576
0.238144
0.26868
0.243373
0.310972
0.259538
0.266931
0.106002
0.169633
0.0785295
0.247841
0.0524964
0.243851
0.206222
0.308332
0.186149
0.14937
0.231255
0.319557
0.395023
0.124304
0.232708
0.362746
0.249709
0.0317718
0.118212
0.20757
0.23983
0.0798573
0.203718
0.22191
0.204452
0.0594627
0.242479
0.109787
0.323851
0.228828
0.153183
0.223117
0.260913
0.131488
0.213898
0.278631
0.416522
0.165862
0.492261
0.241275
0.132342
0.0805216
0.327683
0.22183
0.321836
0.270037
0.321096
0.178745
0.174826
0.262567
0.0639543
0.340109
0.26366
0.266451
0.215608
0.253991
0.213798
0.254913
0.12843
0.193647
0.545488
0.184357
0.274525
0.311394
0.222678
0.125745
0.236735
0.223139
0.109846
0.077074
0.320033
0.298084
0.30075
0.176078
0.273923
0.254069
0.232651
0.29003
0.354775
0.301533
0.279626
0.130241
0.4598
0.175337
0.173545
0.257231
0.175842
0.317352
0.166602
0.374024
