0.0619499
0.184645
0.320736
0.231994
0.408315
0.225539
0.191108
0.487891
0.345215
0.215033
0.383888
0.269839
0.326093
0.166077
0.158178
0.491303
0.233031
0.145706
0.219312
0.149974
0.366573
0.282537
0.186418
0.246476
0.129643
0.220664
0.20435
0.319583
0.183741
0.214601
0.115555
0.305692
0.048864
0.154389
0.0753734
0.129908
0.210881
0.385417
0.178144
0.164764
0.415012
0.155869
0.300864
0.207889
0.146444
0.191559
0.151012
0.165249
0.132471
0.116973
0.276156
0.239965
0.246493
0.267925
0.255597
0.273243
0.272945
0.200239
0.0927369
0.37516
0.32764
0.107851
0.137554
0.221154
0.309607
0.358908
0.246619
0.270881
0.209005
0.367746
0.0925109
0.383748
0.32028
0.14892
0.165892
0.227887
0.316523
0.218156
0.251295
0.128779
0.241669
0.267872
0.18375
0.245798
0.239763
0.15773
0.147734
0.37417
0.395251
0.313865
0.27908
0.191745
0.120203
0.19409
0.31712
0.20019
0.142841
0.0833956
0.169796
0.292776
