0.243419
0.126478
0.124888
0.357756
0.233098
0.276474
0.14413
0.233355
0.204799
0.237288
0.241193
0.177122
0.335357
0.0365654
0.256669
0.329195
0.297574
0.151952
0.214935
0.15738
0.201248
0.133624
0.178979
0.133337
0.147084
0.089606
0.174845
0.100534
0.174595
0.173244
0.0588429
0.283626
0.300788
0.252305
0.143099
0.306206
0.114841
0.135846
0.167267
0.201817
0.281965
0.325454
0.212231
0.303248
0.303892
0.30557
0.204188
0.172553
0.366842
0.14467
0.261569
0.350423
0.111309
0.312368
0.251824
0.252354
0.345234
0.207622
0.185897
0.272665
0.302913
0.0994817
0.372179
0.224858
0.12925
0.307879
0.0317188
0.26295
0.127543
0.498784
0.342218
0.209239
0.387776
0.221008
0.0705049
0.210548
0.134015
0.175172
0.32888
0.23586
0.178318
0.219949
0.128051
0.153933
0.304755
0.317188
0.203462
0.341639
0.0223852
0.389101
0.411405
0.224629
0.354009
0.247466
0.292047
0.319246
0.373661
0.442557
0.307723
0.183828
