0.173846
0.356519
0.4717
0.132211
0.440384
0.192323
0.241853
0.23501
0.170291
0.322691
0.262229
0.330422
0.37808
0.0469862
0.34495
0.118178
0.100977
0.282166
0.196899
0.233163
0.238244
0.229851
0.152059
0.303098
0.163384
0.269825
0.147092
0.387524
0.168404
0.253112
0.222502
0.110576
0.258233
0.291674
0.308078
0.323588
0.289123
0.170911
0.230818
0.369768
0.341744
0.333155
0.114555
0.23124
0.260846
0.365639
0.182243
0.240837
0.322903
0.274278
0.200992
0.105769
0.195703
0.290115
0.197417
0.180487
0.0976145
0.303132
0.209823
0.166922
0.0804759
0.0938149
0.176833
0.108936
0.222888
0.181414
0.415791
0.233038
0.255218
0.221458
0.359682
0.293248
0.198346
0.16759
0.140733
0.209916
0.151242
0.355819
0.0975352
0.05928
0.18839
0.130685
0.345031
0.233183
0.121286
0.36845
0.17358
0.30101
0.263649
0.0811315
0.230777
0.188928
0.404644
0.280969
0.26997
0.290377
0.278345
0.230144
0.105776
0.225061
