0.407168
0.237691
0.328258
0.228804
0.555543
0.344833
0.172744
0.247621
0.0677282
0.24221
0.280033
0.118651
0.321415
0.124873
0.321578
0.273148
0.125238
0.124047
0.0571519
0.278349
0.200786
0.192351
0.0944767
0.0727073
0.15861
0.311036
0.268576
0.0387983
0.165219
0.263
0.396086
0.233304
0.318013
0.247056
0.197862
0.505763
0.210071
0.345279
0.13553
0.141767
0.321021
0.117235
0.0991666
0.13453
0.170274
0.18206
0.159744
0.333307
0.182694
0.208183
0.119611
0.122432
0.331054
0.20985
0.0904347
0.171315
0.209539
0.318481
0.1905
0.0982049
0.362311
0.155325
0.250161
0.11014
0.400885
0.372863
0.3051
0.207108
0.164445
0.253606
0.173852
0.0965985
0.26042
0.381797
0.15565
0.379848
0.166204
0.241371
0.399635
0.277261
0.2828
0.254306
0.14889
0.254485
0.0562715
0.320825
0.241701
0.250896
0.258271
0.171793
0.233285
0.329509
0.295016
0.101255
0.244735
0.123345
0.21222
0.430281
0.088505
0.262226
