0.208896
0.189986
0.269388
0.243955
0.0980406
0.261609
0.187217
0.270604
0.170817
0.118985
0.452003
0.320237
0.256931
0.366044
0.221534
0.344801
0.246229
0.292987
0.241397
0.161999
0.207834
0.138373
0.199571
0.163194
0.217647
0.107176
0.23899
0.381531
0.217304
0.204485
0.354181
0.252988
0.258201
0.134859
0.155326
0.342777
0.1271
0.274254
0.232279
0.250203
0.160434
0.347396
0.22601
0.193567
0.12358
0.284859
0.100322
0.26082
0.185128
0.183854
0.199313
0.288733
0.285274
0.185913
0.275005
0.165585
0.139108
0.248583
0.227184
0.353042
0.17631
0.205074
0.402796
0.141211
0.400118
0.254966
0.151515
0.152112
0.126072
0.113111
0.352829
0.202393
0.316387
0.248595
0.10349
0.127261
0.30921
0.134967
0.330297
0.32525
0.419189
0.160783
0.234481
0.192304
0.2499
0.102595
0.385702
0.124558
0.254965
0.223208
0.178608
0.382756
0.269289
0.266829
0.289809
0.398142
0.383439
0.215509
0.226658
0.170836
