0.260128
0.149299
0.3498
0.327201
0.230869
0.205723
0.232902
0.240034
0.293035
0.264409
0.176878
0.204366
0.326058
0.214874
0.121995
0.427804
0.363312
0.124251
0.200901
0.165984
0.193605
0.238402
0.277237
0.254887
0.247417
0.18591
0.0650091
0.229834
0.235799
0.113916
0.278161
0.19083
0.192524
0.104556
0.33652
0.122518
0.230342
0.141821
0.350828
0.304056
0.118694
0.459747
0.389299
0.203908
0.255955
0.384016
0.315615
0.295659
0.153261
0.0920806
0.194579
0.196181
0.178175
0.24414
0.24312
0.188304
0.312406
0.378896
0.209813
0.377609
0.131169
0.241824
0.262745
0.196992
0.181861
0.367214
0.240889
0.312952
0.421826
0.165846
0.169695
0.218585
0.403139
0.0973089
0.266853
0.298561
0.16549
0.335435
0.0938156
0.414589
0.200292
0.181285
0.246668
0.182319
0.0983967
0.0717903
0.237618
0.149939
0.315767
0.11554
0.0816173
0.200037
0.181053
0.176679
0.241584
0.181895
0.185423
0.316756
0.361925
0.259991
