0.127461
0.217272
0.258581
0.202005
0.122949
0.197562
0.18589
0.234715
0.511431
0.247981
0.171286
0.206018
0.192825
0.25255
0.277687
0.383286
0.276988
0.331427
0.291773
0.277157
0.226053
0.293988
0.24792
0.350918
0.0514606
0.130481
0.232251
0.29879
0.241128
0.270347
0.157963
0.111876
0.17953
0.223161
0.236017
0.174412
0.275441
0.279862
0.388118
0.220412
0.15534
0.307521
0.300869
0.193655
0.301567
0.167831
0.204921
0.100103
0.294396
0.35368
0.315966
0.208648
0.193937
0.252157
0.232304
0.129143
0.204903
0.293616
0.388188
0.132821
0.123075
0.340982
0.27224
0.253297
0.404902
0.227522
0.325303
0.214288
0.360603
0.193968
0.0876307
0.149873
0.396184
0.207657
0.219352
0.120973
0.198795
0.144116
0.260924
0.19104
0.218105
0.381435
0.246515
0.23452
0.105915
0.262033
0.278736
0.280934
0.217844
0.361683
0.205787
0.161093
0.113675
0.233084
0.128546
0.141019
0.402429
0.17573
0.257081
0.181662
