0.165079
0.126793
0.190722
0.131452
0.19247
0.165343
0.232241
0.13367
0.293286
0.281705
0.587395
0.309851
0.209961
0.0752802
0.319569
0.264988
0.420093
0.524211
0.163331
0.173887
0.17853
0.155675
0.243404
0.264188
0.134952
0.30613
0.0949345
0.233315
0.249445
0.230562
0.0983891
0.134533
0.149866
0.188203
0.120676
0.230781
0.153021
0.265441
0.363342
0.0824403
0.225672
0.169316
0.371443
0.276206
0.155622
0.259921
0.0783189
0.172856
0.280507
0.336368
0.160173
0.215351
0.331752
0.240752
0.0691315
0.314981
0.169901
0.219365
0.161236
0.119886
0.243119
0.315787
0.341441
0.349845
0.317442
0.265507
0.259378
0.161755
0.312565
0.191787
0.436815
0.181891
0.275394
0.107596
0.262656
0.138934
0.335433
0.28445
0.170801
0.25253
0.100485
0.27841
0.108182
0.117746
0.381604
0.252244
0.404195
0.107516
0.230073
0.267926
0.353816
0.312665
0.266036
0.15583
0.275999
0.1021
0.165248
0.268885
0.279938
0.235734
