0.320566
0.181471
0.210206
0.292411
0.322302
0.256343
0.072273
0.286297
0.144294
0.351379
0.131368
0.276738
0.124744
0.310594
0.21076
0.191635
0.184272
0.504919
0.140902
0.253654
0.099689
0.182335
0.428983
0.37809
0.117234
0.413859
0.23697
0.166721
0.153364
0.31783
0.166017
0.182365
0.328585
0.268022
0.286285
0.229477
0.375187
0.13449
0.36597
0.10469
0.152639
0.260624
0.24822
0.347127
0.177499
0.119264
0.351413
0.186657
0.54021
0.332429
0.13899
0.154807
0.185153
0.263076
0.29102
0.403569
0.0769211
0.250967
0.18383
0.126337
0.324979
0.109255
0.159336
0.218868
0.309994
0.156113
0.149645
0.115323
0.211233
0.174988
0.238469
0.210232
0.259564
0.108601
0.215584
0.174168
0.325531
0.168378
0.127363
0.183303
0.072885
0.213932
0.170352
0.174604
0.225481
0.0639867
0.280607
0.187487
0.251307
0.252443
0.314589
0.207258
0.199914
0.359089
0.0527735
0.126438
0.368423
0.323277
0.23294
0.440711
