0.246978
0.120947
0.24172
0.215937
0.325996
0.307232
0.156171
0.161856
0.203103
0.221996
0.195089
0.161733
0.227051
0.337121
0.313148
0.196849
0.187564
0.156022
0.358463
0.333213
0.288466
0.163438
0.176344
0.197134
0.366199
0.0945664
0.0745098
0.224441
0.165987
0.220227
0.379634
0.257664
0.0709399
0.136206
0.480456
0.215876
0.228593
0.237645
0.14601
0.448263
0.175953
0.250137
0.122412
0.204323
0.199622
0.155961
0.0638181
0.22402
0.247418
0.148269
0.142461
0.460953
0.345259
0.253044
0.404693
0.220566
0.366042
0.262836
0.477913
0.103619
0.254179
0.0907577
0.122899
0.294169
0.210668
0.205003
0.254151
0.446163
0.229241
0.154706
0.302855
0.244128
0.184092
0.123614
0.257093
0.206574
0.26427
0.314765
0.189578
0.222498
0.126951
0.268037
0.271912
0.137357
0.166534
0.325747
0.126449
0.291724
0.359338
0.343124
0.301254
0.214552
0.292867
0.11432
0.165401
0.257206
0.177793
0.258403
0.20173
0.216475
