0.167805
0.332213
0.0961091
0.131452
0.218214
0.293443
0.232241
0.104491
0.350277
0.153596
0.694546
0.308218
0.200045
0.0752802
0.253997
0.239873
0.164154
0.339396
0.0919893
0.142687
0.227765
0.155675
0.212611
0.398373
0.162351
0.30613
0.153431
0.230816
0.325433
0.111741
0.253326
0.233771
0.20706
0.37656
0.104376
0.355026
0.26994
0.277327
0.0484052
0.0824403
0.103822
0.453694
0.177744
0.178724
0.155622
0.108669
0.112815
0.172856
0.280507
0.20082
0.262694
0.32978
0.218642
0.11949
0.270511
0.314981
0.169901
0.0926179
0.11151
0.0658706
0.192224
0.338295
0.114844
0.0813793
0.213071
0.284846
0.29076
0.161755
0.328193
0.315286
0.17479
0.205585
0.234312
0.193699
0.262656
0.138934
0.401148
0.239557
0.178737
0.345936
0.245694
0.377677
0.194488
0.263124
0.379641
0.152387
0.333139
0.142762
0.384929
0.267926
0.318079
0.217767
0.213715
0.217844
0.339408
0.1021
0.242386
0.226292
0.315698
0.20095
