0.186507
0.267785
0.435179
0.290097
0.205344
0.084048
0.214428
0.309871
0.188184
0.281305
0.0595013
0.20974
0.355333
0.142357
0.248026
0.291804
0.295669
0.303731
0.182461
0.188994
0.218796
0.450001
0.21973
0.200333
0.220242
0.405495
0.0709241
0.178657
0.0713089
0.184763
0.195422
0.259683
0.0955678
0.16648
0.2195
0.19978
0.319667
0.170135
0.218909
0.235586
0.0785689
0.188954
0.152348
0.644447
0.484119
0.241108
0.277734
0.25778
0.114914
0.12467
0.273138
0.194421
0.0576084
0.287535
0.204859
0.16985
0.302436
0.353391
0.374985
0.256507
0.137122
0.258371
0.154358
0.178499
0.0700232
0.249748
0.394488
0.298983
0.36144
0.278717
0.161984
0.154799
0.237743
0.172528
0.147938
0.161741
0.189753
0.211109
0.17303
0.100468
0.251149
0.308896
0.16486
0.174059
0.182291
0.162369
0.457543
0.182315
0.384568
0.170795
0.209199
0.259529
0.344434
0.309583
0.150229
0.175982
0.205517
0.185414
0.268543
0.233417
