0.0344784
0.0924036
0.276028
0.41818
0.331869
0.207814
0.558465
0.269114
0.100826
0.186348
0.228184
0.277154
0.0929195
0.39885
0.238936
0.0835785
0.316918
0.396678
0.25503
0.378529
0.182959
0.257732
0.57299
0.201483
0.114544
0.302311
0.23697
0.0792998
0.348495
0.259118
0.193356
0.205617
0.11049
0.128454
0.300053
0.403742
0.163439
0.124897
0.151458
0.231962
0.192075
0.185727
0.175872
0.175097
0.242308
0.130741
0.144314
0.316514
0.335414
0.185118
0.1992
0.157343
0.0702614
0.213263
0.301012
0.23175
0.187729
0.12002
0.245635
0.220083
0.220154
0.134329
0.339408
0.323911
0.294906
0.330645
0.126869
0.253469
0.211233
0.219185
0.193369
0.224977
0.193309
0.125732
0.135529
0.243668
0.211205
0.393064
0.214022
0.151152
0.124474
0.325373
0.371549
0.136128
0.239973
0.124726
0.17479
0.236007
0.440977
0.335031
0.285938
0.266097
0.156
0.218817
0.311313
0.161881
0.181949
0.158641
0.214623
0.204984
