0.132634
0.187537
0.265016
0.293547
0.325422
0.282017
0.16929
0.26106
0.458732
0.139516
0.23767
0.279147
0.294889
0.184055
0.152501
0.110788
0.243191
0.291028
0.27916
0.360427
0.119344
0.109927
0.320264
0.217141
0.287343
0.23889
0.229435
0.343309
0.295764
0.234626
0.264702
0.189563
0.277895
0.311555
0.344093
0.198991
0.43402
0.275385
0.315589
0.191037
0.153188
0.303193
0.158426
0.257052
0.29081
0.343143
0.100773
0.294717
0.281383
0.243358
0.213034
0.401607
0.188407
0.22366
0.0338224
0.371578
0.0891619
0.101854
0.258846
0.164841
0.151987
0.166344
0.283046
0.281975
0.396947
0.155787
0.27704
0.295566
0.0604355
0.202526
0.401749
0.175197
0.320146
0.383289
0.171286
0.140389
0.235393
0.229997
0.273665
0.333192
0.374157
0.100232
0.156361
0.26476
0.258059
0.213953
0.0730299
0.365343
0.0431634
0.238987
0.0725682
0.216199
0.186343
0.0655694
0.124779
0.188316
0.27008
0.19333
0.102609
0.165232
