0.428321
0.0313613
0.242637
0.14721
0.0849226
0.162259
0.288575
0.338018
0.248792
0.384237
0.307104
0.105875
0.162143
0.290619
0.228445
0.119656
0.20838
0.186068
0.0605981
0.226934
0.497616
0.184232
0.192124
0.247425
0.195455
0.120565
0.303526
0.338946
0.0741296
0.177955
0.350471
0.359106
0.254004
0.259343
0.289895
0.125273
0.0539085
0.0704098
0.103379
0.451768
0.083606
0.0168476
0.109108
0.255026
0.352609
0.325757
0.219166
0.255027
0.121179
0.346349
0.0471284
0.455843
0.333447
0.15321
0.38092
0.382269
0.44482
0.321671
0.335643
0.218363
0.0925158
0.0748282
0.378232
0.0651609
0.337746
0.301837
0.176148
0.121894
0.299786
0.338241
0.256203
0.109886
0.208237
0.236394
0.286133
0.130553
0.333768
0.281509
0.363565
0.114744
0.166649
0.0471459
0.0850732
0.252595
0.223999
0.154359
0.147038
0.187023
0.11171
0.190225
0.371879
0.0722805
0.115223
0.333904
0.26969
0.268128
0.219162
0.160419
0.260596
0.149464
