0.191768
0.371593
0.147273
0.336382
0.295114
0.327534
0.279608
0.0949575
0.344061
0.245875
0.375366
0.177826
0.282471
0.363495
0.21779
0.180772
0.212926
0.174811
0.182791
0.176548
0.2676
0.297328
0.327977
0.342731
0.320305
0.284806
0.169092
0.235432
0.347113
0.20161
0.21367
0.140997
0.347733
0.176986
0.266243
0.296105
0.251062
0.261453
0.178197
0.0700862
0.15799
0.254817
0.10935
0.339613
0.197708
0.172
0.228753
0.274331
0.284624
0.190189
0.134413
0.277428
0.269741
0.189735
0.188959
0.185437
0.300368
0.0763062
0.0441365
0.139543
0.190152
0.196809
0.344211
0.290553
0.208949
0.251708
0.19798
0.191383
0.078198
0.10731
0.179967
0.388379
0.330742
0.401536
0.315986
0.25771
0.237485
0.255084
0.128296
0.237507
0.219873
0.42503
0.226802
0.258279
0.144902
0.206529
0.419838
0.244836
0.304988
0.246564
0.284524
0.0807744
0.110762
0.267499
0.328943
0.136385
0.185514
0.219619
0.259556
0.230081
