0.156896
0.0575376
0.420487
0.172388
0.170502
0.199431
0.0458188
0.348372
0.188004
0.251216
0.217963
0.31811
0.137531
0.113669
0.247611
0.119244
0.165693
0.389189
0.289464
0.25706
0.200634
0.0960096
0.212526
0.309574
0.381732
0.287992
0.343758
0.238442
0.186428
0.207387
0.147783
0.253482
0.0426726
0.112981
0.402722
0.340984
0.328146
0.254741
0.340172
0.110255
0.116266
0.257753
0.333288
0.387406
0.174282
0.15567
0.19437
0.196862
0.218454
0.140679
0.411161
0.158341
0.315622
0.2163
0.411329
0.20211
0.274173
0.292739
0.201761
0.117672
0.138643
0.354684
0.192971
0.282708
0.291842
0.290355
0.138044
0.240045
0.141865
0.120553
0.0989168
0.135671
0.116719
0.28179
0.189142
0.315979
0.18009
0.409173
0.171709
0.198324
0.307189
0.119136
0.272616
0.20518
0.263306
0.336269
0.20378
0.239684
0.129056
0.0928643
0.389072
0.246487
0.345392
0.295119
0.354112
0.18547
0.252086
0.302849
0.331889
0.196938
