0.0632699
0.173055
0.334656
0.241024
0.238522
0.128891
0.288377
0.366767
0.242831
0.184484
0.0884013
0.314703
0.194008
0.355526
0.139626
0.332316
0.114295
0.104484
0.311866
0.461756
0.184249
0.206158
0.215377
0.0556188
0.298613
0.244869
0.196806
0.196007
0.215496
0.216325
0.151758
0.209852
0.25614
0.296299
0.221903
0.218146
0.292593
0.158293
0.146171
0.320841
0.251498
0.224792
0.407266
0.35975
0.225599
0.188629
0.2059
0.242412
0.161565
0.362479
0.319248
0.266441
0.234565
0.207547
0.229868
0.230389
0.206587
0.263954
0.164919
0.31658
0.229
0.112747
0.399228
0.168013
0.293864
0.148639
0.257425
0.139084
0.200655
0.174171
0.319577
0.300252
0.14907
0.209819
0.276427
0.184266
0.158819
0.332258
0.140171
0.28304
0.083731
0.241246
0.208407
0.228475
0.180093
0.083289
0.0714544
0.53155
0.180844
0.320829
0.157567
0.163183
0.3562
0.263621
0.309498
0.328848
0.257736
0.162301
0.25145
0.452694
