0.0632699
0.404373
0.350737
0.185843
0.234098
0.128891
0.339933
0.452883
0.135118
0.184484
0.19342
0.314703
0.123835
0.328271
0.230196
0.294746
0.114295
0.257057
0.262324
0.364041
0.172592
0.184725
0.215377
0.158524
0.159958
0.166035
0.213697
0.227775
0.324027
0.267255
0.151758
0.362807
0.135408
0.23302
0.221903
0.127289
0.457483
0.22049
0.146171
0.35523
0.141902
0.351341
0.338828
0.378834
0.369856
0.131755
0.290946
0.207058
0.161565
0.362479
0.194519
0.329318
0.0919046
0.207547
0.229868
0.261293
0.169079
0.266575
0.295325
0.289989
0.275673
0.218891
0.228806
0.168013
0.293864
0.0832598
0.154962
0.22813
0.175228
0.174171
0.208082
0.294861
0.0717436
0.265794
0.276427
0.29107
0.158819
0.332258
0.140171
0.269051
0.248386
0.166
0.268544
0.228475
0.0692004
0.110836
0.239066
0.423226
0.180844
0.242711
0.0397196
0.349582
0.232313
0.0431545
0.215566
0.42396
0.0736207
0.162301
0.15794
0.397757
