0.212545
0.298398
0.126351
0.172697
0.296668
0.122763
0.434116
0.141553
0.260967
0.251869
0.167889
0.254548
0.209058
0.110182
0.249491
0.12669
0.276592
0.331223
0.117479
0.172495
0.129927
0.177828
0.219096
0.18602
0.358016
0.147046
0.342032
0.219346
0.135999
0.276303
0.480494
0.285954
0.218534
0.112084
0.133417
0.188477
0.464579
0.241272
0.0700027
0.133661
0.156391
0.0521207
0.31996
0.431891
0.306319
0.0621579
0.17998
0.233104
0.196739
0.0797746
0.123865
0.151575
0.379817
0.148695
0.218593
0.20879
0.104447
0.199992
0.316311
0.439466
0.288329
0.358049
0.315049
0.202704
0.403722
0.252245
0.132493
0.165099
0.287916
0.276612
0.516677
0.131239
0.44117
0.104365
0.187108
0.184217
0.265646
0.283598
0.133647
0.181782
0.0923572
0.11469
0.25582
0.307033
0.111567
0.206365
0.313994
0.286
0.254358
0.191314
0.354454
0.26648
0.304117
0.0810043
0.329489
0.201528
0.117577
0.159354
0.314793
0.275575
