0.180165
0.123284
0.200908
0.19205
0.281282
0.140043
0.192725
0.247113
0.274168
0.250713
0.392946
0.0990119
0.443549
0.17846
0.281546
0.29432
0.122865
0.135566
0.410071
0.180378
0.238936
0.140635
0.30572
0.0118838
0.110812
0.163911
0.236098
0.392819
0.350069
0.182498
0.27069
0.143817
0.112062
0.137963
0.206742
0.383369
0.254026
0.40325
0.446647
0.269586
0.423996
0.28422
0.428425
0.0769366
0.246846
0.396605
0.15929
0.31542
0.121344
0.193554
0.198731
0.25015
0.07357
0.0919361
0.276724
0.183664
0.165659
0.226306
0.139372
0.267117
0.310613
0.249164
0.51491
0.275608
0.165128
0.110217
0.282973
0.0509296
0.11328
0.125521
0.155414
0.179291
0.131326
0.161631
0.206403
0.196425
0.24507
0.186509
0.407604
0.0863235
0.251373
0.138464
0.0984529
0.223619
0.338087
0.201757
0.483157
0.195912
0.257335
0.137624
0.145155
0.175697
0.188919
0.0617738
0.293369
0.204792
0.238129
0.215869
0.30837
0.441233
