0.25
0.25
0.256288
0.25
0.190906
0.25
0.286262
0.212554
0.249642
0.25
0.25
0.25
0.25
0.25
0.25
0.25
0.25
0.25
0.25
0.25
0.25
0.25
0.25
0.25
0.120819
0.25
0.25
0.25
0.25
0.256687
0.25
0.25
0.25
0.25
0.25
0.25
0.25
0.25
0.25
0.297582
0.25
0.25
0.25
0.25
0.25
0.25
0.25
0.25
0.301591
0.25
0.25
0.25
0.25
0.25
0.224066
0.25
0.25
0.282526
0.25
0.25
0.25
0.25
0.24355
0.25
0.25
0.25
0.25
0.25
0.25
0.273485
0.25
0.25
0.25
0.25
0.25
0.25
0.25
0.25
0.25
0.24313
0.25
0.25
0.25
0.25
0.25
0.25
0.25
0.25
0.25
0.25
0.25
0.25
0.25
0.25
0.25
0.25
0.250358
0.25
0.25
0.25
