0.144316
0.168384
0.407997
0.146818
0.148399
0.351488
0.260968
0.26299
0.0184622
0.118016
0.239738
0.211459
0.192386
0.509591
0.304917
0.242379
0.131711
0.194974
0.185411
0.167785
0.239088
0.30416
0.247297
0.118793
0.257628
0.301695
0.134075
0.358313
0.27299
0.110558
0.259943
0.233121
0.229329
0.182819
0.329652
0.165718
0.171725
0.175002
0.191141
0.187351
0.177347
0.283863
0.181778
0.345557
0.411494
0.222867
0.302056
0.124333
0.274653
0.255178
0.218902
0.329551
0.17385
0.252206
0.260167
0.185417
0.198811
0.252925
0.175952
0.234903
0.318863
0.171263
0.202918
0.35555
0.344683
0.157479
0.155767
0.314384
0.22927
0.146948
0.101519
0.315345
0.411957
0.340528
0.380951
0.0733963
0.314884
0.376563
0.224456
0.151152
0.152409
0.154769
0.292586
0.153688
0.191822
0.243124
0.229734
0.153698
0.259236
0.453429
0.289969
0.206675
0.328932
0.216071
0.154334
0.203749
0.0568157
0.344877
0.261651
0.210794
