0.282094
0.195571
0.481186
0.23426
0.129103
0.126041
0.402491
0.15592
0.174582
0.197437
0.2089
0.267796
0.140211
0.354419
0.213537
0.119424
0.150274
0.0645451
0.254774
0.130551
0.196138
0.24784
0.0381276
0.152331
0.119316
0.128197
0.20517
0.17126
0.256349
0.209808
0.340918
0.107348
0.127303
0.131168
0.329992
0.189085
0.289405
0.102268
0.169011
0.150004
0.0214004
0.176229
0.278201
0.434896
0.428039
0.27535
0.170172
0.100182
0.104458
0.333329
0.313043
0.0876785
0.125457
0.223208
0.203789
0.295024
0.299928
0.241901
0.447742
0.259097
0.287996
0.106985
0.139889
0.344182
0.22562
0.312575
0.259304
0.238083
0.404579
0.365594
0.14291
0.175892
0.339599
0.328708
0.452663
0.236005
0.256904
0.191689
0.210221
0.217521
0.147016
0.283922
0.140372
0.146989
0.378935
0.182117
0.369922
0.14239
0.438092
0.327071
0.333845
0.178145
0.339308
0.235524
0.157626
0.293854
0.2695
0.21911
0.188666
0.131818
