0.171047
0.33691
0.121234
0.151318
0.154945
0.267048
0.199701
0.278237
0.142156
0.26682
0.433151
0.0275888
0.200903
0.196418
0.145387
0.276882
0.254532
0.145478
0.291442
0.136623
0.302482
0.290401
0.431205
0.197897
0.133412
0.154755
0.378713
0.0782613
0.327239
0.191555
0.289852
0.193534
0.248093
0.469797
0.169298
0.234552
0.370868
0.126663
0.213435
0.175361
0.387155
0.280132
0.194656
0.303145
0.121749
0.231685
0.0989501
0.025163
0.267168
0.313835
0.0979777
0.153074
0.306162
0.260463
0.326517
0.255624
0.273327
0.36573
0.249489
0.191143
0.412532
0.195673
0.0593309
0.299438
0.311768
0.253619
0.241468
0.14155
0.234076
0.181702
0.189743
0.105382
0.385963
0.345754
0.35764
0.242955
0.239282
0.137976
0.149861
0.159361
0.0964415
0.274612
0.216762
0.314417
0.217435
0.133146
0.262933
0.168103
0.246483
0.174069
0.307786
0.15228
0.421104
0.251458
0.159568
0.202081
0.200101
0.418376
0.16918
0.261471
