0.119706
0.249166
0.16324
0.252654
0.368735
0.209782
0.211294
0.274079
0.173619
0.297676
0.236935
0.287238
0.286229
0.220073
0.193599
0.194426
0.17094
0.191872
0.238692
0.321161
0.182681
0.337014
0.279512
0.147532
0.414309
0.318679
0.276729
0.273949
0.14378
0.108704
0.244964
0.268966
0.306246
0.0723524
0.388045
0.157635
0.160249
0.21247
0.12997
0.136252
0.324344
0.318736
0.358448
0.0703301
0.250805
0.310254
0.319368
0.26982
0.315998
0.189459
0.336063
0.278434
0.237683
0.230703
0.275412
0.398216
0.168695
0.158531
0.103733
0.219198
0.295312
0.14123
0.298941
0.199966
0.292453
0.146036
0.314763
0.118154
0.327138
0.311468
0.150111
0.341123
0.401709
0.220846
0.226928
0.157273
0.214204
0.247574
0.128676
0.12781
0.232471
0.162843
0.1996
0.262024
0.266015
0.210259
0.238353
0.289683
0.286474
0.338209
0.122412
0.137585
0.167975
0.362535
0.152287
0.326483
0.155786
0.116717
0.121723
0.420658
