0.166093
0.0267071
0.252444
0.0933822
0.249098
0.272098
0.197333
0.112961
0.259641
0.200796
0.154406
0.247125
0.171629
0.0761632
0.303508
0.170811
0.329657
0.502948
0.346056
0.382123
0.0634597
0.249867
0.23854
0.206544
0.273349
0.20729
0.286296
0.270383
0.157712
0.079258
0.314075
0.309182
0.0380294
0.0256327
0.157517
0.256756
0.305894
0.187804
0.251132
0.14904
0.291061
0.326682
0.237058
0.167391
0.142394
0.158029
0.27843
0.21412
0.346709
0.458479
0.353539
0.190235
0.214743
0.170675
0.214394
0.342018
0.170767
0.295004
0.0463963
0.0981567
0.21414
0.188025
0.329406
0.237379
0.348437
0.227498
0.183774
0.166952
0.199215
0.483509
0.175661
0.12294
0.235594
0.236511
0.166101
0.451547
0.0813023
0.206005
0.1793
0.103057
0.10486
0.280043
0.253358
0.185114
0.333797
0.295609
0.288342
0.336236
0.359561
0.10852
0.160119
0.391398
0.340355
0.186099
0.294396
0.188888
0.101664
0.28546
0.317125
0.329643
