0.293888
0.262507
0.165945
0.41279
0.298251
0.287447
0.308389
0.341359
0.174137
0.266242
0.144312
0.212958
0.209859
0.229118
0.125326
0.265686
0.174592
0.151952
0.362724
0.133644
0.148773
0.190595
0.0889447
0.376738
0.141582
0.145071
0.174845
0.117917
0.134091
0.173244
0.394887
0.315635
0.2225
0.177554
0.255189
0.136706
0.113489
0.467117
0.100931
0.254358
0.251117
0.0833245
0.206536
0.383441
0.317651
0.135575
0.171943
0.293813
0.186638
0.406994
0.440634
0.362779
0.19086
0.144822
0.110677
0.186523
0.322843
0.178993
0.397791
0.133258
0.265704
0.269056
0.210485
0.320436
0.274949
0.218093
0.172622
0.167983
0.239917
0.148618
0.278516
0.209239
0.131925
0.221008
0.407918
0.146413
0.175228
0.471409
0.124252
0.350975
0.172117
0.361077
0.34282
0.257277
0.19051
0.248564
0.231664
0.0415599
0.104164
0.145935
0.271793
0.404462
0.0929817
0.267772
0.158169
0.243858
0.242731
0.12107
0.341313
0.121801
