0.14506
0.356899
0.307327
0.230287
0.144143
0.305868
0.209568
0.167915
0.266093
0.31732
0.219214
0.400038
0.254678
0.238457
0.273054
0.264058
0.255307
0.156467
0.326613
0.411024
0.0583345
0.297399
0.366504
0.29421
0.200836
0.32198
0.456357
0.326344
0.337743
0.161465
0.208463
0.4253
0.234372
0.322696
0.285342
0.223252
0.0773501
0.0901781
0.141873
0.101723
0.0213802
0.104354
0.547723
0.203943
0.216546
0.244039
0.16324
0.216832
0.19548
0.131859
0.349776
0.114561
0.11189
0.157778
0.280129
0.141805
0.42059
0.182868
0.192484
0.206112
0.228684
0.267634
0.288675
0.364722
0.124383
0.293029
0.412478
0.110098
0.163697
0.0344429
0.0416495
0.198054
0.272064
0.405726
0.228599
0.171933
0.0927666
0.26195
0.158231
0.148967
0.195768
0.265155
0.175218
0.141325
0.139856
0.142954
0.36795
0.383006
0.150678
0.325769
0.183722
0.358552
0.0731179
0.108416
0.106023
0.215677
0.117676
0.245379
0.228743
0.156262
