0.30768
0.227587
0.265032
0.23031
0.250345
0.219788
0.484577
0.225665
0.090035
0.173192
0.071124
0.146613
0.19548
0.321096
0.126419
0.48935
0.210889
0.191527
0.128104
0.373109
0.271174
0.111188
0.265901
0.17347
0.28504
0.24253
0.249032
0.107403
0.162633
0.243951
0.32506
0.292436
0.0639129
0.212536
0.0721013
0.347182
0.163772
0.329575
0.338877
0.114257
0.161177
0.14387
0.255611
0.083356
0.20008
0.357905
0.205878
0.230415
0.314393
0.130882
0.0755461
0.133385
0.183085
0.100048
0.217195
0.0648948
0.345231
0.160776
0.26645
0.186761
0.217335
0.146484
0.222937
0.207227
0.557925
0.0353496
0.19201
0.251695
0.219677
0.325702
0.430545
0.253582
0.159658
0.202818
0.396614
0.210343
0.319843
0.153226
0.274591
0.35499
0.375341
0.404506
0.128774
0.429943
0.187803
0.280023
0.248581
0.202315
0.28925
0.256956
0.0558089
0.381177
0.23585
0.232291
0.223496
0.186688
0.192854
0.108446
0.127839
0.219313
