0.0451731
0.329177
0.108015
0.296346
0.2728
0.2183
0.142614
0.168453
0.273798
0.333941
0.152297
0.291967
0.263513
0.100869
0.248358
0.129993
0.348243
0.197161
0.198232
0.193639
0.251767
0.151794
0.250052
0.205135
0.544243
0.241276
0.329764
0.49306
0.215848
0.126512
0.119892
0.292193
0.272576
0.306738
0.3009
0.293552
0.0864437
0.270426
0.268414
0.228031
0.194205
0.0576242
0.441378
0.164299
0.251022
0.262041
0.260346
0.253629
0.262392
0.223282
0.244384
0.112296
0.419524
0.135676
0.446155
0.149275
0.143834
0.203821
0.342567
0.286432
0.231342
0.263512
0.370566
0.0792987
0.0990207
0.0982647
0.313293
0.303638
0.304394
0.164
0.192519
0.306202
0.287062
0.0584864
0.0931863
0.185545
0.316511
0.0818402
0.296856
0.112477
0.14951
0.248332
0.24802
0.422162
0.114719
0.186631
0.20092
0.295101
0.214531
0.158355
0.22691
0.0970005
0.16788
0.241634
0.275948
0.335423
0.26088
0.210774
0.212142
0.218145
