0.271297
0.0267071
0.288885
0.0933822
0.249098
0.158043
0.104011
0.169603
0.253701
0.13668
0.0985882
0.129164
0.192253
0.0761632
0.240947
0.0262
0.319463
0.502948
0.0769823
0.330129
0.0634597
0.0441487
0.275828
0.0993017
0.195715
0.21158
0.168951
0.273579
0.215137
0.284368
0.314075
0.343313
0.204923
0.234064
0.153445
0.143097
0.251234
0.118089
0.18319
0.306467
0.144872
0.188757
0.422492
0.172027
0.197405
0.319319
0.368473
0.182093
0.372163
0.447591
0.269222
0.151944
0.242501
0.120088
0.423171
0.324794
0.162135
0.16173
0.20279
0.166386
0.365782
0.207933
0.201303
0.322942
0.249913
0.291294
0.217141
0.185406
0.291238
0.233123
0.301318
0.0833681
0.0761074
0.322073
0.308347
0.221018
0.0913182
0.417432
0.278744
0.253038
0.132329
0.177875
0.129194
0.228712
0.417089
0.274005
0.311082
0.214449
0.148518
0.210104
0.350781
0.182469
0.451672
0.229612
0.325317
0.0788321
0.306624
0.28546
0.370638
0.202752
