0.312311
0.338695
0.146841
0.173754
0.142672
0.0291223
0.247902
0.256464
0.376697
0.11601
0.192258
0.42319
0.189498
0.208273
0.35036
0.245332
0.429435
0.249135
0.184425
0.177609
0.221226
0.446089
0.195049
0.106736
0.184861
0.253822
0.144929
0.164318
0.376826
0.0993178
0.235848
0.270741
0.303935
0.223131
0.249807
0.128704
0.345879
0.227599
0.351787
0.303934
0.11081
0.276083
0.520104
0.278501
0.0900265
0.283817
0.288017
0.141457
0.217543
0.0957934
0.0932977
0.25334
0.135854
0.272604
0.0176336
0.257924
0.394241
0.198709
0.215119
0.331031
0.199613
0.0936318
0.407082
0.187297
0.095087
0.251807
0.157815
0.191171
0.213541
0.269712
0.15338
0.3027
0.150929
0.438651
0.22805
0.125933
0.15935
0.247765
0.218967
0.444764
0.155476
0.066608
0.152066
0.284773
0.283708
0.214124
0.353798
0.174571
0.192308
0.150809
0.361184
0.0517447
0.138899
0.212694
0.0961981
0.209892
0.2222
0.222148
0.347141
0.336631
