0.227319
0.2469
0.521552
0.23705
0.246159
0.282937
0.235252
0.218909
0.274597
0.186372
0.274167
0.151623
0.222431
0.182793
0.0797894
0.408082
0.17733
0.136973
0.123328
0.385415
0.135773
0.311847
0.311987
0.283614
0.278855
0.220199
0.138241
0.263486
0.415398
0.166313
0.130801
0.356463
0.311361
0.106631
0.177896
0.254721
0.322992
0.388349
0.240357
0.114333
0.0208885
0.190764
0.178494
0.217477
0.162764
0.248254
0.36588
0.203018
0.218187
0.362533
0.355753
0.102885
0.0787141
0.260053
0.0806883
0.277182
0.281237
0.145234
0.0625375
0.191811
0.323755
0.260124
0.318578
0.280714
0.399533
0.211168
0.35914
0.329984
0.310578
0.118267
0.340567
0.152061
0.317387
0.243437
0.218387
0.295501
0.190629
0.0947068
0.107333
0.258746
0.383922
0.165456
0.163481
0.270656
0.322249
0.127558
0.0833372
0.117218
0.256522
0.309491
0.11109
0.280941
0.130321
0.0895168
0.145642
0.145261
0.0808111
0.338535
0.217956
0.37783
