0.312071
0.197111
0.110257
0.43127
0.251906
0.40341
0.295785
0.489394
0.125021
0.22907
0.22241
0.163417
0.0463931
0.118544
0.194892
0.335378
0.267443
0.239331
0.10184
0.0895425
0.395126
0.127096
0.265451
0.12803
0.147813
0.174039
0.219144
0.243121
0.309908
0.258891
0.148998
0.167311
0.276525
0.113226
0.107958
0.375789
0.134857
0.194815
0.135384
0.163368
0.11081
0.0668928
0.346616
0.193423
0.204615
0.105864
0.263849
0.224734
0.20341
0.175912
0.404766
0.41314
0.188079
0.223384
0.0675857
0.171433
0.136267
0.297905
0.282483
0.181132
0.283374
0.202856
0.419894
0.175002
0.198554
0.0645444
0.257034
0.246378
0.239083
0.189609
0.197067
0.229987
0.378645
0.138494
0.215573
0.225841
0.252775
0.286951
0.0510379
0.215499
0.34795
0.401656
0.243578
0.0946403
0.520878
0.2561
0.286713
0.319154
0.279197
0.102246
0.154621
0.308017
0.185146
0.18664
0.314292
0.142119
0.204749
0.191677
0.351359
0.47735
