0.121193
0.429024
0.147539
0.187402
0.248105
0.322732
0.250211
0.224182
0.160763
0.329214
0.192563
0.338335
0.113233
0.172806
0.264716
0.17543
0.444257
0.228821
0.162624
0.333346
0.25307
0.318309
0.296342
0.227887
0.163492
0.0917865
0.213001
0.156176
0.541767
0.199099
0.285751
0.225113
0.205507
0.293592
0.292173
0.334951
0.152826
0.402887
0.189915
0.29684
0.267317
0.155245
0.208823
0.131802
0.0845203
0.316424
0.26155
0.322887
0.354801
0.105634
0.176394
0.227256
0.127863
0.327552
0.364107
0.312203
0.284876
0.293026
0.203995
0.195627
0.130044
0.307665
0.0640355
0.31377
0.280429
0.218221
0.356716
0.105825
0.22721
0.209252
0.0466361
0.290999
0.371641
0.0629788
0.170802
0.188168
0.387989
0.223781
0.228162
0.114735
0.253079
0.0583951
0.271375
0.195792
0.321304
0.160488
0.218913
0.228894
0.162758
0.29102
0.24333
0.095585
0.227313
0.30539
0.170466
0.175277
0.0731848
0.155819
0.352813
0.224237
