0.132393
0.19957
0.246273
0.21195
0.289358
0.385336
0.118222
0.105495
0.221628
0.324966
0.175569
0.332067
0.135077
0.244206
0.18613
0.0593028
0.167252
0.204855
0.174168
0.102989
0.0998889
0.0798172
0.257994
0.200312
0.300142
0.291058
0.524707
0.113675
0.213484
0.266576
0.251843
0.203557
0.133304
0.390676
0.204665
0.401161
0.494459
0.114282
0.222799
0.145554
0.0847257
0.130508
0.327132
0.169812
0.281274
0.203135
0.293039
0.257961
0.34703
0.273856
0.10038
0.200139
0.316814
0.46657
0.154957
0.277601
0.269826
0.178743
0.173829
0.245939
0.280593
0.320018
0.313783
0.255447
0.332083
0.264177
0.362198
0.196604
0.233494
0.251989
0.243153
0.238707
0.245393
0.21228
0.243812
0.287707
0.324578
0.163385
0.105514
0.153047
0.200491
0.124637
0.119003
0.151707
0.337428
0.203278
0.42846
0.270813
0.287128
0.13889
0.24542
0.153252
0.247556
0.0886124
0.262972
0.248342
0.214521
0.199402
0.386078
0.191312
