0.30767
0.170649
0.395218
0.132566
0.255324
0.119543
0.0623685
0.365216
0.0419329
0.250137
0.254009
0.299636
0.19175
0.250089
0.169672
0.339749
0.292707
0.269631
0.23915
0.12832
0.100942
0.157007
0.135542
0.181609
0.357189
0.120272
0.292958
0.236209
0.139022
0.18465
0.238943
0.287831
0.447324
0.10307
0.133672
0.139743
0.360875
0.0691969
0.239562
0.201729
0.486357
0.219026
0.353501
0.178678
0.362808
0.255845
0.113816
0.140416
0.223218
0.0642071
0.280013
0.163402
0.288247
0.244582
0.272014
0.0662932
0.204386
0.455386
0.178741
0.21296
0.311596
0.26636
0.367955
0.176013
0.117957
0.317728
0.189281
0.232326
0.319221
0.164322
0.206327
0.225593
0.191745
0.215375
0.375414
0.524556
0.187948
0.174864
0.108944
0.218874
0.235236
0.107213
0.0972734
0.116826
0.376495
0.317802
0.245757
0.310459
0.219485
0.233382
0.172722
0.24016
0.291036
0.185943
0.22797
0.397986
0.219508
0.33989
0.242283
0.0323719
