0.263588
0.160741
0.195951
0.254024
0.249982
0.314749
0.478151
0.127427
0.325293
0.129544
0.244281
0.444047
0.228296
0.229144
0.141079
0.192667
0.321005
0.0877056
0.225267
0.294658
0.146464
0.164791
0.279654
0.182302
0.264428
0.0728933
0.149139
0.393768
0.105661
0.375316
0.280285
0.29639
0.294205
0.059924
0.305385
0.0368464
0.358614
0.502482
0.164827
0.202504
0.18616
0.254178
0.407311
0.393453
0.234458
0.0407547
0.281878
0.343101
0.138651
0.228207
0.282785
0.192968
0.205216
0.135818
0.164688
0.153933
0.180133
0.246506
0.169144
0.185373
0.1991
0.216161
0.361806
0.349825
0.415349
0.0481128
0.201045
0.148985
0.339505
0.310802
0.163196
0.29739
0.19639
0.310972
0.202019
0.151162
0.25762
0.198473
0.205504
0.150188
0.199804
0.164063
0.287584
0.123908
0.153288
0.294599
0.321387
0.246058
0.324427
0.300148
0.323991
0.19702
0.0904282
0.222656
0.224493
0.240184
0.0989107
0.321988
0.169164
0.0383533
