0.202226
0.130834
0.19936
0.170434
0.480273
0.160152
0.215782
0.202387
0.541285
0.186716
0.302281
0.278127
0.3208
0.364643
0.183092
0.245809
0.124433
0.23588
0.281946
0.24754
0.11816
0.209314
0.329952
0.200334
0.213906
0.228932
0.148274
0.224768
0.274586
0.23179
0.225835
0.278841
0.0597613
0.230162
0.329076
0.310542
0.328899
0.326789
0.24313
0.254327
0.266095
0.270225
0.168562
0.130962
0.367483
0.130104
0.281321
0.159151
0.313777
0.158637
0.241664
0.118649
0.163045
0.362899
0.0819511
0.209357
0.199739
0.334867
0.336299
0.11419
0.15367
0.404768
0.320357
0.20199
0.178168
0.242266
0.155061
0.219058
0.250727
0.112264
0.174039
0.194025
0.167455
0.233395
0.143741
0.134658
0.270674
0.165096
0.376289
0.190052
0.373736
0.213414
0.247979
0.25436
0.211091
0.154465
0.426865
0.133058
0.331488
0.190193
0.216607
0.372098
0.165568
0.0258252
0.291391
0.201046
0.31864
0.160473
0.27286
0.272319
