0.183207
0.254355
0.248302
0.21118
0.160283
0.222003
0.0480944
0.181968
0.299188
0.188603
0.301123
0.231191
0.150461
0.178585
0.211941
0.245018
0.123641
0.0925389
0.220425
0.0960824
0.334989
0.199521
0.154898
0.478162
0.216684
0.203974
0.364342
0.142328
0.175332
0.0930631
0.116986
0.268915
0.236551
0.281171
0.221011
0.172453
0.202246
0.359935
0.301123
0.119161
0.324506
0.286269
0.0509194
0.126976
0.246887
0.324767
0.162083
0.264079
0.120054
0.174043
0.24163
0.13161
0.185857
0.179612
0.25364
0.334889
0.214956
0.222926
0.174826
0.194515
0.408515
0.1229
0.333135
0.128917
0.267379
0.28532
0.285206
0.346457
0.233684
0.158454
0.103579
0.233085
0.225629
0.199299
0.518613
0.0433915
0.214787
0.234516
0.0604956
0.245466
0.184452
0.205941
0.365893
0.176208
0.345643
0.439822
0.242317
0.239268
0.289289
0.416164
0.291528
0.25735
0.486295
0.0695386
0.306467
0.210564
0.272755
0.367839
0.383978
0.132519
