0.308335
0.170235
0.457498
0.246202
0.209165
0.243788
0.265661
0.331632
0.42388
0.273264
0.287912
0.380113
0.146183
0.22881
0.264054
0.368765
0.164408
0.162126
0.157445
0.0645506
0.11002
0.260699
0.124699
0.186452
0.14276
0.237893
0.180747
0.334916
0.282706
0.22347
0.307888
0.260711
0.314777
0.283242
0.0698796
0.404171
0.122688
0.179673
0.133449
0.296456
0.0863009
0.304121
0.23078
0.234053
0.308515
0.300949
0.146723
0.245116
0.330711
0.121479
0.296848
0.386941
0.17591
0.293534
0.310742
0.238496
0.0471752
0.368758
0.274971
0.11999
0.299475
0.220518
0.17203
0.134425
0.187614
0.206699
0.389334
0.201158
0.332293
0.182826
0.150508
0.237295
0.202214
0.170266
0.270506
0.183893
0.248938
0.343427
0.259286
0.308277
0.209119
0.138205
0.179249
0.180491
0.192154
0.147064
0.157372
0.0840639
0.161243
0.301663
0.29962
0.440542
0.176468
0.145658
0.275982
0.143844
0.240071
0.353681
0.259024
0.178288
