0.302977
0.224747
0.317717
0.343203
0.0529149
0.152571
0.155538
0.307365
0.115906
0.213313
0.250977
0.198002
0.240831
0.157425
0.221518
0.168192
0.355786
0.080561
0.150349
0.381748
0.220047
0.129364
0.242449
0.126523
0.157189
0.19565
0.156514
0.262778
0.279481
0.028169
0.205434
0.33275
0.436633
0.328092
0.215411
0.270341
0.340735
0.260863
0.457961
0.351294
0.238029
0.226348
0.144254
0.323463
0.205016
0.253147
0.122922
0.159124
0.175786
0.149803
0.188847
0.255653
0.143899
0.187382
0.166815
0.485365
0.331494
0.127198
0.365159
0.351452
0.222238
0.353892
0.208682
0.240331
0.275403
0.0993907
0.176662
0.25575
0.101412
0.153877
0.159013
0.232607
0.179962
0.205228
0.274726
0.433639
0.338233
0.0732373
0.193896
0.233573
0.362687
0.172124
0.334608
0.247021
0.127941
0.2493
0.271629
0.21716
0.250448
0.168705
0.173006
0.491744
0.0567473
0.12096
0.226147
0.194447
0.232044
0.1975
0.178668
0.414833
