0.132772
0.241525
0.0692564
0.234684
0.180326
0.221809
0.267501
0.188299
0.146843
0.219488
0.13727
0.180017
0.214127
0.281395
0.317918
0.18014
0.171388
0.330529
0.314078
0.12081
0.0801891
0.348372
0.291731
0.200173
0.191127
0.240969
0.0982631
0.160122
0.114551
0.274408
0.177057
0.429926
0.522039
0.209699
0.295147
0.374895
0.165764
0.19617
0.226609
0.376412
0.14907
0.117184
0.21799
0.172833
0.298599
0.435207
0.150261
0.193941
0.28189
0.204714
0.0545343
0.283939
0.0504419
0.341178
0.0547546
0.176365
0.193592
0.3529
0.465085
0.149198
0.124033
0.140706
0.290908
0.216752
0.218491
0.358301
0.188126
0.339806
0.278693
0.270246
0.133867
0.532896
0.450774
0.243504
0.239721
0.084842
0.264175
0.14509
0.157128
0.11516
0.214827
0.243438
0.0298031
0.112585
0.174549
0.398662
0.149022
0.222591
0.0885318
0.256243
0.310104
0.216114
0.27591
0.109572
0.0878314
0.269894
0.392825
0.371828
0.136503
0.337647
