0.341571
0.251865
0.415062
0.30097
0.223592
0.0627814
0.284086
0.180137
0.27927
0.332854
0.327316
0.293845
0.0934407
0.183078
0.234747
0.447991
0.193477
0.29315
0.272095
0.188994
0.218796
0.265376
0.117738
0.203115
0.159958
0.244081
0.278399
0.117038
0.334673
0.0663963
0.203789
0.234292
0.118931
0.32163
0.337206
0.121579
0.31249
0.219564
0.128936
0.410651
0.0785689
0.123276
0.152348
0.311881
0.0453655
0.081287
0.12363
0.421776
0.120653
0.192453
0.253034
0.217871
0.0705792
0.20314
0.330957
0.222572
0.340842
0.325711
0.374872
0.178495
0.433142
0.275839
0.154358
0.185121
0.112306
0.146674
0.429656
0.103662
0.138595
0.278717
0.306137
0.148233
0.414519
0.101058
0.180234
0.120687
0.328836
0.251411
0.189114
0.100468
0.21859
0.308896
0.101043
0.174059
0.214437
0.133279
0.265814
0.216581
0.203097
0.318669
0.161679
0.353237
0.341501
0.139266
0.15895
0.206425
0.0999526
0.304949
0.511517
0.206245
