0.263581
0.179709
0.211712
0.240854
0.388035
0.117616
0.218232
0.420981
0.410572
0.249807
0.108168
0.187559
0.118823
0.29879
0.254125
0.173335
0.298054
0.0984583
0.0996844
0.108948
0.236133
0.18315
0.168475
0.28409
0.0885432
0.0579902
0.139496
0.103038
0.212746
0.105548
0.308684
0.0736663
0.214499
0.357789
0.046657
0.131203
0.458412
0.215679
0.270291
0.222731
0.472474
0.237038
0.28412
0.298258
0.143916
0.331404
0.283468
0.32533
0.184354
0.262903
0.231973
0.246386
0.335555
0.212009
0.262394
0.246263
0.342008
0.317634
0.273591
0.274785
0.251338
0.446219
0.166134
0.184235
0.250068
0.323443
0.304598
0.0479407
0.20973
0.145094
0.377992
0.245157
0.43533
0.179314
0.459234
0.191537
0.319894
0.246444
0.227954
0.261634
0.0839747
0.051127
0.150363
0.059887
0.159618
0.12774
0.154221
0.0865117
0.300606
0.203915
0.124635
0.110274
0.249755
0.269369
0.112503
0.454813
0.344703
0.23938
0.101873
0.188084
