0.0856671
0.177654
0.451563
0.150241
0.107289
0.151752
0.269429
0.312424
0.370223
0.242451
0.246798
0.107891
0.24824
0.0158223
0.116077
0.405494
0.160604
0.177114
0.367171
0.220156
0.247024
0.102682
0.151442
0.268697
0.265274
0.15876
0.326328
0.296807
0.289698
0.185223
0.0773612
0.243355
0.42279
0.076086
0.434874
0.151263
0.302567
0.434801
0.278677
0.233844
0.335077
0.240941
0.262179
0.168303
0.149742
0.255687
0.227068
0.145994
0.13971
0.101556
0.33112
0.234517
0.106704
0.350229
0.317776
0.250271
0.199741
0.336547
0.271772
0.466955
0.260136
0.314773
0.209078
0.100449
0.198245
0.214504
0.152147
0.050784
0.138578
0.251961
0.390043
0.176111
0.0974418
0.209459
0.164751
0.438247
0.460419
0.218624
0.249791
0.164689
0.263199
0.119858
0.229252
0.114276
0.279584
0.358815
0.22948
0.138633
0.0955454
0.184568
0.267828
0.133828
0.3397
0.207104
0.215777
0.128631
0.216759
0.261084
0.229756
0.216096
