0.102666
0.286616
0.126893
0.0955071
0.28867
0.172268
0.0905558
0.237733
0.228514
0.266931
0.389193
0.279889
0.189578
0.278051
0.0524964
0.0983626
0.109063
0.146667
0.217278
0.0665176
0.135205
0.261778
0.238405
0.35178
0.221237
0.40837
0.34699
0.134204
0.203224
0.242905
0.22998
0.339149
0.23241
0.20964
0.281463
0.0592017
0.277758
0.0804265
0.179349
0.282819
0.180152
0.261358
0.129066
0.16942
0.292668
0.252073
0.265896
0.514592
0.193324
0.246017
0.264121
0.54139
0.145871
0.19156
0.369784
0.25036
0.0969374
0.281722
0.174826
0.237893
0.0754838
0.22113
0.212421
0.288927
0.175697
0.402036
0.254085
0.271128
0.209601
0.0944511
0.216848
0.0924661
0.361314
0.263072
0.30166
0.323494
0.236709
0.22078
0.255277
0.133966
0.304288
0.166684
0.268226
0.177605
0.185513
0.24471
0.122115
0.128528
0.337481
0.187444
0.298761
0.186839
0.406471
0.0695386
0.292864
0.199629
0.294995
0.49421
0.24594
0.289068
