0.0558614
0.429576
0.426833
0.121798
0.355767
0.2933
0.476062
0.186487
0.446731
0.188815
0.146969
0.242188
0.172229
0.151997
0.152501
0.0612754
0.17934
0.200126
0.275937
0.36066
0.193187
0.134444
0.427519
0.327154
0.256329
0.254235
0.212488
0.147484
0.332474
0.243235
0.277478
0.0669185
0.140357
0.203595
0.4233
0.0426592
0.383494
0.193984
0.277715
0.15166
0.222967
0.225572
0.268325
0.162583
0.0944744
0.219872
0.060382
0.194993
0.196201
0.104003
0.263376
0.252161
0.218509
0.297471
0.0338224
0.136533
0.290067
0.126283
0.258846
0.250733
0.227913
0.166256
0.440335
0.134104
0.240067
0.223514
0.450458
0.452768
0.341441
0.220627
0.221367
0.260113
0.209601
0.212529
0.257785
0.426293
0.228359
0.150377
0.359889
0.391648
0.122739
0.218687
0.156361
0.202265
0.321082
0.213304
0.0730299
0.144582
0.157146
0.129584
0.0620493
0.147613
0.104065
0.0655694
0.243901
0.324873
0.12241
0.167474
0.10074
0.378755
