0.196386
0.256836
0.249695
0.306656
0.140531
0.239538
0.408409
0.470415
0.203326
0.519221
0.108048
0.361819
0.121919
0.0804698
0.206382
0.392432
0.273317
0.13568
0.24227
0.189679
0.39763
0.207905
0.204284
0.235481
0.354993
0.159697
0.0352405
0.166527
0.317307
0.189199
0.175136
0.242769
0.315431
0.264036
0.20427
0.140201
0.119576
0.376375
0.235872
0.219382
0.180823
0.271746
0.109108
0.159442
0.149357
0.295426
0.302354
0.240239
0.203242
0.357298
0.287002
0.136334
0.102432
0.134616
0.421617
0.279749
0.153171
0.146893
0.301039
0.32822
0.118754
0.247732
0.237664
0.0829267
0.149622
0.201151
0.0614075
0.0640634
0.249606
0.384295
0.177335
0.2792
0.175639
0.274177
0.225642
0.0439568
0.338432
0.301055
0.18041
0.0844879
0.227529
0.313031
0.171203
0.107647
0.212816
0.220208
0.11438
0.174414
0.424331
0.0313622
0.429644
0.275952
0.262449
0.378191
0.202723
0.0596763
0.359042
0.303517
0.214365
0.206696
