0.0632699
0.404373
0.350737
0.185843
0.234098
0.128891
0.339933
0.366767
0.135118
0.184484
0.161358
0.314703
0.123835
0.328271
0.230196
0.332316
0.114295
0.257057
0.262324
0.364041
0.172592
0.184725
0.215377
0.187528
0.192254
0.166035
0.213697
0.227775
0.324027
0.267255
0.151758
0.362807
0.135408
0.23302
0.221903
0.110896
0.382303
0.158293
0.146171
0.35523
0.141902
0.224792
0.338828
0.378834
0.375098
0.131755
0.290946
0.0808265
0.161565
0.362479
0.319248
0.266441
0.234565
0.207547
0.229868
0.261293
0.169079
0.266575
0.177082
0.289989
0.275673
0.344236
0.228806
0.168013
0.293864
0.253939
0.154962
0.22813
0.175228
0.174171
0.182376
0.294861
0.0717436
0.209819
0.276427
0.195313
0.158819
0.332258
0.140171
0.269051
0.248386
0.166
0.268544
0.228475
0.0692004
0.220511
0.239066
0.423226
0.180844
0.242711
0.0397196
0.349582
0.3562
0.240252
0.215566
0.42396
0.0736207
0.162301
0.174723
0.397757
