0.0438829
0.190078
0.140404
0.247397
0.190527
0.0747407
0.204124
0.460428
0.208707
0.26458
0.355035
0.0910419
0.0950789
0.243835
0.119567
0.292224
0.211947
0.161976
0.412754
0.204548
0.133805
0.185928
0.21582
0.241349
0.356678
0.209896
0.296788
0.353529
0.246987
0.238778
0.154031
0.165642
0.168689
0.386
0.0603731
0.0614761
0.338847
0.21414
0.282796
0.239208
0.22536
0.398687
0.0619591
0.171881
0.107531
0.320327
0.0534782
0.178782
0.129018
0.0692374
0.102243
0.206997
0.272872
0.236982
0.426297
0.367816
0.438652
0.154044
0.213114
0.337564
0.295335
0.233811
0.13342
0.186803
0.294609
0.313531
0.152153
0.0841837
0.184797
0.344923
0.186358
0.263404
0.0421192
0.189332
0.384281
0.13044
0.390892
0.264988
0.195747
0.511145
0.418065
0.219061
0.202703
0.218559
0.146148
0.211948
0.125421
0.274925
0.267614
0.0939045
0.140953
0.0355604
0.1366
0.166054
0.273443
0.124415
0.460286
0.427451
0.189584
0.350152
