0.218408
0.0715354
0.278254
0.176577
0.347724
0.189738
0.100307
0.187018
0.27122
0.13003
0.171161
0.117526
0.205266
0.137512
0.20042
0.202249
0.133895
0.310676
0.401147
0.315277
0.205952
0.228973
0.179631
0.248826
0.104739
0.465424
0.338023
0.157462
0.253653
0.293666
0.186039
0.143681
0.201081
0.288976
0.135679
0.142373
0.191827
0.118736
0.370349
0.0686315
0.162508
0.313896
0.374519
0.263965
0.318758
0.240969
0.240849
0.393631
0.346237
0.322273
0.452822
0.188694
0.256019
0.355483
0.190314
0.0373228
0.121061
0.163994
0.212188
0.34807
0.304892
0.144501
0.129619
0.144447
0.343923
0.263669
0.282408
0.252693
0.276525
0.338157
0.201851
0.225083
0.152568
0.241597
0.258146
0.139145
0.34794
0.159545
0.22046
0.0536171
0.172425
0.365699
0.391436
0.0878986
0.286844
0.112482
0.142337
0.230326
0.430834
0.359127
0.378587
0.0995079
0.29421
0.218335
0.136982
0.239302
0.164371
0.105751
0.361323
0.199631
