0.298549
0.121464
0.188182
0.465794
0.248575
0.251044
0.250476
0.226102
0.128042
0.321294
0.232433
0.209854
0.33868
0.553307
0.24492
0.216103
0.335057
0.310739
0.270685
0.089501
0.299438
0.244602
0.106171
0.361629
0.220029
0.184097
0.0575776
0.242594
0.209555
0.367657
0.180695
0.206922
0.185064
0.199246
0.343964
0.220931
0.126601
0.214617
0.229972
0.0498825
0.399817
0.257047
0.237536
0.0631035
0.120824
0.168446
0.264149
0.196777
0.150112
0.171144
0.508654
0.306607
0.157881
0.20951
0.152437
0.0621871
0.180619
0.191926
0.141171
0.406785
0.189965
0.305848
0.240079
0.287253
0.321524
0.245287
0.258346
0.331216
0.155582
0.260091
0.156107
0.150654
0.256959
0.171773
0.10266
0.259511
0.132657
0.420658
0.210051
0.123755
0.0425315
0.256193
0.312209
0.195455
0.263103
0.343416
0.1184
0.151992
0.490488
0.125078
0.242596
0.292449
0.242789
0.220568
0.206027
0.0780596
0.181662
0.3207
0.118915
0.259345
