0.225886
0.224911
0.289396
0.181255
0.128474
0.287933
0.221061
0.203655
0.258749
0.216866
0.270212
0.20343
0.239895
0.141401
0.14969
0.197031
0.229227
0.360947
0.186941
0.266112
0.23799
0.272513
0.265229
0.243156
0.329512
0.121404
0.204521
0.18926
0.252935
0.19941
0.361223
0.0876047
0.0689905
0.29261
0.201724
0.120941
0.245
0.102221
0.138909
0.177235
0.324399
0.0889879
0.160699
0.216132
0.400893
0.228726
0.150869
0.25148
0.150532
0.357084
0.211698
0.398514
0.240987
0.218717
0.128976
0.374732
0.253525
0.224279
0.0798917
0.156428
0.234572
0.184086
0.29443
0.231082
0.137765
0.495957
0.0852129
0.106016
0.488999
0.223228
0.168979
0.110678
0.364791
0.141307
0.115633
0.508464
0.123428
0.303005
0.281294
0.183675
0.127476
0.163012
0.20419
0.302429
0.113089
0.369633
0.407457
0.412729
0.349673
0.334223
0.283427
0.18055
0.186975
0.0593358
0.255115
0.190429
0.333296
0.322994
0.163424
0.302607
