0.232115
0.263103
0.307807
0.369275
0.210764
0.310848
0.192152
0.148392
0.227258
0.341558
0.276659
0.239137
0.468321
0.248578
0.535464
0.237726
0.28874
0.14742
0.296227
0.221945
0.186634
0.150483
0.43803
0.279151
0.238454
0.213937
0.145992
0.160228
0.191641
0.341468
0.17512
0.297362
0.269859
0.284873
0.151138
0.156534
0.133168
0.287588
0.358575
0.0622129
0.300179
0.255141
0.248954
0.205903
0.106193
0.102098
0.479295
0.402212
0.107532
0.264395
0.10204
0.129266
0.207062
0.134002
0.118613
0.423411
0.171228
0.176584
0.217866
0.298508
0.220041
0.201472
0.251062
0.229194
0.207885
0.285277
0.242485
0.222207
0.24173
0.268158
0.306327
0.0961147
0.214678
0.326599
0.253688
0.225061
0.0747053
0.109888
0.274304
0.0790433
0.233138
0.380092
0.132122
0.279452
0.298674
0.254871
0.293726
0.13348
0.23792
0.243279
0.150619
0.331876
0.235816
0.127207
0.0978859
0.221279
0.153797
0.175187
0.225201
0.191973
