0.0754555
0.434688
0.195293
0.355259
0.339961
0.204781
0.344978
0.230835
0.129923
0.293509
0.236473
0.254548
0.209058
0.110182
0.362114
0.230432
0.228736
0.366929
0.142219
0.172495
0.201756
0.0559911
0.198879
0.177778
0.200253
0.236308
0.155626
0.193215
0.135999
0.276303
0.532513
0.286487
0.206122
0.440613
0.149842
0.188477
0.17678
0.200172
0.207475
0.133661
0.348682
0.16402
0.183431
0.215175
0.258696
0.228017
0.182044
0.202803
0.136577
0.19088
0.152501
0.308612
0.222352
0.386349
0.200756
0.0493062
0.103262
0.199992
0.324348
0.337692
0.352238
0.191418
0.0924225
0.331566
0.0853821
0.17516
0.122134
0.252355
0.237518
0.392365
0.187292
0.215175
0.191176
0.165707
0.2729
0.131792
0.10345
0.426298
0.415012
0.304815
0.178705
0.11469
0.427488
0.323411
0.13442
0.287693
0.146655
0.0651865
0.283823
0.2446
0.257683
0.355146
0.310355
0.0810043
0.375133
0.205399
0.144046
0.263045
0.119814
0.333377
