0.195403
0.467083
0.198772
0.383084
0.111451
0.383676
0.26435
0.16604
0.412709
0.255985
0.0958483
0.332708
0.156435
0.14937
0.318726
0.129993
0.249062
0.161316
0.197985
0.136129
0.144295
0.124556
0.135158
0.218843
0.234995
0.241548
0.116958
0.160422
0.336487
0.261548
0.215511
0.249915
0.127962
0.246815
0.397753
0.155137
0.0965868
0.297497
0.320604
0.14562
0.365694
0.145039
0.295346
0.215935
0.261241
0.125941
0.16996
0.325502
0.134225
0.218168
0.0782567
0.201204
0.371834
0.313296
0.20425
0.0725246
0.200879
0.278072
0.193023
0.115263
0.160056
0.221298
0.201671
0.178724
0.0990207
0.360789
0.0296599
0.320133
0.188655
0.176293
0.211705
0.367188
0.21005
0.349924
0.330127
0.239103
0.18074
0.0765837
0.192229
0.25035
0.238667
0.35098
0.154757
0.377961
0.340876
0.137563
0.202717
0.1784
0.205499
0.2499
0.24802
0.233745
0.576238
0.363856
0.340512
0.170054
0.174717
0.431112
0.100684
0.255576
