0.122304
0.375514
0.267849
0.216057
0.157821
0.279162
0.40466
0.353894
0.143313
0.0476443
0.0652942
0.281947
0.120947
0.102433
0.298501
0.225714
0.0685914
0.141338
0.246047
0.294177
0.416122
0.365689
0.18004
0.372546
0.187726
0.262217
0.227821
0.223035
0.143367
0.196558
0.183972
0.233832
0.373405
0.233567
0.148877
0.16508
0.120514
0.10306
0.131034
0.315069
0.145349
0.318091
0.248208
0.205144
0.238309
0.142843
0.205516
0.22056
0.268052
0.32563
0.156214
0.239314
0.215637
0.238651
0.354019
0.227954
0.325107
0.256708
0.121175
0.225381
0.315045
0.264635
0.228856
0.279855
0.0365911
0.41146
0.118087
0.199614
0.224651
0.297491
0.322797
0.206462
0.337053
0.250469
0.505843
0.24886
0.21043
0.164593
0.428895
0.196367
0.161684
0.22837
0.187509
0.0794399
0.490433
0.410855
0.124025
0.228724
0.131671
0.30839
0.18462
0.171511
0.103575
0.279491
0.203863
0.191142
0.263551
0.219095
0.285336
0.124939
