0.194664
0.275764
0.272773
0.221094
0.157412
0.242191
0.300301
0.0978653
0.141068
0.237148
0.229755
0.250886
0.196351
0.162345
0.096741
0.220503
0.267205
0.211749
0.177382
0.164875
0.300257
0.209918
0.372646
0.481898
0.0813871
0.1588
0.26974
0.39945
0.385401
0.279752
0.182864
0.177017
0.320661
0.229868
0.150412
0.207681
0.210597
0.278069
0.310416
0.200808
0.27062
0.177028
0.378141
0.282356
0.162651
0.24963
0.255522
0.214611
0.502803
0.169215
0.305287
0.143952
0.197699
0.276398
0.307967
0.134378
0.3317
0.116883
0.151962
0.299702
0.221961
0.319919
0.209099
0.261843
0.252587
0.216047
0.290832
0.333135
0.206404
0.347041
0.154199
0.222783
0.224081
0.270649
0.0790317
0.21768
0.347343
0.200397
0.211157
0.258388
0.223317
0.126712
0.245925
0.289737
0.248923
0.194834
0.232092
0.331666
0.269553
0.290139
0.356581
0.269513
0.0783312
0.232104
0.18406
0.208213
0.109052
0.12079
0.103783
0.38789
