0.197649
0.365111
0.141885
0.20327
0.162944
0.297677
0.421414
0.403262
0.273297
0.258313
0.419355
0.0458258
0.370995
0.0633315
0.138565
0.220276
0.114633
0.105113
0.287267
0.234531
0.135657
0.1317
0.3868
0.16648
0.265471
0.218012
0.201135
0.195781
0.144984
0.255508
0.227856
0.546524
0.435793
0.22233
0.151246
0.299572
0.368512
0.180832
0.191256
0.120551
0.11314
0.284203
0.239189
0.351641
0.241535
0.0953564
0.14828
0.297509
0.135315
0.31573
0.195951
0.168354
0.215247
0.204185
0.198259
0.103424
0.251348
0.280889
0.154234
0.280918
0.0982701
0.375683
0.190588
0.37351
0.435745
0.197638
0.08165
0.295326
0.169694
0.377726
0.121142
0.122374
0.304908
0.449836
0.0649848
0.145558
0.130243
0.213799
0.0991541
0.176752
0.13531
0.26289
0.179989
0.187967
0.276588
0.234543
0.309855
0.0929265
0.31034
0.219301
0.210146
0.458666
0.234823
0.0741788
0.0701597
0.270153
0.251262
0.233494
0.119595
0.310302
