0.248283
0.30105
0.108754
0.387644
0.210404
0.33943
0.184323
0.280826
0.210071
0.129639
0.211137
0.175603
0.27836
0.319628
0.151586
0.193697
0.377109
0.274124
0.192819
0.156791
0.272678
0.443288
0.2325
0.123957
0.104922
0.27433
0.329207
0.145779
0.140353
0.368671
0.259787
0.165011
0.185102
0.201148
0.21136
0.119946
0.0433102
0.180603
0.0399137
0.376333
0.160167
0.315694
0.134425
0.403739
0.131852
0.347228
0.0965205
0.228521
0.432215
0.164441
0.204992
0.363312
0.117239
0.382697
0.109554
0.111612
0.0756968
0.194814
0.0957804
0.321506
0.130925
0.395773
0.239948
0.368095
0.215499
0.204994
0.302171
0.159118
0.217021
0.230863
0.107767
0.288335
0.379248
0.34381
0.144071
0.197897
0.18443
0.202597
0.125789
0.119368
0.29188
0.0866217
0.271556
0.49693
0.122282
0.110887
0.40358
0.20862
0.257719
0.510037
0.262152
0.325732
0.178778
0.194731
0.146306
0.215604
0.286854
0.137396
0.225513
0.150638
