0.199065
0.104974
0.232482
0.1944
0.193198
0.171316
0.278939
0.096095
0.384387
0.38752
0.331746
0.0713815
0.291217
0.282197
0.416751
0.286014
0.263905
0.208014
0.278476
0.147126
0.277404
0.321898
0.286502
0.252519
0.189471
0.151556
0.45745
0.333439
0.258097
0.134215
0.332238
0.212563
0.187342
0.226083
0.103981
0.435813
0.0926097
0.207349
0.202913
0.356329
0.101609
0.186605
0.247531
0.160785
0.318464
0.465093
0.27477
0.363674
0.249032
0.245291
0.206395
0.269255
0.389691
0.0735662
0.244671
0.287357
0.189182
0.293413
0.0827639
0.252481
0.105176
0.120172
0.237015
0.177203
0.145146
0.350955
0.16566
0.114398
0.262977
0.269463
0.104688
0.225018
0.0808905
0.268598
0.0728934
0.300483
0.0822657
0.00689777
0.120407
0.198592
0.431245
0.359893
0.0212001
0.124527
0.366482
0.269143
0.502738
0.140139
0.168166
0.317522
0.196081
0.237642
0.275461
0.0921312
0.210507
0.0699398
0.179767
0.159838
0.312913
0.0930508
