0.190879
0.128223
0.209231
0.233734
0.203998
0.222739
0.213091
0.410958
0.0794137
0.253741
0.324529
0.270943
0.235538
0.191939
0.0288118
0.283386
0.254263
0.184891
0.258891
0.239959
0.216937
0.366597
0.159502
0.105412
0.142205
0.120912
0.338023
0.447974
0.0960573
0.331414
0.207823
0.33459
0.239605
0.263417
0.294324
0.0943238
0.127141
0.353496
0.13451
0.165214
0.0276207
0.526742
0.301398
0.320424
0.163802
0.37013
0.323352
0.257078
0.33446
0.208355
0.324472
0.216251
0.11487
0.257516
0.3869
0.27572
0.164888
0.159208
0.193254
0.179213
0.127949
0.272465
0.409825
0.346918
0.195982
0.455769
0.322445
0.354113
0.253128
0.262379
0.0709389
0.283809
0.0752954
0.148778
0.287481
0.230208
0.366562
0.103781
0.164122
0.171217
0.338172
0.24894
0.113919
0.236151
0.283829
0.125254
0.13691
0.226317
0.0992783
0.219315
0.154929
0.157929
0.197582
0.184083
0.252102
0.30596
0.153599
0.303279
0.193578
0.127387
