0.334528
0.32873
0.14062
0.305448
0.28354
0.294309
0.16288
0.209295
0.261964
0.215359
0.276522
0.18423
0.189597
0.138524
0.232545
0.306246
0.0965899
0.105981
0.192299
0.211468
0.275105
0.116295
0.218365
0.22829
0.320946
0.168951
0.193596
0.225546
0.268844
0.239829
0.278037
0.0744181
0.328063
0.226526
0.250414
0.1439
0.185783
0.176786
0.117793
0.150976
0.288201
0.428135
0.431339
0.19013
0.0999208
0.0904249
0.09821
0.468157
0.206298
0.300707
0.194779
0.358391
0.110552
0.242617
0.509474
0.137291
0.0843486
0.195349
0.313444
0.211323
0.34317
0.110885
0.459947
0.156055
0.178571
0.311069
0.275574
0.303498
0.10319
0.175009
0.351408
0.321229
0.275809
0.342762
0.26756
0.216446
0.132768
0.32553
0.216914
0.23759
0.101539
0.343509
0.312554
0.187151
0.448427
0.262429
0.181703
0.246017
0.0952567
0.216434
0.15706
0.269948
0.335114
0.134417
0.138391
0.215009
0.347754
0.128694
0.139887
0.097542
