0.290187
0.435408
0.268894
0.348856
0.121358
0.322178
0.397314
0.145555
0.288274
0.206139
0.0809908
0.22155
0.166411
0.265118
0.188405
0.15492
0.157142
0.222812
0.0953398
0.309173
0.209299
0.151668
0.148552
0.207581
0.156736
0.292924
0.160893
0.312596
0.103472
0.290021
0.278623
0.218404
0.398712
0.223244
0.207349
0.264142
0.326326
0.274734
0.245141
0.225268
0.199958
0.310681
0.344252
0.28603
0.0522555
0.454086
0.16994
0.246348
0.0801549
0.237626
0.289616
0.500018
0.111134
0.273465
0.457883
0.334091
0.153107
0.0910974
0.236066
0.162582
0.136988
0.371856
0.210969
0.209999
0.189661
0.21438
0.253056
0.273839
0.306814
0.273887
0.12867
0.364163
0.184779
0.244085
0.176673
0.295628
0.116415
0.322702
0.390161
0.134633
0.315562
0.186696
0.177056
0.161639
0.288479
0.169263
0.245367
0.186336
0.297438
0.0912009
0.258771
0.039947
0.336527
0.183162
0.0785359
0.124127
0.274908
0.220574
0.124369
0.233671
