0.226639
0.0949828
0.279515
0.14418
0.241731
0.0651129
0.305165
0.25141
0.0783119
0.132975
0.256917
0.51253
0.171885
0.264166
0.207053
0.295724
0.268744
0.148393
0.154554
0.201954
0.274242
0.0690537
0.101319
0.206246
0.250314
0.258124
0.306654
0.247392
0.174512
0.292767
0.24436
0.294735
0.227264
0.272369
0.250693
0.222242
0.0771811
0.275152
0.161607
0.197065
0.170211
0.249342
0.23758
0.366983
0.148001
0.252271
0.519478
0.131558
0.257889
0.219125
0.140882
0.275695
0.260611
0.292168
0.275397
0.189178
0.23375
0.211255
0.28597
0.417422
0.331422
0.25781
0.268363
0.147826
0.269026
0.0738231
0.287121
0.441464
0.321986
0.135802
0.274441
0.0547225
0.346715
0.0981404
0.283544
0.153447
0.246555
0.284979
0.125254
0.139441
0.218397
0.244313
0.184519
0.259675
0.275432
0.455686
0.147944
0.368671
0.1359
0.453214
0.174697
0.295578
0.221066
0.230544
0.148764
0.0970435
0.17321
0.330949
0.130267
0.248257
