0.206979
0.188927
0.319013
0.204526
0.354555
0.437683
0.287659
0.424568
0.232988
0.237067
0.226775
0.370382
0.24534
0.188039
0.307575
0.274502
0.298054
0.267448
0.432823
0.151065
0.265036
0.268492
0.147746
0.441681
0.284845
0.164418
0.214479
0.103038
0.133444
0.323544
0.384087
0.123216
0.145555
0.179828
0.046657
0.32911
0.144172
0.298658
0.168656
0.104231
0.175057
0.337214
0.395979
0.141604
0.36239
0.168615
0.361722
0.242178
0.246784
0.123731
0.129816
0.252064
0.263621
0.223505
0.248588
0.17555
0.340404
0.188506
0.181312
0.206054
0.32064
0.182234
0.27445
0.163328
0.257863
0.28076
0.296614
0.266407
0.165251
0.0932367
0.275302
0.196981
0.199539
0.271521
0.247454
0.204604
0.0562267
0.160961
0.0896093
0.18135
0.178876
0.192032
0.245532
0.324608
0.072461
0.226606
0.269748
0.256336
0.191439
0.241016
0.317497
0.268563
0.126377
0.369782
0.145674
0.131636
0.119936
0.394576
0.266493
0.122238
