0.203046
0.0715354
0.233497
0.176577
0.125697
0.305767
0.200868
0.308352
0.27122
0.145267
0.0595832
0.0541814
0.172012
0.137512
0.20042
0.262906
0.195451
0.0666648
0.350579
0.258969
0.256808
0.131867
0.179631
0.0985438
0.135507
0.378692
0.27668
0.269799
0.253653
0.251634
0.186039
0.352027
0.438575
0.288976
0.135679
0.20633
0.209439
0.104953
0.233076
0.102382
0.162508
0.308589
0.133001
0.378937
0.169295
0.346347
0.181021
0.274011
0.346237
0.150283
0.342431
0.335937
0.207742
0.151951
0.129767
0.0373228
0.299428
0.138499
0.346665
0.463433
0.210804
0.188965
0.226921
0.14988
0.285224
0.263669
0.304941
0.143926
0.276525
0.334745
0.268104
0.114449
0.203724
0.241597
0.256885
0.139145
0.303237
0.188868
0.0880319
0.250107
0.406462
0.421395
0.241342
0.0878986
0.335506
0.326041
0.223545
0.412217
0.367153
0.359127
0.202225
0.333173
0.171716
0.196418
0.198373
0.193431
0.193104
0.243469
0.361323
0.22767
