0.0601663
0.269753
0.140404
0.247397
0.190527
0.0747407
0.204124
0.251648
0.450154
0.162563
0.211544
0.124279
0.279506
0.243835
0.292503
0.0868537
0.23387
0.222534
0.20069
0.368363
0.128917
0.113871
0.203859
0.17661
0.356678
0.209896
0.207297
0.196508
0.290245
0.361028
0.493228
0.232939
0.256953
0.423542
0.0603731
0.02843
0.413101
0.27059
0.232822
0.367521
0.118955
0.358841
0.130519
0.171881
0.277269
0.320327
0.176503
0.24479
0.144822
0.501216
0.287028
0.155349
0.166367
0.157327
0.195149
0.324815
0.226341
0.154044
0.213114
0.185682
0.305418
0.177192
0.163864
0.290831
0.0924614
0.250851
0.165609
0.370821
0.309441
0.289814
0.186358
0.19181
0.0421192
0.210275
0.272664
0.13044
0.390892
0.264988
0.212046
0.154431
0.22722
0.379487
0.202703
0.343894
0.273816
0.284968
0.0912514
0.212584
0.267614
0.0652628
0.140953
0.0355604
0.0974581
0.166054
0.273443
0.124415
0.49727
0.400891
0.189584
0.140692
