0.221134
0.284215
0.297332
0.212164
0.219039
0.417061
0.28024
0.27846
0.21533
0.276936
0.361469
0.176491
0.219842
0.267874
0.218373
0.171253
0.0823534
0.0889095
0.108847
0.0863857
0.245436
0.271286
0.222686
0.155747
0.247918
0.252631
0.313387
0.217215
0.104554
0.191447
0.346096
0.289986
0.176993
0.202927
0.0579199
0.276864
0.267894
0.291689
0.0630106
0.241476
0.174386
0.13892
0.300337
0.24242
0.345176
0.295837
0.120855
0.17484
0.244644
0.0920806
0.237905
0.198797
0.26358
0.274759
0.309339
0.19782
0.168642
0.163751
0.286966
0.378183
0.146505
0.248311
0.415266
0.180713
0.483622
0.0644767
0.29612
0.276215
0.306713
0.137033
0.395728
0.217599
0.190681
0.35243
0.21569
0.209102
0.263737
0.363688
0.294891
0.142516
0.220115
0.186405
0.341952
0.182319
0.204486
0.238173
0.227217
0.273818
0.345275
0.16786
0.349131
0.269153
0.277035
0.180462
0.204567
0.293739
0.0766744
0.256373
0.214082
0.306601
