0.270343
0.285761
0.246273
0.187854
0.289358
0.0849244
0.117847
0.138426
0.0660662
0.288115
0.175569
0.332067
0.135077
0.287818
0.141745
0.109327
0.167252
0.204855
0.174168
0.309156
0.272585
0.0798172
0.257994
0.197488
0.22877
0.216729
0.536761
0.312889
0.213484
0.266576
0.251843
0.203557
0.0966155
0.242242
0.317811
0.406238
0.300844
0.114282
0.222799
0.145554
0.0847257
0.130508
0.327132
0.169812
0.281274
0.203135
0.293039
0.441019
0.34703
0.122519
0.10038
0.218209
0.316814
0.162681
0.0923583
0.205449
0.100295
0.31318
0.173829
0.245939
0.225798
0.34567
0.116141
0.213151
0.193527
0.321401
0.323442
0.196604
0.257133
0.300532
0.211332
0.158606
0.27072
0.345537
0.243812
0.287707
0.365399
0.163385
0.427848
0.294656
0.200491
0.27442
0.119003
0.124674
0.292731
0.203278
0.079528
0.11427
0.287128
0.195329
0.214821
0.130344
0.189569
0.216391
0.0829384
0.39812
0.214521
0.199402
0.326417
0.604612
