0.34749
0.277244
0.137957
0.355138
0.128206
0.26439
0.20251
0.182455
0.246963
0.306258
0.126402
0.200682
0.186565
0.255175
0.282265
0.179189
0.203117
0.236399
0.123209
0.117098
0.287388
0.274601
0.220193
0.232451
0.311362
0.17965
0.214581
0.243375
0.245532
0.223801
0.272769
0.33784
0.277718
0.276554
0.195663
0.169984
0.132496
0.196048
0.233414
0.143809
0.364518
0.352075
0.472052
0.194553
0.373496
0.403915
0.276378
0.187053
0.218902
0.21277
0.113888
0.369751
0.257986
0.263205
0.0761636
0.254714
0.265661
0.225166
0.354849
0.306442
0.0985818
0.229834
0.145683
0.163075
0.102659
0.183577
0.197692
0.306689
0.268409
0.0855171
0.225358
0.436327
0.240206
0.359373
0.170452
0.329196
0.146135
0.303512
0.12684
0.201818
0.037577
0.367618
0.0808041
0.432259
0.202407
0.187032
0.132152
0.218505
0.161048
0.185022
0.431287
0.112841
0.403749
0.21079
0.143082
0.345686
0.105714
0.250766
0.19304
0.195858
