0.18233
0.115454
0.228374
0.142108
0.339252
0.271996
0.220322
0.328302
0.383655
0.277897
0.328631
0.176547
0.223188
0.112817
0.49186
0.222308
0.0443041
0.151612
0.125912
0.156461
0.292227
0.452667
0.252543
0.132153
0.310544
0.290733
0.114836
0.242361
0.14378
0.24957
0.261731
0.252336
0.330412
0.155137
0.247883
0.238588
0.236644
0.133545
0.191993
0.199119
0.262111
0.197747
0.175858
0.174083
0.172088
0.345842
0.190329
0.454236
0.229385
0.153461
0.137115
0.265547
0.326723
0.308819
0.271263
0.309333
0.222537
0.158531
0.13593
0.307938
0.14701
0.284235
0.166617
0.206875
0.177681
0.268126
0.264181
0.253292
0.302171
0.351916
0.26924
0.182938
0.318976
0.271132
0.105679
0.157273
0.250581
0.412956
0.133848
0.367508
0.243744
0.317355
0.168673
0.317826
0.282072
0.160009
0.275039
0.213724
0.243083
0.183767
0.178406
0.255943
0.267498
0.270396
0.118471
0.307197
0.210746
0.25261
0.191704
0.206126
