0.208233
0.115454
0.183102
0.201176
0.287365
0.332698
0.220322
0.458574
0.383655
0.345869
0.287386
0.297206
0.309832
0.112817
0.482686
0.29431
0.152204
0.373763
0.151584
0.236744
0.23106
0.136996
0.283094
0.132153
0.321369
0.188617
0.192719
0.376672
0.233527
0.268219
0.390889
0.252336
0.247503
0.258223
0.122658
0.336424
0.126917
0.133545
0.176597
0.199119
0.261579
0.178604
0.224882
0.305365
0.25412
0.136961
0.241618
0.347196
0.340631
0.122163
0.261967
0.104034
0.136679
0.248068
0.193226
0.163702
0.222537
0.192207
0.286497
0.309039
0.235611
0.115903
0.156652
0.167633
0.275432
0.264642
0.119
0.123761
0.129308
0.154364
0.26924
0.192761
0.159682
0.36816
0.330213
0.146004
0.245205
0.37932
0.133848
0.313617
0.186934
0.299244
0.298437
0.19391
0.256771
0.160009
0.0674424
0.133453
0.243083
0.299949
0.259046
0.037626
0.230371
0.270396
0.298746
0.332128
0.249889
0.25261
0.210136
0.323883
