0.17375
0.262507
0.175256
0.154723
0.258095
0.384832
0.0814804
0.246106
0.399505
0.152236
0.15757
0.118322
0.271897
0.351071
0.346114
0.338788
0.339763
0.25646
0.352781
0.288619
0.108459
0.241176
0.315846
0.446748
0.141582
0.145071
0.216791
0.398926
0.293614
0.317336
0.274045
0.323205
0.376133
0.235024
0.165636
0.196212
0.178379
0.159912
0.226853
0.0545774
0.251117
0.091424
0.211811
0.285692
0.114426
0.0566402
0.2867
0.219761
0.154333
0.364649
0.439786
0.261005
0.252095
0.153497
0.0908128
0.295302
0.236982
0.106027
0.281613
0.129247
0.189175
0.20632
0.210485
0.320436
0.321454
0.159079
0.08165
0.205663
0.292317
0.148618
0.121142
0.261889
0.119986
0.387959
0.278175
0.155924
0.175228
0.472307
0.221673
0.196455
0.172117
0.274887
0.0623353
0.257277
0.418629
0.17356
0.231664
0.15008
0.15217
0.254376
0.13636
0.417501
0.0802699
0.149186
0.334507
0.243858
0.12903
0.0800086
0.376488
0.0353862
