0.225561
0.180639
0.393081
0.551849
0.373099
0.149719
0.175232
0.255897
0.319276
0.218109
0.304977
0.60048
0.209562
0.215584
0.220832
0.230185
0.388972
0.162982
0.184541
0.17181
0.23315
0.301341
0.188036
0.124851
0.136201
0.106504
0.232657
0.213467
0.251608
0.225819
0.372759
0.342709
0.179701
0.323198
0.131653
0.112109
0.118807
0.221877
0.210303
0.240706
0.217604
0.204687
0.152803
0.263223
0.309622
0.377062
0.251806
0.220457
0.137236
0.126475
0.241949
0.213866
0.164729
0.234709
0.16012
0.208142
0.197467
0.480755
0.177714
0.257903
0.0757698
0.246908
0.223763
0.146917
0.288006
0.25442
0.207337
0.182404
0.155777
0.150446
0.148247
0.143657
0.105312
0.176626
0.1941
0.0712022
0.264203
0.152303
0.169293
0.203634
0.321379
0.190599
0.162585
0.400491
0.179174
0.245809
0.379965
0.067475
0.25985
0.265678
0.449853
0.111034
0.229571
0.246995
0.192868
0.13295
0.334934
0.353796
0.212058
0.349838
