0.187133
0.389963
0.280923
0.472592
0.218341
0.369807
0.14741
0.325296
0.0921816
0.428239
0.367787
0.431927
0.301758
0.14873
0.247872
0.34932
0.242559
0.219981
0.133705
0.0778154
0.0810088
0.237049
0.253648
0.151425
0.256544
0.228459
0.214362
0.360628
0.169041
0.322408
0.301424
0.160642
0.212413
0.205511
0.195269
0.405382
0.340827
0.339522
0.373503
0.0867238
0.274725
0.177415
0.261763
0.31148
0.161155
0.196183
0.215022
0.249563
0.1668
0.153795
0.19779
0.238004
0.156973
0.0519139
0.165
0.3186
0.182476
0.195836
0.178559
0.145094
0.179849
0.179332
0.346674
0.296643
0.210734
0.114534
0.398967
0.250019
0.329109
0.275752
0.241043
0.105104
0.183656
0.0944414
0.152956
0.244719
0.13967
0.112906
0.375686
0.216399
0.258533
0.25909
0.20557
0.192821
0.136364
0.329105
0.0953716
0.0911474
0.217934
0.240545
0.225668
0.26761
0.289292
0.276479
0.327739
0.260613
0.363973
0.11528
0.125723
0.195186
