0.121193
0.429024
0.234674
0.187402
0.229045
0.175716
0.250211
0.224182
0.160763
0.329214
0.192563
0.338335
0.113233
0.172806
0.238417
0.17543
0.332448
0.164148
0.162624
0.244366
0.25307
0.318309
0.296342
0.227887
0.163492
0.0917865
0.363595
0.156176
0.541767
0.199099
0.285751
0.225113
0.205507
0.293592
0.292173
0.334951
0.310862
0.402887
0.189915
0.29684
0.267317
0.155245
0.208823
0.131802
0.0845203
0.336064
0.26155
0.311635
0.324946
0.105634
0.176394
0.227256
0.127863
0.173768
0.364107
0.312203
0.284876
0.284331
0.169703
0.195627
0.130044
0.307665
0.0640355
0.31377
0.280429
0.119651
0.271309
0.191346
0.22721
0.175742
0.106158
0.290999
0.371641
0.0629788
0.340611
0.188168
0.387989
0.223781
0.228162
0.114735
0.26281
0.0583951
0.271375
0.195792
0.321304
0.181373
0.218913
0.228894
0.162758
0.29102
0.24333
0.095585
0.358841
0.30539
0.283661
0.175277
0.0731848
0.155819
0.371091
0.224237
