0.244439
0.293585
0.111081
0.200395
0.359245
0.379058
0.289739
0.152267
0.0783119
0.210245
0.329638
0.239644
0.164483
0.252126
0.213103
0.188401
0.293309
0.240016
0.154554
0.183383
0.274242
0.340084
0.176508
0.206246
0.250314
0.217037
0.146079
0.215943
0.151101
0.307144
0.233905
0.294735
0.269935
0.175311
0.200857
0.132152
0.431011
0.121965
0.301466
0.264459
0.294588
0.147197
0.212095
0.478847
0.148037
0.263502
0.246852
0.213913
0.215404
0.111762
0.164726
0.279985
0.117364
0.305967
0.217246
0.165026
0.365209
0.168875
0.28597
0.272968
0.151569
0.279873
0.449571
0.203296
0.269026
0.198779
0.202047
0.326548
0.321986
0.313357
0.0698745
0.0547225
0.198752
0.25467
0.258051
0.137152
0.246555
0.157101
0.234046
0.233314
0.218397
0.205555
0.296645
0.121214
0.275432
0.461295
0.15725
0.377499
0.244277
0.364468
0.168955
0.296436
0.068058
0.14656
0.132165
0.229954
0.290398
0.358487
0.217483
0.318014
