0.368554
0.303325
0.264573
0.247533
0.245096
0.148678
0.336747
0.299366
0.164105
0.266719
0.0696847
0.199211
0.327433
0.237461
0.360998
0.209667
0.25864
0.3817
0.201984
0.292867
0.239656
0.32097
0.227277
0.245179
0.127144
0.165343
0.182054
0.273715
0.0609048
0.389612
0.246525
0.249117
0.0500627
0.0592746
0.177465
0.0396594
0.458368
0.17104
0.132508
0.478259
0.10766
0.258135
0.235638
0.195194
0.209615
0.35118
0.40634
0.226342
0.261854
0.173067
0.196772
0.167166
0.246802
0.386512
0.262091
0.277255
0.0883786
0.223916
0.15698
0.271365
0.260468
0.256548
0.206901
0.277065
0.398584
0.0881495
0.257435
0.248121
0.107161
0.121596
0.131922
0.0566332
0.16827
0.182478
0.280717
0.0902224
0.100791
0.203478
0.424573
0.133164
0.433035
0.229913
0.15066
0.267504
0.173456
0.332733
0.155407
0.263415
0.310444
0.170478
0.16163
0.233588
0.205622
0.441016
0.26695
0.171435
0.159618
0.0721352
0.242705
0.362804
