0.304882
0.378435
0.128821
0.134924
0.230226
0.261196
0.288622
0.370432
0.209667
0.172432
0.275117
0.254697
0.343663
0.33148
0.243547
0.225179
0.344977
0.190091
0.172451
0.0319577
0.1054
0.102807
0.152053
0.0969266
0.329777
0.258425
0.156135
0.102562
0.324281
0.185733
0.127312
0.350922
0.281663
0.373768
0.299112
0.115944
0.256313
0.120922
0.480284
0.252779
0.265782
0.223063
0.150629
0.334815
0.025932
0.266368
0.1342
0.192544
0.239391
0.270578
0.224005
0.0986439
0.221667
0.20842
0.328412
0.16146
0.33238
0.360311
0.168188
0.296941
0.311791
0.26282
0.0930301
0.128171
0.217012
0.135197
0.288196
0.147349
0.289275
0.193358
0.23876
0.349139
0.280937
0.230408
0.40062
0.117766
0.470731
0.28731
0.256117
0.351486
0.0742172
0.191069
0.367573
0.172553
0.0533376
0.224938
0.229862
0.0661864
0.138168
0.139216
0.149584
0.31953
0.169578
0.259328
0.117187
0.33798
0.26729
0.348351
0.309683
0.220815
