0.301269
0.135238
0.201455
0.249194
0.262429
0.288827
0.307554
0.211091
0.280009
0.223091
0.251326
0.239117
0.299456
0.43203
0.131133
0.209604
0.180845
0.172271
0.140869
0.213638
0.104666
0.269582
0.591117
0.211244
0.179101
0.0930838
0.114141
0.412982
0.200757
0.565073
0.243229
0.277153
0.234994
0.343328
0.189737
0.193802
0.167249
0.299719
0.295204
0.40122
0.111704
0.305584
0.208145
0.127774
0.355501
0.185377
0.179055
0.364782
0.177031
0.236495
0.234441
0.421055
0.151084
0.22026
0.237165
0.306218
0.215107
0.27689
0.143698
0.261387
0.272986
0.430903
0.258115
0.247961
0.224695
0.162206
0.160837
0.160826
0.0556953
0.44798
0.171746
0.119065
0.202619
0.17384
0.174621
0.131926
0.306925
0.187768
0.200294
0.176167
0.258004
0.0717572
0.269604
0.163584
0.279052
0.106714
0.151553
0.221331
0.259046
0.198793
0.170568
0.299831
0.146969
0.207787
0.297118
0.245862
0.140241
0.151516
0.240412
0.150512
