0.284294
0.215255
0.183712
0.187304
0.117151
0.257812
0.337693
0.170554
0.165494
0.332053
0.29806
0.310221
0.279621
0.496728
0.0650321
0.108269
0.205255
0.0976077
0.217901
0.156409
0.39367
0.17521
0.164324
0.197769
0.241391
0.152463
0.215444
0.424535
0.0531584
0.240621
0.136184
0.0787928
0.465522
0.201807
0.424436
0.191387
0.250258
0.0560609
0.0776713
0.321016
0.0835288
0.24062
0.28551
0.293582
0.203884
0.264207
0.186772
0.199151
0.407075
0.42755
0.0618509
0.345751
0.295669
0.106764
0.0624476
0.250172
0.143534
0.334336
0.254972
0.34126
0.267072
0.268035
0.192088
0.0487767
0.270499
0.06608
0.15449
0.280696
0.222739
0.324584
0.276866
0.186186
0.218761
0.256964
0.385805
0.244593
0.136292
0.289488
0.104603
0.138665
0.279779
0.127583
0.150009
0.0417833
0.16189
0.29214
0.306942
0.0864171
0.244069
0.283484
0.17023
0.11337
0.274026
0.37581
0.339516
0.179
0.159402
0.557122
0.0852525
0.273719
