0.270739
0.32782
0.393951
0.159804
0.336094
0.425614
0.381435
0.28783
0.178916
0.273654
0.220384
0.220798
0.306522
0.241651
0.221534
0.0360822
0.233428
0.124099
0.313153
0.161999
0.227752
0.0899582
0.290378
0.231667
0.162926
0.268823
0.163162
0.433206
0.195259
0.276709
0.255507
0.236174
0.29883
0.0828027
0.279782
0.201466
0.271818
0.244612
0.214089
0.224442
0.252305
0.210397
0.146156
0.312689
0.36554
0.281278
0.159934
0.0983856
0.116766
0.329966
0.23339
0.248219
0.287647
0.152903
0.263081
0.260947
0.239441
0.249208
0.460034
0.0723053
0.373531
0.327162
0.252489
0.119207
0.205848
0.279276
0.206625
0.433415
0.303183
0.113111
0.091747
0.15685
0.230346
0.133335
0.27711
0.127261
0.246714
0.25173
0.330297
0.281321
0.152211
0.320588
0.1555
0.0947483
0.243618
0.144232
0.303667
0.235691
0.102207
0.187778
0.0540529
0.273034
0.230769
0.127772
0.25379
0.0886802
0.264211
0.361556
0.175821
0.32684
