0.166505
0.375589
0.16751
0.287685
0.154311
0.0525531
0.144156
0.0753045
0.259596
0.127277
0.13856
0.108757
0.172143
0.202077
0.123367
0.133541
0.347584
0.204154
0.420679
0.22618
0.166844
0.0865161
0.0707312
0.231817
0.120227
0.323074
0.135369
0.184535
0.0770778
0.332101
0.341001
0.125197
0.240019
0.330426
0.248629
0.167344
0.281081
0.283213
0.240799
0.27737
0.269355
0.152329
0.126779
0.137935
0.692934
0.461986
0.198963
0.265871
0.321726
0.428227
0.288432
0.338569
0.0879096
0.452618
0.054077
0.339069
0.311326
0.377919
0.234834
0.267965
0.184652
0.233269
0.153187
0.232509
0.204556
0.321859
0.251714
0.131294
0.10897
0.32707
0.312207
0.102872
0.417305
0.0667052
0.217638
0.435469
0.199987
0.218078
0.190809
0.199436
0.0919108
0.289442
0.15013
0.388829
0.32729
0.186164
0.274379
0.174671
0.151992
0.241412
0.115901
0.117382
0.151438
0.22467
0.198633
0.256754
0.177363
0.222123
0.177292
0.127886
