0.0813308
0.170178
0.150817
0.215642
0.356675
0.214772
0.310088
0.250321
0.207501
0.202951
0.315781
0.147751
0.20587
0.288917
0.348533
0.325407
0.24681
0.298077
0.201443
0.172601
0.222074
0.120892
0.407694
0.168589
0.360763
0.194041
0.176965
0.0900438
0.270674
0.0908787
0.239269
0.0943249
0.0515456
0.298535
0.226902
0.281209
0.133143
0.300861
0.381011
0.371757
0.15924
0.14623
0.185963
0.260782
0.195877
0.335007
0.194675
0.231364
0.122732
0.228339
0.159378
0.296047
0.312851
0.252992
0.356988
0.226499
0.162145
0.244546
0.100423
0.230933
0.177964
0.115341
0.256671
0.304853
0.180139
0.143678
0.175227
0.263901
0.0356897
0.220438
0.379351
0.200375
0.300131
0.259186
0.292535
0.119565
0.123891
0.36525
0.0943905
0.124377
0.29778
0.20928
0.132216
0.191613
0.12542
0.172968
0.304905
0.420595
0.510483
0.343409
0.14551
0.351897
0.394217
0.267345
0.284081
0.286973
0.319341
0.134879
0.387179
0.193815
