0.307798
0.266062
0.195364
0.159559
0.10524
0.12565
0.069619
0.28202
0.308807
0.309514
0.303277
0.462508
0.227769
0.169269
0.262082
0.292755
0.278318
0.170602
0.341856
0.226623
0.113291
0.115434
0.156292
0.341359
0.262529
0.135896
0.228333
0.458157
0.137702
0.294034
0.0855913
0.121638
0.196505
0.276468
0.122968
0.228355
0.204832
0.249511
0.254738
0.333931
0.112188
0.203814
0.32122
0.226063
0.234238
0.402943
0.222446
0.311027
0.0885295
0.178198
0.214586
0.254462
0.184147
0.242617
0.398315
0.277678
0.334247
0.332065
0.308228
0.142336
0.0605209
0.369449
0.217042
0.128848
0.293375
0.19677
0.135752
0.307027
0.380837
0.390348
0.176865
0.216817
0.157727
0.150144
0.285989
0.0717687
0.145138
0.164247
0.275822
0.186002
0.222929
0.164062
0.143015
0.112977
0.262645
0.255489
0.266775
0.226477
0.288787
0.229703
0.252978
0.341469
0.519389
0.134417
0.189117
0.366384
0.303085
0.128408
0.0820392
0.203559
