0.221914
0.229617
0.406511
0.289289
0.355595
0.18978
0.236822
0.222381
0.255632
0.165158
0.163646
0.186651
0.322639
0.188591
0.19697
0.180808
0.12577
0.162035
0.48183
0.167392
0.182922
0.142905
0.279389
0.281572
0.267609
0.208019
0.216597
0.248776
0.302328
0.248538
0.300505
0.284981
0.0741222
0.282477
0.2137
0.16602
0.382798
0.316285
0.185768
0.218208
0.242339
0.269578
0.248189
0.252636
0.314795
0.357804
0.127703
0.201822
0.319824
0.240175
0.331775
0.0532462
0.218528
0.365429
0.297936
0.298495
0.174495
0.175209
0.285566
0.109208
0.27806
0.147947
0.313594
0.22316
0.185425
0.219129
0.205554
0.30506
0.251918
0.206154
0.234284
0.127595
0.19351
0.294265
0.164053
0.0466111
0.10728
0.188933
0.18947
0.214669
0.20803
0.10698
0.437767
0.176793
0.262357
0.243291
0.239076
0.448902
0.183577
0.121424
0.147569
0.285971
0.278804
0.0303211
0.517872
0.101863
0.240609
0.264657
0.218964
0.339217
