0.484339
0.167779
0.377453
0.192167
0.240721
0.203442
0.338413
0.141556
0.355928
0.123889
0.239953
0.102971
0.227418
0.403426
0.11203
0.388553
0.277545
0.369018
0.336739
0.217778
0.256756
0.23969
0.080497
0.0360771
0.386362
0.0667286
0.134121
0.414301
0.219411
0.0922618
0.118118
0.0627408
0.246281
0.0948526
0.21888
0.21512
0.0733005
0.245711
0.0880146
0.117595
0.194634
0.23054
0.198285
0.153696
0.219247
0.235316
0.199578
0.153609
0.259981
0.0567391
0.185406
0.383121
0.109601
0.278846
0.282751
0.271371
0.292904
0.332653
0.246042
0.300656
0.258309
0.204456
0.463799
0.180358
0.1254
0.184089
0.28201
0.295267
0.252648
0.189556
0.199838
0.321696
0.0800573
0.17823
0.353866
0.36077
0.460974
0.12025
0.140707
0.118288
0.163864
0.146969
0.120248
0.295359
0.256515
0.143824
0.199857
0.30832
0.23864
0.211
0.306169
0.195594
0.199009
0.187259
0.48882
0.24329
0.461279
0.120903
0.0662071
0.26136
