0.356378
0.26015
0.191375
0.303719
0.156312
0.26868
0.243373
0.301249
0.298175
0.349914
0.0886741
0.169633
0.204778
0.246777
0.0524964
0.196709
0.139137
0.174763
0.186149
0.251012
0.0783088
0.157526
0.292568
0.124304
0.46415
0.309806
0.249709
0.115665
0.0928587
0.268482
0.23983
0.25377
0.162464
0.174393
0.204452
0.0594627
0.242479
0.0536171
0.323851
0.194856
0.0360743
0.336848
0.260913
0.138893
0.213898
0.278631
0.450545
0.189251
0.200856
0.168466
0.204199
0.0805216
0.222158
0.298002
0.249049
0.274531
0.252004
0.178745
0.174826
0.262567
0.127819
0.495067
0.259835
0.222104
0.215608
0.146781
0.402073
0.254913
0.220391
0.30322
0.381705
0.184357
0.274525
0.390413
0.23638
0.0635993
0.236735
0.242836
0.144048
0.077074
0.320033
0.298084
0.30075
0.176078
0.264038
0.465197
0.232651
0.349981
0.319164
0.26303
0.379213
0.140176
0.164171
0.149791
0.173545
0.277248
0.228641
0.187351
0.20897
0.374024
