0.224101
0.235308
0.321664
0.209485
0.216666
0.202364
0.253132
0.195269
0.207879
0.246928
0.0872042
0.36268
0.0726013
0.259775
0.254941
0.24709
0.116105
0.332513
0.220078
0.218713
0.262123
0.199058
0.172528
0.31109
0.252066
0.484914
0.311338
0.364056
0.250751
0.311724
0.242803
0.266369
0.377723
0.376539
0.14585
0.166537
0.254523
0.126235
0.361594
0.227747
0.238434
0.118759
0.105435
0.286674
0.0781011
0.226107
0.149345
0.124704
0.141591
0.236793
0.12301
0.364603
0.241174
0.26503
0.274515
0.125372
0.287964
0.401934
0.145453
0.160945
0.315867
0.167156
0.136712
0.222816
0.189489
0.139763
0.0978393
0.170566
0.399415
0.335132
0.323519
0.202415
0.203034
0.31485
0.222824
0.401447
0.269542
0.228038
0.422254
0.153597
0.234754
0.151182
0.223196
0.20542
0.250186
0.251194
0.166747
0.143479
0.196233
0.266117
0.324099
0.166471
0.420158
0.277961
0.122641
0.305415
0.213906
0.0287628
0.339564
0.0686614
