0.0344784
0.0924036
0.276028
0.41818
0.331869
0.207814
0.181672
0.269114
0.173396
0.136086
0.124232
0.277154
0.0929195
0.204365
0.271151
0.0835785
0.172064
0.319328
0.195384
0.398875
0.455939
0.167209
0.298566
0.279613
0.114544
0.0774177
0.380721
0.134546
0.348495
0.27162
0.236654
0.205617
0.2182
0.128454
0.401356
0.365485
0.163439
0.124897
0.206013
0.231962
0.278765
0.185727
0.102969
0.295033
0.186876
0.130741
0.144314
0.203277
0.120637
0.185118
0.1992
0.154741
0.0702614
0.213263
0.278616
0.379511
0.35939
0.369047
0.317866
0.415435
0.264273
0.0654784
0.339408
0.323911
0.311024
0.142752
0.161314
0.253469
0.245282
0.219185
0.19551
0.224977
0.354629
0.125732
0.135529
0.243668
0.251305
0.47469
0.214022
0.151152
0.124474
0.293046
0.371549
0.261049
0.107595
0.244242
0.17479
0.260383
0.279539
0.32004
0.304383
0.206675
0.156
0.178089
0.291722
0.277575
0.269917
0.158641
0.282364
0.204984
