0.36533
0.128196
0.124611
0.296818
0.220851
0.146086
0.206244
0.321925
0.30751
0.1869
0.327896
0.221003
0.253461
0.215354
0.225584
0.278714
0.322613
0.200721
0.201857
0.11146
0.240937
0.188512
0.0791666
0.111489
0.221167
0.127866
0.175827
0.218417
0.18161
0.443515
0.27289
0.157032
0.122176
0.0744322
0.339532
0.325751
0.33106
0.299395
0.0718299
0.194488
0.369905
0.468742
0.295646
0.0844112
0.1602
0.124386
0.398879
0.373263
0.244837
0.309668
0.256119
0.332793
0.147504
0.168959
0.104728
0.396069
0.353323
0.396184
0.227863
0.149106
0.21216
0.239132
0.144332
0.46448
0.187985
0.277343
0.127521
0.254198
0.22999
0.235021
0.361254
0.142976
0.22869
0.193444
0.200023
0.25014
0.16415
0.0644487
0.217713
0.111633
0.136677
0.0797587
0.218323
0.172209
0.14438
0.383843
0.256409
0.188535
0.355682
0.0636394
0.453063
0.294145
0.0909646
0.356941
0.2034
0.11635
0.400356
0.164526
0.197187
0.0796928
