0.196531
0.178364
0.331097
0.423409
0.109432
0.146086
0.140237
0.160391
0.288643
0.1869
0.327896
0.138949
0.352538
0.215354
0.225584
0.257407
0.218884
0.378215
0.241036
0.427127
0.26535
0.188512
0.113302
0.216107
0.292589
0.185804
0.321072
0.329846
0.247015
0.276987
0.146293
0.193759
0.256953
0.236105
0.28689
0.190594
0.318541
0.108403
0.310538
0.258742
0.269931
0.168508
0.141549
0.207335
0.139122
0.0983491
0.241331
0.340147
0.120401
0.428969
0.147353
0.216446
0.147504
0.194934
0.3175
0.282003
0.206468
0.24722
0.18032
0.122075
0.371889
0.147351
0.108245
0.326896
0.167912
0.296873
0.127521
0.309305
0.152556
0.330321
0.17202
0.181317
0.159512
0.215262
0.293021
0.335542
0.414572
0.0644487
0.274656
0.111633
0.131816
0.117356
0.228745
0.106666
0.126419
0.41214
0.256409
0.0921523
0.0916366
0.0636394
0.114486
0.452365
0.407304
0.283586
0.380134
0.336856
0.400356
0.23868
0.248908
0.0796928
