0.276865
0.25658
0.224847
0.125722
0.0827532
0.202154
0.40466
0.284712
0.143313
0.0199582
0.0652942
0.281947
0.212295
0.102433
0.104375
0.151632
0.0757148
0.0835885
0.290319
0.168701
0.302543
0.229635
0.227845
0.372546
0.187726
0.285915
0.227821
0.380409
0.202587
0.196558
0.183972
0.374668
0.373405
0.233567
0.153983
0.16508
0.193902
0.10306
0.131034
0.214545
0.145349
0.307738
0.133027
0.202623
0.238309
0.19555
0.205516
0.403326
0.321688
0.251206
0.156214
0.133612
0.183985
0.197746
0.221773
0.421025
0.325107
0.331782
0.0938033
0.225381
0.203352
0.423253
0.20999
0.123977
0.0365911
0.449165
0.118087
0.199614
0.224651
0.29488
0.341829
0.196256
0.247964
0.355218
0.535813
0.191532
0.0939348
0.299721
0.478403
0.196367
0.161684
0.245975
0.265636
0.16378
0.316535
0.410855
0.192706
0.228724
0.131671
0.223318
0.18462
0.217889
0.154506
0.279491
0.290672
0.191142
0.263551
0.219095
0.396942
0.124939
