0.104963
0.202619
0.1617
0.167712
0.22067
0.270752
0.155475
0.158063
0.0846986
0.221393
0.26955
0.330522
0.296103
0.427792
0.098189
0.234269
0.132117
0.153052
0.214778
0.215568
0.230284
0.268052
0.131742
0.209878
0.148516
0.0399666
0.339967
0.373997
0.227027
0.0538134
0.20494
0.211471
0.288816
0.26823
0.461948
0.224013
0.302112
0.179008
0.36132
0.130046
0.18853
0.163308
0.155023
0.234753
0.200158
0.170411
0.0432493
0.413996
0.234053
0.267128
0.445515
0.143383
0.160508
0.137693
0.344998
0.279678
0.161594
0.242054
0.110549
0.244978
0.279653
0.157878
0.38441
0.473665
0.177798
0.303343
0.154312
0.209323
0.277345
0.292683
0.159806
0.127601
0.226931
0.132588
0.128838
0.2334
0.110818
0.362584
0.185594
0.268734
0.25678
0.441151
0.322671
0.351435
0.163873
0.248866
0.48259
0.175712
0.180193
0.277561
0.313636
0.184003
0.308841
0.353374
0.167301
0.154288
0.284629
0.2059
0.188353
0.258379
