0.23466
0.332805
0.0820859
0.205372
0.25893
0.309439
0.167134
0.316107
0.311784
0.215263
0.185109
0.248573
0.146344
0.205044
0.332668
0.151618
0.163002
0.277115
0.132075
0.253589
0.353899
0.341638
0.237577
0.211013
0.398499
0.111027
0.203182
0.167151
0.201151
0.334406
0.0912433
0.15699
0.277664
0.139582
0.225358
0.179065
0.284099
0.347629
0.197209
0.135269
0.27796
0.189578
0.155748
0.0566843
0.202126
0.188467
0.195614
0.296955
0.236944
0.151731
0.112525
0.215843
0.368079
0.17429
0.26483
0.384157
0.187158
0.370751
0.105136
0.247625
0.207094
0.207651
0.144474
0.46028
0.213127
0.237405
0.367147
0.195252
0.274591
0.191198
0.166616
0.165583
0.180494
0.249403
0.263735
0.207388
0.246767
0.353136
0.247495
0.153331
0.24563
0.088677
0.331249
0.300901
0.331381
0.528106
0.251452
0.252471
0.272633
0.263071
0.318144
0.267487
0.245238
0.320949
0.198053
0.199461
0.182329
0.172232
0.303161
0.264606
