0.391536
0.188472
0.363891
0.285627
0.182017
0.279517
0.245947
0.0866437
0.256681
0.198499
0.0872042
0.12966
0.205726
0.216509
0.2133
0.364594
0.305752
0.22684
0.220078
0.234755
0.270191
0.425453
0.267335
0.295112
0.289371
0.251065
0.270483
0.168652
0.193591
0.29707
0.202247
0.244271
0.442434
0.197497
0.256138
0.449433
0.25482
0.390319
0.341191
0.143957
0.217223
0.311933
0.196162
0.14554
0.129514
0.151647
0.0999926
0.244475
0.176414
0.344561
0.12301
0.149627
0.0361295
0.229443
0.189188
0.305785
0.158739
0.3513
0.199278
0.413561
0.418896
0.0861279
0.136712
0.184943
0.0929019
0.201544
0.0978393
0.277171
0.203243
0.223926
0.206109
0.170894
0.116631
0.164616
0.324353
0.179797
0.347629
0.228038
0.0999481
0.271518
0.100652
0.248743
0.332687
0.384304
0.2915
0.197004
0.11079
0.288955
0.141178
0.161394
0.276596
0.166471
0.280921
0.188209
0.287654
0.224548
0.406956
0.309
0.224775
0.0763832
