0.153942
0.194253
0.163832
0.364885
0.0732298
0.161625
0.265865
0.235101
0.268728
0.167718
0.143858
0.238068
0.343495
0.274082
0.170434
0.315349
0.236938
0.242217
0.136129
0.129797
0.251575
0.147575
0.228115
0.176569
0.262272
0.373869
0.498177
0.277672
0.315167
0.255858
0.300033
0.247929
0.350837
0.524799
0.135002
0.259734
0.111007
0.228827
0.109168
0.24364
0.212916
0.429938
0.272854
0.119562
0.193433
0.183018
0.19059
0.134053
0.213331
0.16481
0.205986
0.226161
0.259512
0.228841
0.318439
0.27464
0.433588
0.191689
0.0612222
0.127295
0.10134
0.180695
0.224545
0.17387
0.401144
0.373273
0.244441
0.210735
0.225816
0.341365
0.228038
0.217069
0.203261
0.294822
0.238719
0.11935
0.206853
0.283199
0.312029
0.32392
0.31691
0.440909
0.072757
0.132431
0.183106
0.271092
0.0865938
0.149995
0.354678
0.297824
0.238918
0.18626
0.125312
0.103453
0.142796
0.32019
0.317321
0.212473
0.192983
0.136905
