0.399733
0.173718
0.286066
0.322497
0.192498
0.32058
0.235949
0.242782
0.184995
0.144144
0.0940925
0.4213
0.160217
0.180501
0.160897
0.277249
0.150753
0.228927
0.208021
0.144175
0.146169
0.385919
0.340158
0.377144
0.0998101
0.118795
0.0968715
0.141056
0.133444
0.225701
0.274704
0.199315
0.18146
0.285343
0.285005
0.216504
0.290786
0.142549
0.254583
0.149215
0.220958
0.270148
0.337379
0.271432
0.310308
0.141581
0.274651
0.0832676
0.199491
0.138776
0.303986
0.329103
0.225995
0.128686
0.201053
0.0412894
0.212549
0.261211
0.309408
0.275658
0.325368
0.180843
0.25596
0.155929
0.233641
0.15279
0.143763
0.116501
0.207147
0.319504
0.23091
0.205551
0.203196
0.217668
0.231778
0.21882
0.238774
0.220143
0.156044
0.373744
0.273457
0.155872
0.241146
0.115204
0.285065
0.241412
0.250137
0.511443
0.371402
0.409587
0.39323
0.373206
0.159436
0.208922
0.258088
0.130981
0.373283
0.373725
0.244342
0.222138
