0.25912
0.115454
0.228374
0.142108
0.339252
0.271996
0.220322
0.328302
0.383655
0.277897
0.328631
0.176547
0.309832
0.112817
0.49186
0.347158
0.152204
0.151612
0.125912
0.156461
0.292227
0.149861
0.270675
0.132153
0.321369
0.290733
0.114836
0.242361
0.233527
0.210951
0.261731
0.252336
0.330412
0.155137
0.292426
0.238588
0.236644
0.133545
0.176597
0.199119
0.262111
0.197747
0.461925
0.174083
0.172088
0.0965256
0.243714
0.274712
0.229385
0.153461
0.359291
0.265547
0.240801
0.308819
0.18133
0.309333
0.222537
0.210596
0.13593
0.307938
0.14701
0.0746702
0.182856
0.159485
0.177681
0.264642
0.162497
0.253292
0.302171
0.351916
0.26924
0.182938
0.318976
0.271132
0.105679
0.146004
0.250581
0.412956
0.133848
0.367508
0.243744
0.278465
0.298437
0.317826
0.282072
0.160009
0.0674424
0.213724
0.243083
0.183767
0.283887
0.255943
0.267498
0.270396
0.298746
0.307197
0.210746
0.25261
0.191704
0.206126
