0.312311
0.305902
0.265832
0.236745
0.313522
0.072741
0.203365
0.256464
0.351117
0.411062
0.355889
0.386719
0.345984
0.208273
0.403914
0.120071
0.463645
0.253182
0.289301
0.301135
0.147388
0.204515
0.101985
0.13993
0.257379
0.232268
0.236753
0.215833
0.355656
0.0993178
0.24651
0.217274
0.351795
0.0515258
0.249807
0.350259
0.192998
0.21684
0.128426
0.303934
0.11081
0.173607
0.190357
0.339832
0.337881
0.283817
0.212204
0.123659
0.143583
0.101716
0.0932977
0.235869
0.135854
0.352042
0.172769
0.299012
0.297074
0.0200903
0.215119
0.267798
0.197004
0.0936318
0.331277
0.289417
0.162044
0.240329
0.209777
0.212247
0.163697
0.0912193
0.15338
0.295601
0.2836
0.268145
0.22805
0.125933
0.15935
0.247765
0.218967
0.33933
0.155476
0.066608
0.190277
0.26943
0.14167
0.188968
0.185984
0.301488
0.192308
0.150809
0.197411
0.0517447
0.305819
0.268805
0.40795
0.342596
0.271737
0.222148
0.353368
0.364512
