0.207425
0.178131
0.203551
0.305463
0.152713
0.394246
0.244695
0.300967
0.189214
0.212474
0.346382
0.337986
0.183486
0.315186
0.202392
0.241284
0.286421
0.27195
0.228738
0.213058
0.126108
0.246271
0.183001
0.463772
0.487819
0.183319
0.213054
0.102593
0.224785
0.271243
0.0784027
0.144047
0.382272
0.12661
0.217508
0.334333
0.285614
0.132476
0.25118
0.192804
0.209289
0.256088
0.233974
0.130442
0.345049
0.380074
0.251519
0.123982
0.239648
0.114743
0.0989263
0.491174
0.217264
0.31132
0.153467
0.246473
0.219949
0.186051
0.200656
0.0819518
0.213706
0.157548
0.431551
0.491881
0.236245
0.225787
0.23559
0.293205
0.277251
0.174016
0.23417
0.158606
0.336377
0.169311
0.276035
0.069729
0.306052
0.172917
0.358284
0.206708
0.0581924
0.322278
0.15815
0.356384
0.294211
0.166132
0.079528
0.100552
0.0534365
0.100945
0.170288
0.0782765
0.157767
0.144371
0.218838
0.156301
0.254145
0.279755
0.300302
0.376721
