0.161294
0.305902
0.149803
0.111787
0.144143
0.072741
0.203365
0.103775
0.300244
0.33071
0.355889
0.240188
0.345984
0.365282
0.259236
0.404908
0.336753
0.253182
0.135104
0.193353
0.0583345
0.284797
0.145225
0.120227
0.257379
0.258032
0.290221
0.247224
0.177031
0.17682
0.247473
0.152372
0.363126
0.289615
0.249807
0.28879
0.183011
0.21684
0.170397
0.303934
0.427143
0.403072
0.234754
0.206746
0.337881
0.215463
0.198674
0.242576
0.100001
0.101716
0.275139
0.29766
0.155367
0.225248
0.246959
0.0541269
0.21189
0.119793
0.237157
0.148145
0.276718
0.0936318
0.230075
0.289417
0.162044
0.367869
0.213041
0.212247
0.163697
0.0912193
0.302769
0.310097
0.491654
0.288018
0.22805
0.125933
0.185361
0.39147
0.174045
0.320411
0.155476
0.161789
0.0905323
0.266727
0.189637
0.125149
0.261715
0.0818022
0.124823
0.317334
0.216824
0.220685
0.344746
0.231749
0.40795
0.269141
0.295563
0.195697
0.452295
0.156262
