0.365994
0.0878449
0.257295
0.252391
0.228733
0.245106
0.133274
0.241564
0.299655
0.158372
0.26843
0.234694
0.162702
0.109983
0.324281
0.285205
0.394243
0.101668
0.185681
0.28855
0.341173
0.397796
0.236095
0.231221
0.431223
0.247439
0.158477
0.383875
0.246104
0.305903
0.441351
0.176955
0.250975
0.442391
0.374845
0.265148
0.2041
0.200653
0.230425
0.137775
0.250925
0.327106
0.179477
0.16107
0.338253
0.170751
0.217191
0.157135
0.11787
0.241449
0.261573
0.253146
0.157669
0.214821
0.296951
0.230643
0.126515
0.416585
0.169246
0.359049
0.29575
0.195856
0.343489
0.310437
0.251925
0.304778
0.0932849
0.250206
0.110644
0.198094
0.293352
0.0959127
0.416214
0.14933
0.350104
0.14041
0.307632
0.198648
0.269672
0.174093
0.160551
0.108849
0.104465
0.20024
0.180648
0.221743
0.181361
0.129112
0.100053
0.142202
0.0890301
0.184594
0.242103
0.182293
0.172648
0.309747
0.255112
0.276635
0.24159
0.158138
