0.38608
0.139007
0.228036
0.1784
0.122408
0.168822
0.253132
0.436855
0.369376
0.36309
0.280623
0.171028
0.199185
0.276348
0.190174
0.123419
0.1988
0.239942
0.33531
0.0678405
0.262123
0.315579
0.294159
0.466965
0.252066
0.179918
0.302661
0.304517
0.196626
0.311723
0.259519
0.242206
0.338597
0.254562
0.129361
0.086203
0.340467
0.344771
0.33152
0.127626
0.109424
0.206202
0.105435
0.178576
0.291677
0.209356
0.261937
0.2427
0.105226
0.0619898
0.11493
0.23818
0.288102
0.188154
0.135282
0.236459
0.356144
0.368117
0.360111
0.321087
0.239591
0.212501
0.142437
0.255207
0.106671
0.3971
0.0978393
0.206651
0.298845
0.439505
0.200756
0.202415
0.333836
0.34121
0.136943
0.275681
0.184714
0.241164
0.130107
0.23311
0.176894
0.292933
0.0381006
0.212996
0.250186
0.251194
0.213122
0.153624
0.297306
0.189357
0.158129
0.272933
0.247289
0.149605
0.198917
0.261276
0.166527
0.276962
0.275936
0.14798
