0.0922199
0.319531
0.235878
0.0688685
0.368248
0.23971
0.258725
0.175497
0.208495
0.163384
0.153481
0.303807
0.306665
0.216058
0.187303
0.186619
0.260302
0.276435
0.532245
0.36066
0.271764
0.221828
0.310092
0.390299
0.159116
0.183039
0.164787
0.240591
0.132093
0.281126
0.341286
0.170017
0.163635
0.435598
0.384722
0.143372
0.136218
0.326106
0.277715
0.15166
0.281351
0.373974
0.156307
0.20681
0.0944744
0.229932
0.140216
0.275122
0.196201
0.260821
0.263376
0.0937986
0.218509
0.321938
0.0549663
0.28434
0.373881
0.277811
0.192183
0.285255
0.174219
0.178211
0.289741
0.239212
0.163488
0.489252
0.0592025
0.308297
0.341441
0.220627
0.227585
0.166074
0.114811
0.352468
0.158109
0.347123
0.189508
0.272753
0.359889
0.139108
0.122739
0.165407
0.156361
0.353492
0.186719
0.231009
0.0730299
0.227614
0.170675
0.332794
0.130881
0.147613
0.122543
0.365657
0.272947
0.212604
0.12241
0.211784
0.224114
0.137506
