0.104963
0.125666
0.236831
0.33075
0.229059
0.262594
0.214301
0.171276
0.231145
0.165667
0.210656
0.239644
0.270623
0.182802
0.139433
0.162557
0.132117
0.192758
0.229666
0.27857
0.327458
0.187329
0.131742
0.209878
0.141617
0.0399666
0.185229
0.31641
0.227027
0.152631
0.284592
0.211471
0.112851
0.26823
0.188064
0.254083
0.259154
0.295038
0.36132
0.130046
0.328348
0.228864
0.142336
0.238831
0.205097
0.170411
0.345914
0.180247
0.234053
0.267128
0.175778
0.281667
0.160508
0.137693
0.315829
0.279678
0.506306
0.242054
0.110549
0.244978
0.185262
0.157878
0.38441
0.469275
0.236057
0.320001
0.154312
0.129761
0.277345
0.188336
0.159806
0.127601
0.110605
0.132588
0.128838
0.2334
0.229491
0.362584
0.185594
0.180505
0.264718
0.36856
0.322671
0.20708
0.404115
0.248866
0.207642
0.280366
0.39019
0.440522
0.455113
0.223205
0.256206
0.293182
0.167301
0.154288
0.376325
0.0779987
0.272467
0.355698
