0.277541
0.271421
0.182839
0.175986
0.42668
0.0777846
0.321933
0.398007
0.0846117
0.16815
0.210994
0.159517
0.265787
0.226094
0.24199
0.239563
0.239499
0.220162
0.251264
0.217081
0.117612
0.254045
0.230739
0.118326
0.135436
0.281687
0.244303
0.32631
0.176717
0.171569
0.160268
0.22528
0.138797
0.330418
0.246064
0.163464
0.245871
0.187947
0.233986
0.310452
0.128079
0.276075
0.108703
0.150031
0.510777
0.12757
0.153282
0.10836
0.410263
0.107159
0.138104
0.196495
0.210371
0.328376
0.252429
0.322554
0.303458
0.203561
0.279468
0.105512
0.140817
0.380466
0.18429
0.341336
0.281922
0.195716
0.264335
0.271761
0.143372
0.241962
0.166931
0.352244
0.319925
0.331482
0.427515
0.187136
0.0971351
0.255366
0.0280536
0.293906
0.277367
0.224151
0.076666
0.296225
0.299795
0.203207
0.308799
0.241895
0.221298
0.169131
0.213211
0.144059
0.435381
0.247743
0.224873
0.244328
0.237114
0.288827
0.411269
0.279031
