0.204817
0.351587
0.190386
0.151318
0.200098
0.371867
0.278192
0.314451
0.091685
0.150048
0.176275
0.120951
0.167259
0.30184
0.135541
0.336301
0.254532
0.091975
0.313881
0.288716
0.117973
0.290401
0.171653
0.197897
0.256866
0.216588
0.197543
0.0782613
0.147154
0.191555
0.208129
0.193534
0.233656
0.469797
0.227479
0.282715
0.272157
0.126663
0.336799
0.278474
0.330068
0.280132
0.147791
0.0705103
0.191073
0.0870267
0.188213
0.226801
0.477338
0.483388
0.149346
0.163296
0.23054
0.381435
0.102642
0.255624
0.227206
0.221531
0.220813
0.260862
0.392732
0.100581
0.134147
0.225303
0.229914
0.155168
0.241468
0.32384
0.234076
0.213892
0.148764
0.122544
0.164429
0.335487
0.280388
0.242955
0.239282
0.137976
0.342377
0.104503
0.0964415
0.289818
0.216762
0.314417
0.251814
0.214241
0.322233
0.168103
0.32418
0.202907
0.312971
0.15228
0.579818
0.251458
0.159568
0.355342
0.200101
0.288471
0.206895
0.17566
