0.23989
0.406472
0.281064
0.0694219
0.120534
0.261143
0.179518
0.27332
0.41063
0.30329
0.164462
0.0431469
0.295291
0.194431
0.110577
0.148043
0.302539
0.148857
0.306192
0.421832
0.160844
0.152051
0.117622
0.231642
0.113348
0.140779
0.0361948
0.188778
0.236686
0.262463
0.265862
0.237007
0.310908
0.240545
0.216503
0.295753
0.0947863
0.250407
0.207505
0.253959
0.260705
0.196447
0.19312
0.298059
0.22782
0.182084
0.103621
0.0578088
0.287107
0.347347
0.128159
0.243163
0.196215
0.35742
0.278047
0.321604
0.375232
0.14576
0.313323
0.303806
0.158256
0.244249
0.224675
0.366677
0.349261
0.220843
0.164788
0.176517
0.214735
0.337673
0.287846
0.237392
0.279512
0.294507
0.171073
0.288443
0.285678
0.259494
0.121895
0.276031
0.18403
0.278012
0.311728
0.141991
0.233563
0.232641
0.156291
0.180602
0.443342
0.318525
0.378403
0.28359
0.360329
0.28028
0.163202
0.28387
0.134432
0.300449
0.219408
0.0221204
