0.301003
0.248541
0.246941
0.343203
0.160807
0.214546
0.0896359
0.307365
0.0933729
0.140025
0.250007
0.317429
0.240831
0.157425
0.381989
0.163245
0.276637
0.080561
0.162124
0.208844
0.2708
0.129364
0.242449
0.132833
0.0849987
0.196746
0.246708
0.206964
0.279481
0.0645127
0.205434
0.33275
0.436633
0.201362
0.2788
0.200967
0.330918
0.211266
0.216634
0.351294
0.222383
0.226348
0.144254
0.323463
0.285234
0.253147
0.353788
0.231447
0.175786
0.186996
0.316175
0.255653
0.310857
0.312294
0.166815
0.0926482
0.331494
0.113491
0.445787
0.5092
0.184595
0.200936
0.135129
0.240331
0.275403
0.409356
0.176662
0.240115
0.101412
0.246075
0.393406
0.227296
0.290737
0.205228
0.249571
0.192403
0.199096
0.104587
0.0523684
0.233573
0.369811
0.208378
0.267633
0.131355
0.243558
0.216563
0.271629
0.21716
0.229037
0.168705
0.278013
0.457745
0.25896
0.245508
0.161967
0.194447
0.232044
0.1975
0.220123
0.190136
