0.188579
0.31552
0.0939854
0.26349
0.263468
0.269927
0.253697
0.33087
0.337805
0.359637
0.136816
0.347915
0.24737
0.254467
0.121588
0.192678
0.225208
0.399374
0.227568
0.282407
0.31651
0.210705
0.303834
0.234716
0.170487
0.139277
0.289304
0.111035
0.0867229
0.234253
0.0724171
0.157274
0.215877
0.213515
0.0822548
0.205696
0.176897
0.250308
0.274143
0.131181
0.114728
0.140708
0.165273
0.34569
0.11767
0.243217
0.44694
0.402476
0.246786
0.274497
0.353956
0.380488
0.131193
0.265338
0.428468
0.280734
0.115049
0.141907
0.143855
0.406816
0.0859444
0.255228
0.152792
0.3869
0.193776
0.250518
0.221165
0.312492
0.124456
0.19558
0.239303
0.187321
0.122297
0.19176
0.134885
0.169632
0.0642852
0.137716
0.309038
0.224877
0.160248
0.489796
0.0985548
0.434056
0.347103
0.205336
0.199311
0.28195
0.1321
0.273505
0.315821
0.348978
0.171105
0.154947
0.187543
0.396739
0.136412
0.188764
0.199063
0.255688
