0.27122
0.383716
0.0566074
0.163941
0.306197
0.358622
0.426829
0.380951
0.250265
0.121325
0.240951
0.198963
0.15971
0.445897
0.102516
0.154437
0.307021
0.108382
0.14363
0.181932
0.224635
0.237802
0.383846
0.233584
0.387551
0.0985968
0.23411
0.292975
0.144856
0.326817
0.194454
0.20602
0.1675
0.24971
0.211614
0.21113
0.297795
0.360683
0.182426
0.143308
0.259035
0.288141
0.301182
0.0753881
0.236868
0.38505
0.324024
0.453973
0.154109
0.278844
0.140535
0.431705
0.181538
0.200505
0.205056
0.0993278
0.313505
0.161393
0.358716
0.287563
0.184268
0.499101
0.114499
0.340919
0.201162
0.0929414
0.361335
0.142292
0.164445
0.0542046
0.207733
0.3006
0.267501
0.220416
0.164874
0.241159
0.15048
0.179973
0.245907
0.219133
0.155797
0.102643
0.281428
0.138015
0.166817
0.132022
0.25199
0.269849
0.24709
0.176432
0.203414
0.153326
0.310973
0.224696
0.328659
0.116953
0.21359
0.11728
0.289054
0.1657
