0.151499
0.274783
0.194625
0.188679
0.165152
0.23657
0.255523
0.187268
0.329359
0.162461
0.314993
0.132155
0.200612
0.155742
0.210596
0.363295
0.0728118
0.341459
0.114446
0.282462
0.248453
0.290567
0.211653
0.434203
0.250954
0.270635
0.325114
0.250147
0.294774
0.132269
0.172365
0.189212
0.346032
0.249526
0.370374
0.16653
0.159102
0.0552324
0.280897
0.41119
0.0528774
0.284279
0.204292
0.284784
0.376601
0.394883
0.23931
0.274645
0.133458
0.165436
0.411771
0.305591
0.219625
0.196857
0.18097
0.12303
0.24982
0.338974
0.099485
0.222315
0.161585
0.176373
0.178572
0.311618
0.171463
0.281134
0.381864
0.185747
0.300938
0.313815
0.208423
0.253737
0.303625
0.184316
0.21559
0.174756
0.20517
0.328074
0.210507
0.343857
0.286734
0.202304
0.0494323
0.272341
0.195258
0.197792
0.175701
0.215969
0.344963
0.357624
0.0939989
0.125011
0.107412
0.109711
0.394849
0.266128
0.172351
0.161143
0.368461
0.196763
