0.365994
0.155619
0.213529
0.252391
0.228733
0.245106
0.217534
0.241564
0.242803
0.1914
0.221104
0.234694
0.159816
0.122567
0.282509
0.285205
0.40038
0.101668
0.217553
0.313613
0.342758
0.276373
0.288863
0.171297
0.327607
0.226932
0.238945
0.087638
0.145902
0.305903
0.273015
0.176955
0.403649
0.442391
0.400811
0.201853
0.2041
0.240989
0.228685
0.168288
0.187933
0.271442
0.179477
0.140279
0.116748
0.299533
0.217191
0.157135
0.271654
0.241449
0.261573
0.227315
0.402923
0.229644
0.371673
0.24496
0.248898
0.224105
0.199085
0.470657
0.125149
0.19307
0.343489
0.310437
0.251925
0.206343
0.236234
0.169678
0.268074
0.137709
0.293352
0.0959127
0.416214
0.18848
0.350104
0.143686
0.341097
0.302458
0.229938
0.12599
0.210951
0.142228
0.177097
0.176524
0.180648
0.243653
0.141564
0.129112
0.100053
0.229297
0.0890301
0.199925
0.271734
0.201414
0.286519
0.270627
0.337511
0.276635
0.24159
0.152035
