0.180165
0.123284
0.200908
0.130889
0.281282
0.182933
0.192725
0.16868
0.343709
0.250713
0.392946
0.0990119
0.442817
0.17846
0.281546
0.236413
0.133259
0.257105
0.410071
0.180378
0.28067
0.140635
0.30572
0.227104
0.110812
0.210373
0.184545
0.348598
0.329889
0.182498
0.27069
0.143817
0.112062
0.137963
0.206742
0.339541
0.254026
0.406245
0.143006
0.286874
0.423996
0.509729
0.489515
0.0769366
0.246846
0.396605
0.393163
0.31542
0.121344
0.153657
0.198731
0.25015
0.07357
0.0919361
0.183325
0.183664
0.165659
0.226306
0.139372
0.267117
0.310613
0.244249
0.51491
0.275608
0.110248
0.110217
0.282973
0.0509296
0.11328
0.125521
0.168092
0.250755
0.131326
0.161631
0.19985
0.196425
0.304705
0.186509
0.407604
0.0863235
0.251373
0.138464
0.101694
0.223619
0.338087
0.201757
0.483157
0.195912
0.257335
0.137624
0.145155
0.175697
0.188919
0.0617738
0.293369
0.204792
0.198281
0.215869
0.30837
0.0969774
