0.328099
0.130778
0.370389
0.108616
0.387491
0.232686
0.100229
0.138842
0.290371
0.296087
0.227033
0.248897
0.251622
0.173332
0.316926
0.274453
0.256913
0.151013
0.234754
0.208562
0.494403
0.255597
0.225565
0.141806
0.438791
0.218613
0.149529
0.166663
0.186407
0.316946
0.164526
0.158515
0.313222
0.173621
0.246639
0.170124
0.139713
0.168763
0.223622
0.180395
0.382615
0.186447
0.277516
0.253677
0.276672
0.215397
0.211081
0.353988
0.18589
0.211189
0.205409
0.323806
0.250709
0.274082
0.420448
0.213182
0.273134
0.349142
0.342545
0.0787427
0.175086
0.102661
0.371921
0.0815227
0.186564
0.181654
0.28085
0.241084
0.139231
0.201156
0.217561
0.276425
0.176568
0.25362
0.180695
0.325698
0.126134
0.13022
0.232382
0.12543
0.245196
0.260205
0.240763
0.2651
0.285765
0.262145
0.0880929
0.138725
0.250845
0.414174
0.222264
0.493899
0.126044
0.20339
0.395022
0.156123
0.209023
0.231874
0.202572
0.151196
