0.366804
0.397764
0.308836
0.120611
0.213787
0.201876
0.413089
0.325523
0.326822
0.262865
0.19206
0.2748
0.288607
0.316394
0.20572
0.212238
0.162759
0.173116
0.260146
0.346972
0.314655
0.312133
0.244406
0.0502843
0.12735
0.263312
0.145287
0.0720335
0.222154
0.326961
0.333005
0.284378
0.28374
0.26971
0.274621
0.237505
0.100095
0.172025
0.304485
0.234939
0.299422
0.0592303
0.388719
0.163083
0.270634
0.222337
0.0618698
0.292791
0.151089
0.0869806
0.197555
0.0928511
0.247332
0.232658
0.371767
0.0658331
0.209728
0.150163
0.274469
0.291408
0.153876
0.139086
0.191193
0.365906
0.381574
0.291362
0.111262
0.22346
0.205379
0.22038
0.285904
0.126952
0.233028
0.169458
0.458711
0.166546
0.22016
0.127217
0.339145
0.320007
0.296595
0.152462
0.224697
0.108199
0.0539227
0.542556
0.32251
0.204593
0.349957
0.287618
0.236507
0.130449
0.18786
0.0452543
0.158585
0.14039
0.276311
0.141348
0.171313
0.207397
