0.271297
0.0267071
0.31933
0.152713
0.249098
0.232184
0.104011
0.169603
0.253701
0.13668
0.0985882
0.129164
0.13924
0.0761632
0.240947
0.0262
0.319463
0.317765
0.0769823
0.254438
0.234649
0.0441487
0.275828
0.0993017
0.195715
0.224166
0.168951
0.290773
0.215137
0.298365
0.314075
0.343313
0.0467642
0.234064
0.0745619
0.216066
0.242273
0.0934192
0.18319
0.306467
0.144872
0.188757
0.260852
0.302879
0.240394
0.310613
0.368473
0.261331
0.305951
0.236298
0.260876
0.210039
0.242501
0.276784
0.423171
0.324794
0.162135
0.16173
0.436147
0.166386
0.365782
0.207933
0.201303
0.230779
0.249913
0.443515
0.217141
0.233118
0.275986
0.233123
0.301318
0.18077
0.0761074
0.280148
0.348076
0.274529
0.0913182
0.199629
0.278744
0.253038
0.132329
0.201865
0.129194
0.236217
0.417089
0.274005
0.311082
0.13954
0.364024
0.319132
0.22224
0.194209
0.451672
0.444098
0.291208
0.0788321
0.306624
0.178956
0.305313
0.124019
