0.198952
0.156374
0.215329
0.129057
0.427201
0.394596
0.253685
0.218279
0.214233
0.277211
0.137729
0.105823
0.324512
0.222828
0.24282
0.215905
0.22537
0.237013
0.269086
0.170901
0.167388
0.267335
0.256927
0.23043
0.196113
0.185686
0.229492
0.135199
0.21053
0.239503
0.283424
0.267754
0.120878
0.245537
0.366109
0.22425
0.0429183
0.26725
0.125134
0.127793
0.256537
0.293148
0.270814
0.177535
0.202866
0.255122
0.17961
0.187247
0.190121
0.183886
0.199623
0.358902
0.280106
0.319846
0.270183
0.358502
0.243983
0.19342
0.354448
0.100602
0.131869
0.161679
0.0872334
0.303712
0.0865931
0.409355
0.405927
0.255011
0.161189
0.239411
0.245087
0.269772
0.110392
0.198075
0.147592
0.121521
0.202926
0.066154
0.128905
0.167442
0.287434
0.256821
0.25118
0.111514
0.132973
0.358405
0.31043
0.447168
0.45026
0.348463
0.164052
0.3386
0.446465
0.38158
0.109312
0.137151
0.19134
0.267435
0.329066
0.345391
