0.293441
0.152517
0.150895
0.376054
0.204626
0.262784
0.122617
0.135936
0.406943
0.176234
0.180934
0.378376
0.159108
0.246484
0.191149
0.237721
0.181206
0.301695
0.292253
0.350763
0.294108
0.20727
0.170625
0.439795
0.142581
0.218982
0.109199
0.253623
0.360522
0.248358
0.368341
0.290166
0.257069
0.283916
0.238069
0.199298
0.184691
0.423229
0.210703
0.24187
0.248067
0.0744124
0.286323
0.174732
0.187904
0.0802296
0.341534
0.248522
0.166502
0.20315
0.120686
0.185324
0.247173
0.167596
0.255096
0.336299
0.0993363
0.285493
0.249966
0.516412
0.123727
0.349714
0.230058
0.136735
0.25461
0.119075
0.310097
0.155839
0.122057
0.220708
0.298308
0.238875
0.190333
0.263714
0.206531
0.182653
0.28233
0.187488
0.318345
0.239573
0.138314
0.387334
0.120537
0.185435
0.0884921
0.485823
0.270068
0.15962
0.228695
0.209844
0.215265
0.0611921
0.160684
0.243204
0.265421
0.270894
0.134631
0.313026
0.231688
0.310039
