0.215356
0.470659
0.0717873
0.427534
0.268565
0.202929
0.06236
0.187792
0.158918
0.220105
0.0825063
0.157137
0.229707
0.14873
0.308653
0.291434
0.0890677
0.192438
0.308627
0.170735
0.19271
0.181072
0.359639
0.269757
0.327629
0.263259
0.346005
0.0563715
0.169041
0.322408
0.109921
0.109163
0.357244
0.228447
0.154072
0.382773
0.332415
0.216567
0.307604
0.390941
0.138814
0.283027
0.280994
0.19561
0.161155
0.211192
0.204427
0.136392
0.1668
0.230701
0.212921
0.302887
0.296952
0.154886
0.116886
0.417016
0.44727
0.132311
0.317471
0.143373
0.179849
0.154879
0.165803
0.313609
0.210734
0.0932643
0.172358
0.185727
0.2568
0.275752
0.349803
0.105104
0.117725
0.0944414
0.249669
0.372443
0.344694
0.0352576
0.214329
0.12089
0.447891
0.122955
0.307409
0.253843
0.163608
0.329105
0.0953716
0.402748
0.340625
0.249612
0.15385
0.26761
0.18634
0.305156
0.240138
0.268911
0.38768
0.11528
0.125723
0.231372
