0.311332
0.368251
0.358327
0.160676
0.256891
0.211105
0.323176
0.141753
0.23622
0.239062
0.227506
0.193354
0.349395
0.308574
0.268724
0.109859
0.249833
0.115574
0.267912
0.341116
0.18357
0.323492
0.20371
0.0869124
0.234454
0.171619
0.148265
0.18945
0.43724
0.208251
0.223784
0.158956
0.342117
0.110218
0.0597466
0.240858
0.434275
0.180748
0.453948
0.196118
0.18109
0.146308
0.285388
0.061337
0.222828
0.325974
0.182357
0.0389344
0.276116
0.208161
0.208266
0.226542
0.108521
0.171966
0.353444
0.253133
0.309875
0.0824067
0.24326
0.282908
0.23983
0.32789
0.442151
0.441735
0.278216
0.301648
0.201423
0.163138
0.203737
0.300069
0.183593
0.351382
0.100232
0.431267
0.227294
0.283077
0.163868
0.175035
0.140243
0.158302
0.251919
0.107937
0.076666
0.182603
0.253723
0.138348
0.218069
0.200964
0.248158
0.172289
0.15119
0.185979
0.115091
0.1491
0.193427
0.198897
0.314479
0.260324
0.375092
0.428201
