0.221178
0.264932
0.240021
0.309096
0.149859
0.151793
0.208952
0.262466
0.0530753
0.141476
0.387005
0.165066
0.381549
0.481757
0.310734
0.116557
0.265729
0.122567
0.136575
0.149236
0.182793
0.209228
0.420888
0.274054
0.262986
0.311398
0.200419
0.29231
0.203582
0.344189
0.220598
0.366568
0.287688
0.219836
0.192887
0.138614
0.201125
0.391629
0.20668
0.303751
0.375524
0.340826
0.298101
0.0530885
0.286369
0.221867
0.210984
0.138728
0.112254
0.0796233
0.0994218
0.178419
0.460586
0.215855
0.31552
0.171782
0.171198
0.189676
0.137682
0.247929
0.183967
0.211557
0.0453885
0.200291
0.420186
0.30481
0.0680435
0.174962
0.326402
0.159914
0.125333
0.228552
0.296294
0.238652
0.376125
0.347737
0.312307
0.15443
0.25959
0.233177
0.154859
0.227205
0.187234
0.174142
0.23307
0.279801
0.305322
0.295007
0.18191
0.348147
0.21061
0.105073
0.242603
0.272926
0.0548996
0.207965
0.303419
0.150563
0.117551
0.373479
