0.139294
0.12305
0.295832
0.368639
0.202312
0.174601
0.34996
0.334415
0.31989
0.123403
0.16597
0.306532
0.282033
0.184206
0.262275
0.214386
0.216724
0.169812
0.216335
0.242611
0.199518
0.224355
0.255583
0.448076
0.152437
0.175373
0.242682
0.263495
0.198479
0.206878
0.325827
0.136452
0.298463
0.22811
0.347217
0.283397
0.179481
0.347714
0.277589
0.154722
0.293169
0.263307
0.084532
0.123231
0.238771
0.0868855
0.229869
0.279288
0.23637
0.0751183
0.111056
0.180123
0.489603
0.191248
0.227412
0.218515
0.303645
0.241471
0.0927316
0.266639
0.235044
0.211807
0.12418
0.190351
0.341058
0.185536
0.21277
0.175606
0.394111
0.45371
0.163939
0.201933
0.38511
0.465
0.145226
0.190342
0.129525
0.20813
0.37757
0.0821492
0.324895
0.387961
0.248704
0.229287
0.216413
0.239052
0.193672
0.343139
0.1452
0.0772158
0.239873
0.242672
0.377275
0.172296
0.251505
0.193759
0.101423
0.132747
0.273387
0.152646
