0.0438985
0.135854
0.207255
0.465794
0.248575
0.395439
0.235984
0.226102
0.305231
0.23792
0.232433
0.351331
0.33868
0.362916
0.305202
0.216103
0.49772
0.391954
0.211262
0.252479
0.418233
0.276661
0.14774
0.279414
0.137882
0.240825
0.222458
0.297439
0.0346502
0.254195
0.180695
0.220192
0.120074
0.165818
0.214539
0.363345
0.126601
0.214617
0.229972
0.107308
0.382524
0.191919
0.312895
0.137681
0.136121
0.139094
0.279408
0.180755
0.318149
0.278843
0.151919
0.0817695
0.157881
0.206243
0.152437
0.306948
0.180619
0.201475
0.126486
0.159502
0.189965
0.21017
0.179355
0.287253
0.266362
0.266525
0.248383
0.202102
0.302036
0.134571
0.509921
0.0496072
0.119075
0.158456
0.218982
0.101375
0.167465
0.203694
0.23282
0.436397
0.202856
0.288744
0.34167
0.149182
0.3698
0.267884
0.133794
0.253667
0.394178
0.158057
0.106077
0.157193
0.169121
0.156941
0.206027
0.317516
0.1987
0.3207
0.118915
0.241431
