0.427954
0.174256
0.318122
0.457379
0.231976
0.191006
0.218997
0.313916
0.278404
0.15167
0.28005
0.202745
0.238995
0.277469
0.109509
0.23577
0.176281
0.264424
0.0692363
0.39335
0.311194
0.423391
0.276466
0.0844397
0.141649
0.295942
0.114528
0.113127
0.373056
0.160545
0.265084
0.179046
0.204384
0.349125
0.167012
0.369049
0.258593
0.112385
0.198208
0.159449
0.160953
0.367706
0.37163
0.184975
0.109066
0.0749806
0.133152
0.253716
0.0974283
0.491928
0.165516
0.148426
0.332491
0.340298
0.31967
0.26574
0.112247
0.300603
0.108125
0.256736
0.108643
0.102999
0.118917
0.206193
0.104124
0.182865
0.456325
0.159448
0.361661
0.360866
0.102137
0.185193
0.245886
0.249021
0.158265
0.1025
0.187734
0.341738
0.30372
0.21072
0.0942158
0.172995
0.151921
0.197382
0.479602
0.239969
0.332787
0.410454
0.246322
0.256687
0.193639
0.286151
0.241237
0.120681
0.0862658
0.236626
0.232727
0.0650408
0.068802
0.196235
