0.122607
0.226745
0.126893
0.280395
0.28867
0.172268
0.0905558
0.237733
0.228514
0.266931
0.255989
0.128014
0.232603
0.278051
0.0524964
0.141953
0.298027
0.152049
0.217278
0.23827
0.135205
0.315061
0.154854
0.383923
0.342813
0.40837
0.177048
0.17324
0.27737
0.275521
0.22998
0.339149
0.203718
0.20964
0.219821
0.0592017
0.214548
0.0804265
0.378602
0.309493
0.180152
0.223117
0.291947
0.16942
0.341721
0.252073
0.0461093
0.264409
0.027045
0.241275
0.104395
0.393157
0.233324
0.22183
0.321836
0.50662
0.128809
0.178745
0.174826
0.237893
0.0639543
0.340109
0.212421
0.188511
0.175697
0.134604
0.254085
0.254913
0.209601
0.0739991
0.216848
0.097258
0.413431
0.263072
0.218067
0.272915
0.300885
0.172948
0.255277
0.133966
0.262572
0.166684
0.268226
0.17204
0.13661
0.24471
0.122115
0.128528
0.337481
0.336828
0.572109
0.186839
0.406471
0.0695386
0.292864
0.257231
0.294995
0.382518
0.161201
0.386035
