0.0632699
0.250054
0.350737
0.185843
0.234098
0.128891
0.340922
0.452883
0.0846013
0.184484
0.19342
0.314703
0.123835
0.328271
0.297705
0.275302
0.114295
0.257057
0.262324
0.364041
0.172592
0.184725
0.215377
0.156386
0.159958
0.19664
0.238224
0.227775
0.244282
0.189176
0.178372
0.362807
0.135408
0.213336
0.221903
0.127289
0.457483
0.22049
0.342967
0.476633
0.141902
0.351341
0.187234
0.378834
0.426747
0.131755
0.290946
0.246023
0.161565
0.459499
0.194519
0.146606
0.0919046
0.207547
0.229868
0.261293
0.169079
0.266575
0.295325
0.289989
0.275673
0.218891
0.228806
0.168013
0.293864
0.0832598
0.154962
0.22813
0.175228
0.174171
0.208082
0.294861
0.0717436
0.265794
0.276427
0.29107
0.158819
0.332258
0.140171
0.269051
0.248386
0.166
0.268544
0.228475
0.0692004
0.110836
0.239066
0.423226
0.0757255
0.178749
0.168961
0.349582
0.232313
0.0431545
0.215566
0.42396
0.0736207
0.162301
0.15794
0.397757
