0.246531
0.211147
0.128821
0.135381
0.421784
0.269546
0.256539
0.42033
0.177459
0.172432
0.33732
0.254697
0.343663
0.33148
0.243547
0.225179
0.280089
0.197975
0.172451
0.0319577
0.224477
0.102807
0.152053
0.0969266
0.329777
0.276409
0.156135
0.0949518
0.258966
0.185733
0.0856843
0.374926
0.281663
0.286904
0.366351
0.115944
0.256313
0.120922
0.480284
0.259174
0.281949
0.223063
0.150629
0.334815
0.14542
0.266368
0.226467
0.192544
0.372401
0.270578
0.224005
0.0986439
0.221667
0.20842
0.328412
0.16146
0.43119
0.161179
0.168188
0.296941
0.36892
0.173743
0.0930301
0.0825195
0.178978
0.355422
0.288196
0.147349
0.321007
0.193358
0.23876
0.201306
0.280937
0.154923
0.352497
0.117766
0.470731
0.28731
0.162218
0.351486
0.0742172
0.191069
0.367573
0.260381
0.0533376
0.224938
0.229862
0.245285
0.129337
0.139216
0.149584
0.163252
0.169578
0.305953
0.117187
0.2636
0.12514
0.348351
0.353539
0.168182
