0.22399
0.0381905
0.219743
0.302572
0.249098
0.329417
0.128215
0.146225
0.198814
0.157683
0.304064
0.325325
0.13924
0.18463
0.239396
0.167664
0.117285
0.298792
0.241156
0.254438
0.178496
0.0441487
0.214478
0.438239
0.195715
0.224166
0.168951
0.179776
0.205128
0.258206
0.261142
0.0987585
0.393265
0.0951838
0.0745619
0.115593
0.262473
0.198073
0.27064
0.246271
0.286556
0.208059
0.0706672
0.263967
0.351083
0.402097
0.356478
0.261331
0.305951
0.358086
0.416645
0.198532
0.23062
0.308575
0.423171
0.163401
0.162135
0.231867
0.227226
0.208441
0.230171
0.282566
0.201303
0.433577
0.286272
0.432038
0.0976727
0.399993
0.376587
0.130903
0.219142
0.191554
0.215371
0.255455
0.248236
0.397943
0.120677
0.230704
0.264184
0.253038
0.101362
0.201865
0.129194
0.133227
0.384247
0.116236
0.311082
0.13954
0.364024
0.158
0.22224
0.194209
0.313801
0.233142
0.163883
0.14
0.137482
0.238539
0.231787
0.181201
