0.204093
0.295393
0.0638941
0.349461
0.384981
0.140559
0.268663
0.227619
0.303436
0.206684
0.311217
0.191742
0.294889
0.243109
0.221641
0.177808
0.428409
0.169569
0.143415
0.346939
0.207656
0.204962
0.416358
0.444161
0.129702
0.160259
0.151392
0.211076
0.248485
0.191011
0.164419
0.106685
0.369616
0.232916
0.162581
0.158643
0.235281
0.269447
0.236591
0.191037
0.191603
0.257999
0.170108
0.390108
0.301946
0.24569
0.411197
0.264946
0.221557
0.334246
0.339731
0.213547
0.176433
0.256923
0.256147
0.16432
0.242332
0.149981
0.332425
0.396264
0.242056
0.205983
0.309776
0.153062
0.183992
0.271991
0.150338
0.225082
0.113702
0.199966
0.349191
0.244625
0.244731
0.230571
0.227308
0.232841
0.236178
0.229997
0.205066
0.199713
0.141984
0.111816
0.183227
0.125183
0.155386
0.293982
0.281594
0.313517
0.219319
0.348726
0.0752977
0.124967
0.441481
0.272078
0.37694
0.150319
0.0920659
0.262303
0.120049
0.146798
