0.363168
0.18965
0.119954
0.252391
0.362474
0.169812
0.217534
0.241564
0.264972
0.1914
0.189105
0.234694
0.315499
0.144392
0.282509
0.228339
0.321841
0.293931
0.243908
0.313613
0.363484
0.276373
0.285266
0.171297
0.319476
0.226932
0.238945
0.377742
0.145902
0.305903
0.357921
0.191244
0.294442
0.378753
0.400811
0.201853
0.190758
0.240989
0.228685
0.258592
0.187933
0.327088
0.179477
0.299004
0.116748
0.308182
0.111861
0.171711
0.34112
0.184623
0.261573
0.227315
0.442769
0.229644
0.243049
0.24496
0.185578
0.194874
0.199085
0.434441
0.125149
0.0848624
0.222204
0.186063
0.129649
0.206343
0.236234
0.23416
0.216502
0.220545
0.293352
0.0959127
0.257186
0.18848
0.350104
0.143686
0.202848
0.283937
0.416723
0.12599
0.210951
0.109501
0.177097
0.119187
0.181746
0.300952
0.244883
0.129112
0.100053
0.34812
0.233632
0.199925
0.321002
0.225621
0.05425
0.107804
0.337511
0.276635
0.23526
0.152035
