0.396546
0.26959
0.120682
0.112068
0.244634
0.183157
0.0435269
0.136428
0.202827
0.0864568
0.253867
0.1509
0.382448
0.200462
0.194639
0.210601
0.216812
0.379144
0.303231
0.318305
0.215687
0.104713
0.290345
0.169516
0.550576
0.264874
0.126951
0.241723
0.449956
0.219822
0.158319
0.103675
0.418186
0.223849
0.240784
0.184986
0.029397
0.40192
0.250142
0.253112
0.0967733
0.210851
0.287671
0.236038
0.162969
0.351342
0.35786
0.290451
0.338645
0.169793
0.166749
0.204723
0.239363
0.253945
0.218217
0.144928
0.101334
0.356634
0.353494
0.128917
0.193812
0.252112
0.218286
0.326273
0.232375
0.163678
0.257624
0.232698
0.210341
0.208974
0.121736
0.137225
0.314043
0.0501445
0.216282
0.328477
0.2548
0.237433
0.0222386
0.123733
0.187601
0.158957
0.324505
0.294045
0.207698
0.0462313
0.22345
0.126232
0.323981
0.131524
0.248874
0.498435
0.420299
0.201683
0.140416
0.353538
0.220745
0.196217
0.300892
0.187413
