0.18344
0.371471
0.274456
0.308839
0.263025
0.107911
0.343112
0.185203
0.113427
0.172432
0.286233
0.251623
0.343663
0.0255117
0.352549
0.177738
0.110979
0.190091
0.281994
0.122017
0.0540892
0.533388
0.335423
0.0969266
0.172014
0.315372
0.248654
0.378018
0.255815
0.295703
0.196006
0.0965208
0.229887
0.424742
0.315465
0.179943
0.0266132
0.123248
0.388012
0.140818
0.265782
0.199577
0.310992
0.386812
0.123983
0.266368
0.147239
0.123396
0.331355
0.426016
0.148439
0.118123
0.0736838
0.315555
0.176496
0.301467
0.369872
0.326312
0.10278
0.15974
0.258615
0.281175
0.0930301
0.145153
0.246575
0.135197
0.282787
0.164117
0.0784089
0.0462292
0.218833
0.169545
0.441336
0.550762
0.166477
0.117438
0.364003
0.215448
0.450048
0.116184
0.0742172
0.11917
0.229318
0.237704
0.194451
0.191217
0.0608025
0.148674
0.138168
0.0628888
0.231236
0.34311
0.169578
0.2459
0.166825
0.33798
0.282676
0.253925
0.174661
0.223733
