0.20052
0.132903
0.196833
0.331658
0.357322
0.238118
0.221597
0.306562
0.370185
0.206018
0.335631
0.196149
0.264356
0.296965
0.386941
0.560046
0.162385
0.2137
0.263802
0.406542
0.287245
0.135444
0.121916
0.256951
0.153175
0.350391
0.225843
0.163344
0.196442
0.412176
0.163663
0.218757
0.266205
0.428672
0.0611679
0.272801
0.0839582
0.311708
0.223734
0.204338
0.296116
0.139954
0.0913213
0.235538
0.299363
0.167831
0.103139
0.356736
0.202389
0.343176
0.189613
0.11646
0.124728
0.153715
0.423122
0.415464
0.227842
0.236448
0.242847
0.0772626
0.220689
0.307621
0.110578
0.227104
0.165236
0.276457
0.424777
0.359696
0.266365
0.207362
0.259579
0.0896126
0.328697
0.156156
0.224051
0.233818
0.214841
0.168115
0.328853
0.0875989
0.147144
0.165717
0.227196
0.232085
0.0903255
0.100891
0.0798394
0.186248
0.129025
0.291275
0.242448
0.254589
0.331321
0.120645
0.18746
0.210637
0.0297366
0.136508
0.269854
0.260628
