0.265093
0.31552
0.14771
0.26349
0.263468
0.269927
0.253697
0.38384
0.337805
0.259053
0.101333
0.368257
0.24737
0.254467
0.0547139
0.120335
0.285839
0.234885
0.337596
0.282407
0.281556
0.132506
0.303834
0.234716
0.170487
0.139277
0.289304
0.111035
0.0867229
0.392114
0.0724171
0.213635
0.215877
0.213515
0.168869
0.205696
0.176897
0.395068
0.241751
0.0880742
0.108225
0.140708
0.259849
0.155995
0.11767
0.243217
0.315281
0.308259
0.246786
0.322255
0.289087
0.0372971
0.131193
0.383445
0.428468
0.325765
0.173052
0.141907
0.105111
0.406816
0.0859444
0.228892
0.181098
0.126732
0.173769
0.271585
0.221165
0.469122
0.124456
0.19558
0.14718
0.207659
0.122297
0.218522
0.134885
0.356019
0.0944023
0.137716
0.372671
0.180499
0.160248
0.521267
0.176709
0.193666
0.316512
0.233325
0.199311
0.28195
0.480688
0.371712
0.315821
0.293194
0.171105
0.104994
0.163802
0.249357
0.174351
0.102771
0.199063
0.288731
