0.280747
0.0808605
0.443638
0.258219
0.13364
0.175795
0.231716
0.208989
0.385639
0.279759
0.108419
0.265945
0.11496
0.133577
0.124792
0.297816
0.318027
0.344437
0.304285
0.159345
0.170687
0.10552
0.0583479
0.204925
0.222231
0.0441273
0.175357
0.141403
0.177017
0.0700969
0.249096
0.191564
0.30982
0.173446
0.384412
0.307211
0.351252
0.382598
0.182996
0.326779
0.339941
0.239685
0.265697
0.235902
0.180641
0.0268195
0.299261
0.366592
0.219004
0.340823
0.163778
0.28385
0.111091
0.408771
0.0624476
0.170006
0.337912
0.214
0.159884
0.289859
0.313241
0.340938
0.17471
0.113708
0.481382
0.201726
0.262385
0.335652
0.244528
0.0766193
0.163054
0.207814
0.356272
0.110734
0.269398
0.335873
0.25082
0.215374
0.321669
0.202727
0.0914211
0.265094
0.393602
0.0794399
0.368563
0.264377
0.244329
0.299802
0.120487
0.138529
0.0718843
0.0919895
0.157538
0.302333
0.147241
0.279841
0.336207
0.190516
0.294373
0.203148
