0.353265
0.201043
0.029391
0.0874947
0.359015
0.287457
0.251719
0.404635
0.185426
0.124355
0.425323
0.181075
0.168343
0.189035
0.440808
0.257138
0.22448
0.0661062
0.129989
0.138035
0.299665
0.229596
0.276396
0.184941
0.0716199
0.1883
0.285945
0.314403
0.142149
0.381046
0.173469
0.127974
0.214329
0.0784288
0.270794
0.306119
0.313853
0.122378
0.171523
0.0463392
0.158307
0.204706
0.207754
0.130983
0.0638602
0.301392
0.161264
0.141438
0.404328
0.120641
0.198695
0.306136
0.267396
0.169719
0.225507
0.105526
0.17682
0.183629
0.453616
0.151966
0.105313
0.241774
0.50224
0.065834
0.249317
0.177373
0.425374
0.261302
0.163012
0.235223
0.194631
0.193992
0.273149
0.244308
0.285998
0.178429
0.216482
0.303463
0.124642
0.366979
0.240816
0.272742
0.261692
0.123955
0.140988
0.200494
0.109136
0.30854
0.318989
0.3351
0.547793
0.272766
0.244241
0.0957558
0.0470763
0.192746
0.530474
0.184569
0.289526
0.173386
