0.287079
0.150952
0.318212
0.317181
0.387487
0.145714
0.247406
0.287085
0.169368
0.258083
0.155116
0.206907
0.164562
0.178413
0.356638
0.233073
0.248834
0.221324
0.273028
0.183527
0.231905
0.294653
0.111597
0.289748
0.164088
0.148448
0.13018
0.20083
0.441294
0.16455
0.418871
0.233714
0.338895
0.314365
0.109984
0.393829
0.146138
0.172465
0.123416
0.23938
0.225098
0.432443
0.235587
0.179143
0.351537
0.162393
0.154626
0.201397
0.208928
0.179528
0.0874747
0.210363
0.095267
0.42628
0.259496
0.111838
0.191731
0.0491875
0.186848
0.151409
0.343804
0.123016
0.343433
0.33173
0.295273
0.154467
0.181989
0.286811
0.271623
0.374683
0.224608
0.220202
0.367371
0.096989
0.130281
0.364275
0.167517
0.163608
0.408724
0.143499
0.117724
0.126436
0.235901
0.266785
0.134093
0.105645
0.0872045
0.125843
0.319907
0.465832
0.141089
0.302631
0.331828
0.179214
0.360034
0.244608
0.331755
0.253595
0.18381
0.232676
