0.243361
0.0842293
0.31529
0.459788
0.29643
0.222114
0.429895
0.190244
0.426051
0.154497
0.177229
0.37155
0.121024
0.100259
0.0946854
0.276087
0.366429
0.415722
0.243159
0.180624
0.21078
0.608855
0.319997
0.107248
0.262777
0.169856
0.276642
0.160422
0.401413
0.120221
0.291622
0.149052
0.238575
0.306376
0.2852
0.209337
0.177592
0.15904
0.265165
0.290759
0.193995
0.18744
0.105452
0.279628
0.122595
0.421637
0.228225
0.16173
0.209461
0.353966
0.189732
0.282953
0.294689
0.261822
0.193508
0.391785
0.194991
0.216868
0.304309
0.155468
0.157096
0.0796139
0.0789683
0.116325
0.185845
0.203668
0.153634
0.135912
0.120359
0.172512
0.288676
0.0588631
0.26409
0.0373074
0.232997
0.139213
0.10728
0.139257
0.192229
0.455709
0.423606
0.263235
0.119907
0.287454
0.204621
0.168041
0.213277
0.0329429
0.205499
0.161527
0.33681
0.258978
0.0778065
0.118738
0.186664
0.25821
0.264841
0.391069
0.16097
0.250443
