0.159641
0.263867
0.280208
0.334012
0.222783
0.0747407
0.149704
0.143126
0.395009
0.234361
0.313748
0.124577
0.172694
0.167139
0.130733
0.25786
0.137921
0.188238
0.23844
0.509886
0.177182
0.22402
0.399988
0.269105
0.30642
0.198588
0.365808
0.273636
0.213727
0.0606653
0.296414
0.121086
0.190682
0.494031
0.143772
0.119642
0.176048
0.16835
0.270913
0.317204
0.101217
0.262114
0.251568
0.258134
0.248112
0.225982
0.0840148
0.333768
0.162376
0.253078
0.339553
0.288978
0.207961
0.266
0.303866
0.307382
0.278742
0.146947
0.281579
0.159409
0.287085
0.145343
0.0962347
0.293422
0.175517
0.26926
0.216779
0.120129
0.167427
0.122851
0.189875
0.238545
0.354381
0.23485
0.290531
0.145819
0.339762
0.237179
0.257666
0.338098
0.128838
0.372577
0.202703
0.337901
0.178592
0.166346
0.137804
0.168277
0.267614
0.409403
0.181597
0.241766
0.106385
0.116475
0.236447
0.379059
0.322322
0.322544
0.205274
0.27793
