0.240907
0.121017
0.290119
0.195642
0.205877
0.450498
0.277157
0.333851
0.301336
0.235164
0.13002
0.18395
0.273585
0.214222
0.176071
0.240921
0.246024
0.165322
0.272209
0.0678405
0.0642798
0.204627
0.209598
0.254759
0.13181
0.170125
0.25158
0.0890074
0.24208
0.265658
0.340614
0.347332
0.143095
0.258504
0.138477
0.12265
0.202021
0.394798
0.223289
0.184985
0.0866485
0.388322
0.0648776
0.314582
0.241701
0.0732508
0.192367
0.114056
0.247078
0.279624
0.443882
0.196549
0.294649
0.270175
0.132289
0.493032
0.246257
0.213922
0.482805
0.189495
0.38145
0.217116
0.255733
0.200948
0.315795
0.261223
0.299339
0.228542
0.068409
0.240676
0.381753
0.122375
0.203021
0.112326
0.133282
0.292443
0.244543
0.139463
0.117019
0.127032
0.0752036
0.292694
0.427738
0.204269
0.0547892
0.356489
0.380036
0.433723
0.300524
0.204245
0.279687
0.218685
0.165444
0.135122
0.176414
0.305636
0.116509
0.266395
0.131855
0.23467
