0.23776
0.0911841
0.254132
0.323938
0.310158
0.185851
0.216388
0.134137
0.308685
0.258317
0.216089
0.203029
0.230571
0.151653
0.215417
0.108094
0.0660278
0.358511
0.440532
0.252019
0.166195
0.224266
0.183997
0.192734
0.184755
0.174271
0.206879
0.189699
0.121303
0.244695
0.165293
0.196587
0.337032
0.154482
0.170059
0.247025
0.185832
0.204034
0.098025
0.176538
0.24641
0.106777
0.339129
0.172705
0.162543
0.256724
0.119842
0.0491139
0.197925
0.306454
0.341401
0.294178
0.0886964
0.180438
0.0685198
0.19663
0.460178
0.0652798
0.025713
0.20209
0.270964
0.189604
0.246605
0.44244
0.260132
0.258441
0.294164
0.288081
0.210654
0.354846
0.372529
0.177471
0.447967
0.406984
0.257513
0.238772
0.193535
0.16434
0.298523
0.276906
0.24321
0.225538
0.420329
0.431514
0.181225
0.172791
0.116135
0.300923
0.356098
0.323805
0.17901
0.239048
0.195191
0.0856314
0.440251
0.328717
0.27063
0.309758
0.165061
0.173706
