0.0839887
0.115323
0.209139
0.242391
0.276141
0.170041
0.361286
0.642365
0.329689
0.123403
0.081518
0.237286
0.162584
0.0610888
0.132629
0.163245
0.422235
0.389521
0.15805
0.170433
0.199518
0.17348
0.343744
0.180663
0.0924887
0.173038
0.248502
0.381053
0.0903687
0.182051
0.312937
0.111172
0.0727684
0.201577
0.300548
0.148372
0.284112
0.350731
0.413937
0.144848
0.390893
0.29795
0.219103
0.283092
0.302318
0.163117
0.281407
0.0800557
0.31353
0.310968
0.466613
0.11374
0.214434
0.160557
0.345994
0.0926482
0.25668
0.174569
0.292899
0.357584
0.225731
0.193691
0.271616
0.106059
0.281684
0.288893
0.194814
0.175606
0.219227
0.184044
0.0949392
0.227296
0.184334
0.375265
0.206494
0.118244
0.106822
0.111573
0.0523684
0.326737
0.160831
0.196298
0.171651
0.327872
0.218381
0.323799
0.0829439
0.305648
0.20973
0.186668
0.0973411
0.298042
0.258435
0.445162
0.127262
0.303171
0.160514
0.108218
0.417987
0.152646
