0.137918
0.0981003
0.172056
0.0688685
0.196342
0.242036
0.290218
0.179738
0.208495
0.115378
0.421812
0.361486
0.186261
0.128648
0.388478
0.224204
0.198284
0.310845
0.129636
0.218781
0.247245
0.213768
0.25892
0.224938
0.368672
0.259077
0.243466
0.0919361
0.278959
0.126512
0.205165
0.351748
0.228112
0.446447
0.191741
0.189555
0.151043
0.212152
0.530729
0.121294
0.190647
0.183097
0.322841
0.0392141
0.115378
0.132564
0.184495
0.143962
0.214016
0.170955
0.27223
0.116881
0.10588
0.233208
0.174816
0.334052
0.169384
0.21405
0.257609
0.312982
0.223925
0.129995
0.40511
0.158296
0.342054
0.167227
0.256133
0.229731
0.252755
0.200498
0.196384
0.295889
0.232454
0.302564
0.273569
0.154311
0.125948
0.421688
0.299322
0.187136
0.400192
0.283955
0.26308
0.185274
0.193415
0.154738
0.399233
0.249078
0.228695
0.10336
0.114726
0.138506
0.536695
0.361397
0.285065
0.317235
0.271849
0.275689
0.126349
0.199993
