0.157733
0.0501347
0.154509
0.23943
0.227572
0.14999
0.246697
0.268218
0.281023
0.18928
0.204762
0.226487
0.239253
0.319569
0.438628
0.247832
0.22179
0.357558
0.317287
0.40369
0.338964
0.331996
0.186535
0.21185
0.11605
0.466994
0.185375
0.14171
0.271167
0.0778637
0.304868
0.233338
0.104493
0.072248
0.276738
0.297246
0.171326
0.18088
0.149083
0.0475521
0.287729
0.14059
0.357279
0.277412
0.152454
0.114756
0.172233
0.390614
0.318724
0.343961
0.127197
0.268546
0.0567434
0.131167
0.386481
0.23419
0.23059
0.263088
0.337127
0.113189
0.195713
0.124849
0.21136
0.329898
0.342298
0.35694
0.330644
0.15059
0.184873
0.131822
0.202604
0.221598
0.222421
0.26184
0.235526
0.331469
0.254544
0.291899
0.304785
0.127288
0.119722
0.163372
0.183489
0.327209
0.353911
0.222578
0.102098
0.20867
0.183533
0.167017
0.337947
0.236525
0.177569
0.25425
0.303207
0.217126
0.435666
0.101476
0.288928
0.224272
