0.241838
0.304557
0.176357
0.111331
0.342746
0.20638
0.191444
0.420677
0.281023
0.19591
0.234601
0.170525
0.163514
0.246622
0.219159
0.331428
0.136853
0.262795
0.125164
0.284336
0.460146
0.170747
0.10779
0.361215
0.270648
0.129712
0.162483
0.239161
0.312939
0.0517652
0.323939
0.389922
0.180568
0.211308
0.340555
0.494582
0.26177
0.197138
0.101476
0.149364
0.299756
0.382734
0.279321
0.301672
0.319685
0.340604
0.383821
0.318625
0.144103
0.242455
0.33023
0.18841
0.281268
0.320505
0.34865
0.240856
0.0903572
0.244616
0.241257
0.236869
0.0964213
0.266288
0.358607
0.0882582
0.0283738
0.282431
0.196189
0.331496
0.167151
0.2025
0.185395
0.263927
0.21332
0.179311
0.370296
0.28269
0.0903169
0.181897
0.210101
0.32399
0.21506
0.361351
0.15908
0.361426
0.111046
0.118665
0.134198
0.10382
0.210487
0.0781365
0.140033
0.132932
0.209993
0.147474
0.227198
0.172581
0.248557
0.283825
0.149114
0.164357
