0.263581
0.179709
0.215807
0.283686
0.195576
0.234301
0.203656
0.420981
0.306042
0.249807
0.108168
0.184241
0.247969
0.29879
0.228352
0.293269
0.298054
0.426917
0.0996844
0.109975
0.236133
0.395577
0.264206
0.309223
0.14344
0.093472
0.139496
0.234433
0.326343
0.105548
0.283504
0.0736663
0.271915
0.321927
0.046657
0.276657
0.336397
0.215679
0.0982795
0.222731
0.472474
0.220138
0.345551
0.158108
0.143916
0.184914
0.162353
0.286194
0.184354
0.192361
0.231973
0.146968
0.380411
0.212009
0.414386
0.246263
0.0460357
0.317634
0.115633
0.335326
0.201768
0.402713
0.166134
0.184235
0.128274
0.451997
0.404574
0.0479407
0.20973
0.330941
0.377992
0.245157
0.29436
0.338251
0.301367
0.191537
0.116915
0.246444
0.0954302
0.360462
0.050164
0.051127
0.184255
0.163321
0.154894
0.12774
0.154221
0.197708
0.200972
0.0842407
0.124635
0.215454
0.238669
0.173627
0.112503
0.399464
0.22567
0.23938
0.37525
0.229279
