0.309586
0.351587
0.190386
0.137903
0.200098
0.371867
0.278192
0.314451
0.170232
0.150048
0.176275
0.188141
0.167259
0.302045
0.135541
0.115582
0.212876
0.1364
0.374109
0.288716
0.117973
0.234503
0.171653
0.160408
0.282071
0.189897
0.197543
0.0782613
0.311901
0.191555
0.11608
0.401398
0.233656
0.384478
0.227479
0.282715
0.158242
0.126663
0.222275
0.278474
0.342723
0.280132
0.30778
0.300977
0.191073
0.0870267
0.213319
0.226801
0.477338
0.331662
0.149346
0.184652
0.23054
0.162044
0.15333
0.257124
0.245349
0.394126
0.220813
0.260862
0.405709
0.100581
0.286396
0.225303
0.229914
0.155168
0.241468
0.32384
0.275997
0.172279
0.148764
0.122544
0.164429
0.164122
0.280388
0.163976
0.583643
0.137976
0.342377
0.104503
0.114808
0.289818
0.104798
0.341903
0.251814
0.214241
0.223474
0.168103
0.32418
0.256389
0.312971
0.230287
0.229794
0.251458
0.159568
0.355342
0.200101
0.255295
0.273761
0.17566
