0.258549
0.126027
0.193753
0.171635
0.0759694
0.366628
0.302713
0.16216
0.269187
0.163592
0.288457
0.222909
0.203185
0.108153
0.327031
0.0892107
0.11213
0.316046
0.345591
0.320333
0.27602
0.405678
0.259674
0.378277
0.101441
0.16657
0.170637
0.104231
0.183922
0.204336
0.237453
0.191228
0.11249
0.291962
0.265486
0.0942063
0.202446
0.118283
0.0830669
0.22455
0.228331
0.228146
0.203205
0.285351
0.268871
0.287579
0.21191
0.125895
0.261035
0.0898178
0.361317
0.208495
0.137729
0.316379
0.248974
0.144439
0.134626
0.258929
0.353801
0.142004
0.298199
0.26454
0.448137
0.146141
0.244241
0.387684
0.341876
0.0739647
0.579272
0.183195
0.277721
0.224737
0.272332
0.24081
0.304458
0.141496
0.147264
0.0122002
0.155092
0.168052
0.21187
0.358924
0.300155
0.504082
0.229686
0.181247
0.16715
0.283147
0.142336
0.220391
0.360144
0.265387
0.280044
0.250756
0.0700128
0.240095
0.283048
0.297148
0.262046
0.210441
