0.219273
0.0489336
0.374055
0.222378
0.116027
0.229423
0.221923
0.26873
0.227258
0.280069
0.28842
0.35187
0.226018
0.357224
0.116918
0.421981
0.325847
0.366591
0.11625
0.130634
0.114046
0.216088
0.270912
0.238568
0.183302
0.137909
0.311297
0.204046
0.215461
0.256945
0.315089
0.0816478
0.151627
0.319027
0.336778
0.189353
0.12339
0.309574
0.292141
0.239715
0.341181
0.217817
0.240773
0.28426
0.197038
0.210136
0.361995
0.24405
0.272585
0.220289
0.374945
0.232943
0.113817
0.163505
0.161626
0.159531
0.285163
0.221728
0.235902
0.126711
0.347092
0.108636
0.400574
0.131931
0.146367
0.141265
0.166383
0.301249
0.24173
0.235433
0.145536
0.134341
0.288846
0.428018
0.187444
0.234899
0.169767
0.363656
0.113973
0.242283
0.362142
0.231747
0.501197
0.263937
0.137247
0.242453
0.12788
0.22537
0.309435
0.209769
0.119261
0.125087
0.150769
0.114462
0.300557
0.250224
0.234072
0.232345
0.35074
0.275157
