0.264687
0.188927
0.283406
0.240854
0.316935
0.218363
0.218232
0.424568
0.410572
0.249807
0.108168
0.0741299
0.118823
0.164617
0.316745
0.307723
0.298054
0.26041
0.0996844
0.0987778
0.16506
0.179629
0.168475
0.326863
0.275002
0.155993
0.0980614
0.103038
0.0909975
0.105548
0.308684
0.0736663
0.26297
0.357789
0.046657
0.193758
0.40996
0.355015
0.303547
0.222731
0.472474
0.303513
0.242284
0.298258
0.143916
0.271373
0.192228
0.313847
0.0839112
0.108569
0.140229
0.276127
0.348738
0.212009
0.103408
0.16159
0.321919
0.311333
0.273591
0.274785
0.354044
0.201293
0.0801025
0.0637045
0.257863
0.28423
0.231026
0.0479407
0.33216
0.173567
0.377992
0.245157
0.347381
0.179314
0.362105
0.210695
0.0562267
0.160961
0.234264
0.26564
0.0839747
0.325555
0.150363
0.410731
0.291301
0.12774
0.154221
0.243735
0.143071
0.325388
0.124635
0.276122
0.217051
0.344379
0.145674
0.336069
0.147956
0.23938
0.193898
0.412834
