0.122304
0.183687
0.267849
0.216057
0.363562
0.203912
0.301719
0.353894
0.143313
0.0476443
0.227564
0.390141
0.120947
0.148269
0.313977
0.225714
0.0685914
0.141338
0.246047
0.350559
0.416122
0.355786
0.0924126
0.372546
0.160508
0.262217
0.300031
0.223035
0.143367
0.297167
0.0827934
0.339048
0.373405
0.290862
0.148877
0.16508
0.120514
0.10306
0.131034
0.315069
0.145349
0.318091
0.248208
0.205144
0.238309
0.124421
0.146595
0.253272
0.305529
0.32563
0.156214
0.239314
0.215637
0.278749
0.354019
0.132636
0.325107
0.256708
0.121175
0.225381
0.227939
0.264635
0.228856
0.367689
0.150247
0.41146
0.157642
0.199614
0.224651
0.297491
0.236995
0.203853
0.401126
0.250469
0.442269
0.273677
0.0785159
0.118066
0.428895
0.196367
0.161684
0.22837
0.187509
0.0794399
0.490433
0.383804
0.142498
0.149224
0.204588
0.30839
0.286559
0.0904479
0.103575
0.279491
0.203863
0.10962
0.164107
0.219095
0.160033
0.124939
