0.24116
0.300646
0.21671
0.333892
0.151648
0.234906
0.261836
0.360081
0.274597
0.186372
0.274167
0.28115
0.226963
0.423888
0.136427
0.187414
0.307015
0.136973
0.0994244
0.298892
0.225046
0.311847
0.45677
0.227843
0.197091
0.230248
0.258658
0.212489
0.073345
0.292823
0.2261
0.196508
0.185483
0.106631
0.350824
0.220026
0.265906
0.320351
0.31242
0.113966
0.229389
0.229731
0.135097
0.18669
0.133389
0.369778
0.159446
0.158993
0.272626
0.117953
0.254704
0.203986
0.502896
0.277671
0.369537
0.18546
0.283437
0.145234
0.259967
0.206342
0.168455
0.248598
0.247748
0.254154
0.143458
0.16341
0.178515
0.428751
0.210884
0.350843
0.189205
0.270207
0.190692
0.239623
0.340478
0.196413
0.128676
0.231746
0.230823
0.277979
0.383922
0.270854
0.278613
0.158286
0.262129
0.205124
0.234375
0.201456
0.105524
0.169433
0.267999
0.185117
0.313589
0.272641
0.147888
0.113968
0.324673
0.147973
0.236956
0.261553
