0.131237
0.169309
0.234245
0.108682
0.175561
0.298281
0.195336
0.348952
0.286792
0.283809
0.354017
0.162703
0.198485
0.107917
0.312997
0.193891
0.191813
0.217547
0.255629
0.278905
0.203653
0.255776
0.304825
0.132755
0.315079
0.171951
0.293373
0.110382
0.261594
0.148766
0.216445
0.180943
0.219486
0.187244
0.125492
0.278097
0.380213
0.29265
0.221804
0.248827
0.160871
0.295682
0.349322
0.334928
0.240654
0.15393
0.32988
0.160757
0.207062
0.229869
0.430627
0.235462
0.102803
0.217565
0.0965563
0.199311
0.258586
0.301278
0.290848
0.0959148
0.398397
0.170337
0.257186
0.177618
0.267278
0.449331
0.20849
0.246748
0.359955
0.160617
0.371647
0.0829928
0.265561
0.100638
0.104905
0.222538
0.388306
0.28873
0.185399
0.210625
0.205125
0.099711
0.16436
0.127495
0.197149
0.143662
0.069884
0.149301
0.229912
0.214296
0.185607
0.0741795
0.261349
0.297457
0.415351
0.477611
0.360251
0.265038
0.178999
0.45874
