0.449166
0.217843
0.17834
0.1405
0.311782
0.183914
0.410017
0.162958
0.199812
0.303165
0.335254
0.267061
0.162603
0.151653
0.264225
0.0812765
0.335194
0.271098
0.253478
0.353178
0.221061
0.260076
0.0964777
0.203728
0.192968
0.284316
0.173556
0.262957
0.193373
0.307123
0.257924
0.188134
0.291216
0.154482
0.130518
0.202803
0.153602
0.204034
0.109113
0.176538
0.296245
0.270052
0.144035
0.172705
0.162543
0.197154
0.283903
0.200436
0.18406
0.265563
0.291005
0.304872
0.397411
0.0742603
0.0977462
0.130704
0.40399
0.124397
0.0515365
0.137852
0.309226
0.181884
0.246605
0.44244
0.165142
0.258441
0.294164
0.288081
0.234357
0.142386
0.42344
0.177471
0.118033
0.303038
0.257513
0.13033
0.115124
0.174129
0.225542
0.104427
0.254818
0.165431
0.420329
0.431514
0.135942
0.172791
0.205066
0.277406
0.356098
0.351127
0.241274
0.335028
0.108186
0.163626
0.378623
0.328717
0.325713
0.258903
0.280293
0.173706
