0.260451
0.212202
0.33267
0.152715
0.174679
0.180487
0.265705
0.275608
0.181508
0.164887
0.404862
0.184241
0.247969
0.29879
0.228352
0.227735
0.298054
0.342413
0.0996844
0.109975
0.104602
0.132935
0.308611
0.22064
0.14344
0.171507
0.239784
0.234433
0.271683
0.371972
0.283504
0.154974
0.100073
0.36673
0.144748
0.331388
0.182618
0.281823
0.321414
0.146997
0.258363
0.274333
0.396748
0.132548
0.25241
0.249388
0.209262
0.162079
0.184354
0.209228
0.180929
0.25804
0.2181
0.127594
0.189597
0.240519
0.302717
0.368927
0.086946
0.278256
0.227375
0.402713
0.234736
0.158145
0.338447
0.508287
0.404574
0.207427
0.20973
0.175661
0.304076
0.131809
0.184726
0.348933
0.301367
0.230477
0.0614008
0.247962
0.166172
0.508514
0.140065
0.234771
0.118124
0.163321
0.14515
0.189438
0.155274
0.17539
0.19333
0.109471
0.249941
0.250807
0.102351
0.412607
0.164308
0.401443
0.233493
0.174862
0.316362
0.249339
