0.311238
0.320126
0.342353
0.412541
0.209399
0.128235
0.14587
0.307327
0.298696
0.31378
0.13272
0.189624
0.191964
0.142112
0.358952
0.406887
0.343685
0.193063
0.305341
0.165277
0.235786
0.284918
0.456745
0.213253
0.187322
0.198588
0.177707
0.155548
0.257698
0.195602
0.260008
0.14097
0.249925
0.261728
0.3216
0.23462
0.265715
0.114747
0.258992
0.306355
0.101217
0.0803211
0.14394
0.246555
0.200341
0.260453
0.0705076
0.445429
0.187496
0.337722
0.149404
0.304903
0.241968
0.236898
0.318759
0.195818
0.168618
0.267428
0.310263
0.166761
0.23928
0.111848
0.123893
0.168141
0.146993
0.0877723
0.13509
0.200524
0.320524
0.0447197
0.263808
0.20857
0.180616
0.438437
0.180298
0.11778
0.131962
0.126842
0.339579
0.236222
0.191273
0.387601
0.290581
0.274466
0.213632
0.263255
0.332523
0.261914
0.182356
0.261049
0.285607
0.289465
0.186499
0.309397
0.381135
0.344464
0.0450643
0.293968
0.0523855
0.174725
