0.324763
0.162565
0.536741
0.194474
0.209824
0.256044
0.162285
0.190197
0.328507
0.25622
0.187598
0.179225
0.281526
0.343965
0.285426
0.148428
0.184362
0.150435
0.214726
0.16393
0.172759
0.216761
0.136894
0.237441
0.296568
0.25624
0.209516
0.287477
0.246104
0.149747
0.306377
0.111987
0.207255
0.505514
0.25481
0.287749
0.138456
0.313281
0.279193
0.346098
0.212174
0.103379
0.390776
0.20834
0.164768
0.170751
0.45285
0.147515
0.239482
0.136365
0.0914486
0.364405
0.167466
0.172626
0.259371
0.303056
0.181653
0.311906
0.118693
0.149879
0.261866
0.201905
0.144477
0.23808
0.168294
0.202026
0.223097
0.069713
0.286246
0.253396
0.149808
0.184042
0.211187
0.302281
0.297782
0.157739
0.307632
0.244358
0.265379
0.401777
0.38801
0.106503
0.170243
0.310864
0.15861
0.212398
0.114026
0.278124
0.305627
0.199273
0.101697
0.227781
0.306823
0.174499
0.186003
0.342148
0.272981
0.14786
0.186546
0.479742
