0.24656
0.123671
0.239582
0.18775
0.284297
0.222493
0.304533
0.601174
0.266682
0.277623
0.274873
0.355361
0.344088
0.360044
0.139719
0.158958
0.267025
0.240016
0.187307
0.230855
0.303324
0.18689
0.176393
0.274441
0.0892973
0.191943
0.250999
0.12976
0.334849
0.201396
0.318096
0.191693
0.368099
0.238786
0.239387
0.127078
0.228083
0.0887014
0.0680578
0.267984
0.221465
0.174768
0.116106
0.104499
0.312762
0.163877
0.226252
0.392191
0.0636726
0.140951
0.216408
0.219421
0.223101
0.296021
0.284987
0.081794
0.256761
0.313902
0.0958192
0.137739
0.168299
0.312204
0.28194
0.342454
0.434804
0.14551
0.290692
0.277309
0.300922
0.222054
0.0996182
0.190545
0.274809
0.382116
0.167871
0.312484
0.151856
0.201538
0.282714
0.232096
0.146236
0.43408
0.151101
0.253993
0.250935
0.0889104
0.328224
0.390325
0.191606
0.288972
0.102624
0.0914809
0.236338
0.319663
0.234939
0.186957
0.20394
0.210831
0.260798
0.14359
