0.243442
0.292622
0.449478
0.327313
0.087138
0.149922
0.109383
0.285007
0.162349
0.201964
0.160393
0.169001
0.197981
0.19014
0.335922
0.148375
0.147104
0.367612
0.208935
0.128893
0.389461
0.0797403
0.213011
0.313656
0.13548
0.188156
0.197038
0.276889
0.299417
0.109128
0.104024
0.345795
0.115804
0.289969
0.220992
0.289217
0.281261
0.335124
0.167991
0.203713
0.445058
0.28253
0.0942845
0.106756
0.372461
0.220884
0.205586
0.187056
0.26139
0.151731
0.284124
0.211779
0.118948
0.21598
0.206782
0.295243
0.282347
0.391942
0.297568
0.21908
0.101097
0.33437
0.246037
0.385602
0.316596
0.18308
0.266682
0.211598
0.250344
0.158579
0.217151
0.168835
0.337889
0.279275
0.311839
0.209661
0.335766
0.166475
0.295058
0.0788626
0.181391
0.22025
0.208356
0.286452
0.421006
0.243692
0.202374
0.142208
0.242299
0.214164
0.144549
0.171481
0.229935
0.269964
0.375982
0.36755
0.183186
0.103231
0.276547
0.308978
