0.22507
0.365494
0.251446
0.206401
0.178677
0.164816
0.290019
0.146359
0.322655
0.424883
0.364027
0.191171
0.169424
0.381933
0.380246
0.280219
0.133732
0.300124
0.152316
0.309542
0.314655
0.29604
0.258924
0.176707
0.203552
0.237206
0.246212
0.329627
0.298096
0.361536
0.246862
0.183347
0.276429
0.100111
0.252452
0.200511
0.200738
0.181699
0.220643
0.136062
0.386845
0.174738
0.295198
0.0753881
0.307021
0.118235
0.249677
0.0931109
0.143557
0.156595
0.209731
0.31695
0.283151
0.247839
0.271468
0.25881
0.124857
0.246503
0.0678504
0.281095
0.153876
0.294134
0.244901
0.277226
0.268235
0.223024
0.155484
0.139516
0.250953
0.122313
0.172958
0.153648
0.259325
0.154764
0.305084
0.187047
0.22016
0.190784
0.222582
0.411959
0.199674
0.355289
0.411311
0.208608
0.265057
0.176914
0.228635
0.287854
0.164892
0.347542
0.198296
0.30518
0.254561
0.19899
0.212079
0.211947
0.258489
0.424703
0.107477
0.140818
