0.194502
0.455769
0.25649
0.293523
0.136559
0.152639
0.291199
0.402765
0.150985
0.262132
0.275478
0.137831
0.304631
0.183047
0.329987
0.394896
0.29547
0.155165
0.428441
0.162115
0.193335
0.380222
0.183582
0.274802
0.150791
0.22724
0.203072
0.248151
0.143722
0.201377
0.0523033
0.215576
0.209255
0.148038
0.126155
0.263686
0.280273
0.140733
0.24308
0.157703
0.269602
0.385372
0.210691
0.318528
0.15248
0.198381
0.235301
0.32859
0.209248
0.209606
0.201974
0.152206
0.137171
0.389698
0.321384
0.257633
0.21718
0.293227
0.200168
0.272917
0.234791
0.357021
0.140264
0.431315
0.195634
0.207052
0.221716
0.354881
0.336648
0.273123
0.18929
0.211847
0.274361
0.122057
0.221524
0.231111
0.109901
0.337001
0.0923188
0.396968
0.129965
0.275661
0.23359
0.253556
0.136706
0.212775
0.194339
0.16269
0.301315
0.173265
0.200873
0.116705
0.230222
0.276741
0.242257
0.28164
0.279658
0.257166
0.215147
0.222025
