0.306755
0.288861
0.358327
0.139049
0.256891
0.211105
0.29853
0.219583
0.240254
0.323251
0.316373
0.321316
0.4305
0.297665
0.268724
0.0870006
0.382487
0.115574
0.182129
0.306056
0.148252
0.230927
0.186222
0.209011
0.338303
0.158713
0.148265
0.321736
0.235716
0.318793
0.223784
0.158956
0.107928
0.110218
0.0597466
0.278082
0.409603
0.225247
0.075999
0.213503
0.201602
0.146308
0.151727
0.178782
0.378114
0.212351
0.305129
0.267769
0.237499
0.215251
0.214243
0.0226212
0.227776
0.13523
0.33209
0.281107
0.127373
0.32158
0.251323
0.294714
0.24712
0.279159
0.345555
0.246198
0.243383
0.284437
0.191069
0.362567
0.17253
0.203753
0.183593
0.226493
0.12329
0.332724
0.0556493
0.132831
0.182579
0.282272
0.146195
0.27134
0.370195
0.232156
0.076666
0.228131
0.152757
0.302176
0.162218
0.162053
0.248158
0.172289
0.273393
0.220712
0.143159
0.412562
0.198928
0.327331
0.301262
0.40895
0.275478
0.23833
