0.27222
0.253721
0.0373619
0.233734
0.351716
0.218754
0.225513
0.324336
0.174646
0.173309
0.411577
0.186008
0.181337
0.0709101
0.184255
0.335129
0.24801
0.12407
0.368636
0.0795797
0.0912974
0.200893
0.199581
0.102588
0.205129
0.321613
0.263028
0.362521
0.186077
0.0449522
0.155031
0.176026
0.248809
0.133623
0.300113
0.227325
0.169001
0.278326
0.307695
0.267222
0.43064
0.241159
0.363409
0.192272
0.276005
0.415756
0.358526
0.107884
0.199716
0.319701
0.301215
0.23584
0.163055
0.234382
0.293625
0.263513
0.24592
0.28312
0.321543
0.465565
0.226479
0.385119
0.352558
0.10358
0.155537
0.292904
0.0991255
0.239789
0.203935
0.130572
0.131957
0.236631
0.116709
0.0940783
0.440828
0.0969583
0.254819
0.159129
0.281463
0.130083
0.350609
0.134351
0.339792
0.27818
0.0949719
0.200581
0.269472
0.116481
0.0743993
0.512103
0.205043
0.147003
0.0957798
0.0590226
0.254399
0.375806
0.136529
0.284875
0.147946
0.209239
