0.314785
0.105743
0.147133
0.438322
0.361326
0.12265
0.24451
0.156537
0.355521
0.2544
0.214556
0.380173
0.318288
0.199461
0.318542
0.210138
0.377786
0.170644
0.309822
0.144462
0.339411
0.35053
0.228105
0.407385
0.10834
0.343169
0.290019
0.146323
0.203365
0.249722
0.156613
0.131357
0.32271
0.0722722
0.277106
0.0933895
0.0960319
0.194679
0.335221
0.272671
0.231443
0.127039
0.372002
0.20459
0.116322
0.302586
0.303047
0.0796407
0.263287
0.238921
0.131506
0.214683
0.330594
0.458649
0.127192
0.240512
0.101761
0.109636
0.231074
0.313339
0.0514521
0.377467
0.312073
0.140509
0.309366
0.222982
0.309677
0.156076
0.248828
0.169537
0.169116
0.314716
0.290094
0.155669
0.255881
0.326494
0.124379
0.119376
0.299799
0.257664
0.333547
0.257897
0.105106
0.220082
0.376958
0.172446
0.321015
0.188281
0.147332
0.219641
0.160165
0.21803
0.111372
0.163209
0.124307
0.326059
0.302479
0.195785
0.176118
0.194807
