0.142844
0.112504
0.29407
0.35615
0.0827532
0.167353
0.16642
0.302777
0.227755
0.293034
0.343701
0.204609
0.271326
0.168246
0.314797
0.157157
0.35992
0.133182
0.125827
0.168701
0.121155
0.229635
0.240338
0.291303
0.292602
0.230316
0.167456
0.184789
0.233646
0.46072
0.19077
0.19083
0.147857
0.272686
0.178531
0.122518
0.231704
0.241409
0.369319
0.214545
0.219117
0.248212
0.246854
0.287832
0.210543
0.0805423
0.0729713
0.0810849
0.384615
0.312828
0.195197
0.196181
0.192829
0.138394
0.208545
0.290407
0.282666
0.445765
0.0938033
0.103222
0.247594
0.12382
0.239848
0.502076
0.353103
0.237908
0.171435
0.191456
0.132703
0.31801
0.285373
0.236087
0.16897
0.275099
0.155544
0.292185
0.0939348
0.317445
0.283978
0.201151
0.237599
0.265043
0.371161
0.30243
0.105831
0.411291
0.180942
0.30688
0.40759
0.262263
0.176178
0.217889
0.182933
0.205971
0.343781
0.11867
0.171311
0.0788136
0.339334
0.395137
