0.133293
0.231548
0.266728
0.217822
0.237186
0.227833
0.217058
0.0930117
0.276504
0.27331
0.289492
0.109688
0.250821
0.169081
0.357563
0.23957
0.0805926
0.251008
0.210717
0.218442
0.198612
0.407533
0.0735614
0.296479
0.291496
0.154477
0.154597
0.270182
0.323961
0.236163
0.253767
0.216357
0.187809
0.172793
0.457755
0.283214
0.193579
0.120015
0.38568
0.153098
0.112136
0.279897
0.155216
0.177341
0.264675
0.388087
0.303278
0.0841766
0.230336
0.247476
0.145418
0.250169
0.182025
0.288876
0.146055
0.286626
0.223103
0.208071
0.314272
0.232839
0.144654
0.138395
0.294443
0.154937
0.270766
0.441638
0.235541
0.405207
0.208401
0.247866
0.354772
0.201461
0.125589
0.300278
0.266833
0.165957
0.210975
0.228972
0.0827316
0.261809
0.240228
0.18848
0.127908
0.286822
0.308962
0.259889
0.211859
0.080449
0.229871
0.260328
0.254305
0.309005
0.21678
0.20547
0.299015
0.30162
0.396064
0.508219
0.160922
0.200487
