0.212925
0.328513
0.372278
0.311832
0.422188
0.254457
0.241853
0.23501
0.174642
0.322691
0.214558
0.330422
0.37808
0.121167
0.281165
0.206067
0.100977
0.350002
0.196899
0.233163
0.303931
0.0908523
0.158987
0.321421
0.163384
0.309453
0.147092
0.459518
0.282367
0.200934
0.217606
0.228394
0.238097
0.356544
0.0906988
0.302193
0.0619088
0.170911
0.230818
0.176288
0.323538
0.365617
0.158854
0.280173
0.260846
0.375521
0.0741086
0.240837
0.322903
0.274278
0.184435
0.105769
0.144321
0.290115
0.237581
0.243182
0.0976145
0.0975695
0.406056
0.217968
0.0804759
0.250346
0.15342
0.108936
0.222888
0.181414
0.367817
0.107377
0.317042
0.437585
0.272783
0.303053
0.198346
0.19298
0.140733
0.127606
0.152254
0.274292
0.0885005
0.05928
0.18839
0.153167
0.149869
0.157651
0.34004
0.422531
0.17358
0.165771
0.263649
0.0865398
0.240007
0.173211
0.236913
0.357851
0.26997
0.253283
0.243374
0.341579
0.167678
0.225061
