0.263581
0.179709
0.215807
0.240854
0.388035
0.212563
0.218232
0.420981
0.410572
0.249807
0.108168
0.184241
0.118823
0.29879
0.254125
0.293269
0.298054
0.0984583
0.0996844
0.108948
0.236133
0.295834
0.168475
0.28409
0.0885432
0.0579902
0.139496
0.234433
0.326343
0.105548
0.308684
0.0736663
0.271915
0.321927
0.046657
0.130988
0.336397
0.215679
0.270291
0.222731
0.472474
0.237038
0.28412
0.186312
0.143916
0.184914
0.162353
0.295445
0.184354
0.262903
0.231973
0.146968
0.335555
0.212009
0.262394
0.246263
0.315873
0.317634
0.273591
0.274785
0.251338
0.402713
0.166134
0.184235
0.252634
0.451997
0.304598
0.0479407
0.20973
0.145094
0.377992
0.245157
0.43533
0.428226
0.459234
0.191537
0.261665
0.246444
0.0954302
0.261634
0.160011
0.051127
0.123959
0.059887
0.154894
0.12774
0.154221
0.0865117
0.200972
0.203915
0.124635
0.110274
0.26483
0.207078
0.112503
0.38845
0.332127
0.23938
0.29328
0.229279
