0.293888
0.0903915
0.168214
0.401137
0.201277
0.31866
0.216368
0.460475
0.139346
0.370971
0.120528
0.172506
0.137745
0.130446
0.125326
0.265686
0.351958
0.151952
0.323031
0.215365
0.148773
0.190595
0.0889447
0.376738
0.269229
0.215998
0.174845
0.108288
0.171969
0.173244
0.429451
0.212837
0.2225
0.175406
0.169634
0.272422
0.113489
0.467117
0.111198
0.364125
0.251117
0.140676
0.178991
0.208113
0.201348
0.30557
0.167714
0.293813
0.279578
0.406994
0.0978992
0.400933
0.121433
0.144822
0.218732
0.186523
0.133265
0.178993
0.282381
0.189931
0.265704
0.366337
0.210485
0.320436
0.0979742
0.347546
0.172622
0.167983
0.146606
0.148618
0.20524
0.209239
0.0957936
0.221008
0.495301
0.146322
0.202897
0.175172
0.339926
0.270282
0.172117
0.207096
0.14359
0.262965
0.410307
0.190197
0.186413
0.260241
0.13676
0.145935
0.271793
0.4623
0.0929817
0.247466
0.158169
0.371223
0.242731
0.35018
0.374404
0.121801
