0.251037
0.18953
0.275287
0.184774
0.289358
0.220987
0.118222
0.180132
0.267181
0.0744612
0.316489
0.480069
0.135077
0.176611
0.29242
0.0593028
0.181797
0.204855
0.208607
0.140714
0.296811
0.0798172
0.080745
0.294407
0.222359
0.291058
0.551155
0.166663
0.213484
0.266576
0.102322
0.203557
0.133304
0.20421
0.204665
0.167165
0.40622
0.161266
0.338293
0.247779
0.0847257
0.199847
0.327132
0.169812
0.242691
0.153275
0.186442
0.440435
0.34703
0.181572
0.1996
0.287503
0.316814
0.269158
0.177322
0.176536
0.312459
0.285875
0.31916
0.105135
0.280593
0.267352
0.313783
0.173653
0.187269
0.218837
0.368758
0.196604
0.233494
0.251989
0.243153
0.278337
0.245393
0.215515
0.234807
0.287707
0.393022
0.0398328
0.105514
0.212892
0.185828
0.274104
0.0312965
0.151707
0.337428
0.179027
0.391513
0.270813
0.249572
0.13393
0.24542
0.153252
0.247556
0.314147
0.127056
0.425627
0.284811
0.140435
0.386078
0.191312
