0.11417
0.398135
0.172056
0.0688685
0.196342
0.242036
0.290218
0.20213
0.208495
0.237007
0.312017
0.0478356
0.186261
0.128648
0.224657
0.224204
0.198284
0.300064
0.129636
0.277297
0.227748
0.248292
0.25892
0.224938
0.340589
0.259077
0.243466
0.177564
0.278959
0.126512
0.307943
0.356469
0.228112
0.186181
0.191741
0.189555
0.151043
0.126412
0.479129
0.438122
0.625286
0.183097
0.322841
0.0392141
0.0211471
0.12589
0.184495
0.179178
0.214016
0.170955
0.239282
0.116881
0.22331
0.233208
0.246839
0.264933
0.169384
0.0543823
0.257609
0.312982
0.223925
0.129995
0.40511
0.158296
0.328388
0.167227
0.256133
0.229731
0.356923
0.200498
0.196384
0.590211
0.195148
0.302564
0.273569
0.154311
0.147816
0.421688
0.296449
0.187136
0.327746
0.364334
0.214788
0.185274
0.193415
0.0523188
0.0774618
0.249078
0.268737
0.087214
0.122012
0.138506
0.301874
0.222045
0.285065
0.317235
0.240771
0.149476
0.126349
0.199993
