0.158289
0.0443884
0.210217
0.153967
0.175561
0.283867
0.158753
0.230725
0.422953
0.163103
0.294725
0.189272
0.146476
0.155792
0.118981
0.168996
0.388009
0.197599
0.469992
0.453452
0.405129
0.251527
0.143939
0.179314
0.0710307
0.161525
0.453908
0.103867
0.232925
0.23749
0.178985
0.199917
0.219486
0.0751916
0.179114
0.123761
0.178627
0.215872
0.256162
0.158434
0.294396
0.225337
0.237793
0.338316
0.201663
0.351854
0.295455
0.18243
0.207062
0.110953
0.199172
0.116299
0.505904
0.461026
0.0313439
0.207348
0.222265
0.301278
0.271975
0.375328
0.135656
0.188121
0.119855
0.189542
0.349874
0.256749
0.158045
0.0935036
0.210782
0.277073
0.357412
0.244197
0.279975
0.201368
0.104905
0.228763
0.42302
0.361184
0.153185
0.191229
0.23744
0.0862957
0.22968
0.295948
0.310913
0.393618
0.069884
0.192363
0.156158
0.297444
0.297504
0.262026
0.215654
0.323116
0.189569
0.196948
0.151869
0.166321
0.268872
0.281209
