0.208896
0.2002
0.126816
0.390524
0.0980406
0.297209
0.159106
0.386933
0.170817
0.184938
0.212292
0.371124
0.272659
0.366044
0.213711
0.433664
0.217201
0.292987
0.151956
0.161999
0.27528
0.138373
0.274928
0.17575
0.140324
0.107176
0.381317
0.141979
0.218206
0.204485
0.354181
0.244432
0.265601
0.167051
0.155326
0.285901
0.0384452
0.331478
0.261695
0.325099
0.0906989
0.347396
0.14287
0.186279
0.213869
0.0829585
0.100322
0.26082
0.160042
0.204822
0.154778
0.160707
0.240097
0.185913
0.0967922
0.165585
0.342064
0.225471
0.227184
0.353042
0.17631
0.213014
0.152172
0.141211
0.404234
0.254966
0.157639
0.152112
0.177943
0.197779
0.354465
0.233271
0.257145
0.248595
0.152848
0.18237
0.0961601
0.174895
0.330297
0.32525
0.419189
0.182585
0.227752
0.402975
0.381449
0.241797
0.410426
0.124558
0.252362
0.231285
0.178608
0.17745
0.269289
0.196504
0.289809
0.486337
0.378351
0.215509
0.241422
0.17009
