0.214916
0.126179
0.429651
0.249164
0.121358
0.0879295
0.236584
0.180282
0.349841
0.379924
0.0383412
0.3571
0.254689
0.122235
0.248116
0.171883
0.101384
0.282166
0.193741
0.182149
0.295273
0.448691
0.269269
0.254252
0.192723
0.0798408
0.147092
0.387524
0.168404
0.0986369
0.274796
0.27597
0.324186
0.18525
0.183584
0.218654
0.236907
0.256768
0.161928
0.219401
0.341744
0.294141
0.340845
0.247567
0.174215
0.365639
0.307481
0.169264
0.20961
0.185056
0.264096
0.055378
0.193067
0.240754
0.13362
0.256596
0.424129
0.0528224
0.21872
0.191387
0.125869
0.0929933
0.262602
0.34267
0.159123
0.220048
0.10405
0.181084
0.201452
0.223002
0.196291
0.122857
0.147952
0.154754
0.204118
0.214209
0.332158
0.206097
0.0975352
0.05928
0.400267
0.341289
0.220502
0.299646
0.30305
0.235585
0.324198
0.288137
0.281901
0.162386
0.448908
0.188928
0.429431
0.099321
0.26997
0.446585
0.278345
0.400081
0.106016
0.0973426
