0.191768
0.316753
0.331912
0.336382
0.197622
0.203637
0.279608
0.0949575
0.344061
0.245875
0.375366
0.177826
0.282471
0.384344
0.278526
0.250595
0.201444
0.260435
0.1135
0.266658
0.370703
0.216508
0.327977
0.342731
0.320305
0.284806
0.169092
0.243964
0.347113
0.217612
0.370885
0.140997
0.343787
0.246034
0.266243
0.296105
0.251062
0.261453
0.178197
0.239058
0.15799
0.297521
0.10935
0.163893
0.292994
0.308059
0.228753
0.178238
0.205806
0.190189
0.134413
0.296444
0.296655
0.221722
0.228701
0.166368
0.175027
0.0763062
0.0441365
0.139543
0.190152
0.161133
0.295723
0.368755
0.107422
0.251708
0.124937
0.191383
0.078198
0.10731
0.204321
0.280199
0.330742
0.401536
0.218199
0.25771
0.237485
0.272801
0.128296
0.237507
0.13833
0.42503
0.20515
0.258279
0.0758436
0.206529
0.423068
0.244836
0.304988
0.14442
0.284524
0.0807744
0.216409
0.267499
0.302663
0.136385
0.185514
0.1942
0.259556
0.255534
