0.327266
0.182019
0.29803
0.299448
0.251999
0.250118
0.333585
0.333553
0.2043
0.235926
0.382603
0.168683
0.196677
0.223619
0.226388
0.139806
0.191813
0.267429
0.097436
0.243258
0.283547
0.186306
0.291445
0.208995
0.33608
0.104554
0.205157
0.150519
0.296039
0.3621
0.159973
0.186996
0.203884
0.31213
0.251424
0.132073
0.268533
0.159704
0.39454
0.288395
0.124947
0.202217
0.119408
0.337504
0.257941
0.0989187
0.207063
0.128252
0.157967
0.303879
0.177566
0.314789
0.114112
0.160703
0.131194
0.126752
0.385597
0.355238
0.304359
0.32268
0.292639
0.0967371
0.28783
0.125238
0.23777
0.278847
0.302964
0.293877
0.378205
0.0785249
0.208199
0.172186
0.242896
0.258173
0.148366
0.19063
0.259725
0.172255
0.108112
0.439745
0.219951
0.185698
0.552512
0.298969
0.11599
0.138617
0.456558
0.22254
0.187022
0.115868
0.293726
0.247796
0.221083
0.308186
0.278682
0.107091
0.33919
0.15385
0.178999
0.108954
