0.145064
0.533728
0.334179
0.0976447
0.135002
0.354235
0.272816
0.148074
0.249952
0.161724
0.25987
0.203727
0.247107
0.334417
0.206406
0.250755
0.145287
0.0786103
0.304064
0.0186709
0.21479
0.271286
0.343929
0.155747
0.337528
0.184369
0.207147
0.243863
0.250458
0.378131
0.325972
0.179166
0.380844
0.150888
0.208559
0.2297
0.280945
0.222123
0.280412
0.461312
0.352252
0.122549
0.364015
0.185664
0.233205
0.146575
0.0894648
0.169903
0.204544
0.243551
0.219337
0.142955
0.288045
0.13941
0.200988
0.29064
0.160782
0.15273
0.0711742
0.0315869
0.23657
0.207545
0.230529
0.180713
0.115612
0.278586
0.33493
0.212404
0.292956
0.37351
0.146049
0.37535
0.284963
0.149767
0.116285
0.296946
0.247838
0.228196
0.356437
0.264041
0.144367
0.288561
0.336351
0.101281
0.124867
0.289987
0.289076
0.152429
0.192171
0.14439
0.259637
0.129202
0.378466
0.209422
0.139484
0.29065
0.153564
0.530034
0.0616727
0.252511
