0.308239
0.435065
0.029391
0.0874947
0.208539
0.287457
0.251719
0.121928
0.231788
0.124355
0.240473
0.330435
0.207942
0.161312
0.440808
0.371531
0.332696
0.277531
0.152098
0.138035
0.314287
0.229596
0.276396
0.184941
0.0716199
0.299073
0.128005
0.373687
0.142149
0.251027
0.163727
0.182288
0.0706926
0.0784288
0.28116
0.306119
0.202779
0.122378
0.217899
0.0463392
0.126218
0.22003
0.225783
0.130983
0.0638602
0.301392
0.386107
0.141438
0.404328
0.120641
0.198695
0.204261
0.267396
0.286417
0.225507
0.105526
0.17682
0.183629
0.472033
0.169341
0.105313
0.279577
0.440833
0.065834
0.153532
0.177373
0.425374
0.261302
0.163012
0.223167
0.194631
0.193992
0.237872
0.292991
0.26667
0.178429
0.165897
0.289327
0.108554
0.396381
0.310667
0.262106
0.261692
0.284155
0.140988
0.200494
0.109136
0.274752
0.0825315
0.264412
0.547793
0.168813
0.244241
0.212864
0.182874
0.192746
0.521715
0.184569
0.333143
0.149152
