0.130048
0.0924036
0.271767
0.41818
0.310242
0.207814
0.181672
0.263298
0.0980203
0.118016
0.161862
0.207383
0.364135
0.213647
0.271151
0.0835785
0.240004
0.319328
0.196217
0.398875
0.16821
0.165056
0.369128
0.311904
0.114544
0.0774177
0.368774
0.199674
0.226001
0.177969
0.197885
0.168565
0.0902523
0.18744
0.308532
0.429835
0.171725
0.183086
0.224105
0.146614
0.193603
0.182169
0.26497
0.4196
0.370952
0.130741
0.350645
0.0444406
0.120637
0.409093
0.1992
0.154741
0.26206
0.232116
0.368962
0.348236
0.137327
0.267
0.317866
0.485685
0.264273
0.25252
0.217693
0.323911
0.0358839
0.251151
0.0900053
0.253469
0.245282
0.274764
0.29909
0.177523
0.304812
0.125732
0.122115
0.208927
0.183344
0.462749
0.353831
0.151152
0.124474
0.293046
0.246519
0.261049
0.107595
0.244242
0.175743
0.1473
0.0810883
0.32004
0.305084
0.206675
0.313699
0.116396
0.338586
0.176829
0.211032
0.158641
0.284409
0.185033
