0.17607
0.422285
0.152703
0.230405
0.289529
0.305267
0.332221
0.19816
0.174431
0.205048
0.212313
0.362029
0.113697
0.357918
0.225808
0.318156
0.0271172
0.181671
0.168715
0.320803
0.218004
0.267683
0.237577
0.233734
0.239807
0.217637
0.192409
0.205493
0.203375
0.138091
0.279487
0.279763
0.29154
0.224538
0.238069
0.0318777
0.186024
0.334234
0.171328
0.147533
0.217423
0.268563
0.23464
0.047681
0.164707
0.360605
0.466447
0.45943
0.285856
0.420168
0.120686
0.214897
0.196817
0.284394
0.155413
0.0337383
0.244039
0.0374544
0.254346
0.26376
0.212342
0.193907
0.179447
0.197204
0.171595
0.270779
0.136752
0.0974826
0.161507
0.264957
0.225034
0.294818
0.2656
0.246642
0.0939991
0.222334
0.292094
0.187687
0.286708
0.353196
0.127405
0.221529
0.248181
0.365512
0.367822
0.202958
0.262432
0.236825
0.184396
0.154367
0.215265
0.366315
0.22169
0.295023
0.39644
0.164029
0.310896
0.249572
0.314379
0.270512
