0.259736
0.307986
0.362252
0.409941
0.311439
0.0694627
0.18398
0.152267
0.122613
0.244663
0.168838
0.239644
0.129581
0.302806
0.139433
0.33169
0.319943
0.192758
0.229666
0.27857
0.327458
0.208054
0.187581
0.317173
0.409182
0.112367
0.261763
0.204245
0.227027
0.108606
0.233905
0.228153
0.112851
0.317192
0.188064
0.117746
0.368171
0.207973
0.149915
0.171485
0.22512
0.228437
0.112559
0.121854
0.129236
0.272392
0.184861
0.230356
0.272917
0.0999419
0.370575
0.306539
0.188354
0.260994
0.27846
0.215819
0.421786
0.0529436
0.267736
0.269756
0.216948
0.271172
0.334987
0.264731
0.252207
0.22608
0.310652
0.294837
0.251115
0.188336
0.146992
0.143754
0.141493
0.307048
0.238262
0.137152
0.131296
0.2856
0.415969
0.233846
0.241714
0.307287
0.219083
0.237763
0.204604
0.336462
0.0268487
0.366989
0.307616
0.341405
0.179362
0.13019
0.241469
0.323888
0.373263
0.229954
0.228054
0.0583444
0.229799
0.337281
