0.171722
0.294096
0.328436
0.443937
0.139919
0.0672968
0.325003
0.312424
0.139997
0.0516968
0.13422
0.134634
0.24824
0.0158223
0.270002
0.15307
0.155851
0.177114
0.137324
0.296312
0.325993
0.306643
0.151442
0.427719
0.265274
0.0965717
0.297166
0.253714
0.151009
0.185223
0.0773612
0.269798
0.209279
0.10064
0.181796
0.492103
0.269583
0.323485
0.324987
0.374984
0.275364
0.240941
0.249933
0.12624
0.299663
0.243156
0.172857
0.145994
0.13971
0.114904
0.143044
0.234517
0.106704
0.273339
0.142802
0.192571
0.199741
0.304874
0.160482
0.21608
0.18438
0.138455
0.374288
0.329769
0.285297
0.207973
0.249649
0.184243
0.306123
0.251961
0.408989
0.258233
0.0974418
0.385687
0.178991
0.377324
0.329367
0.220666
0.238597
0.488266
0.166163
0.119858
0.225574
0.0667682
0.366582
0.342946
0.1612
0.40455
0.0955454
0.184568
0.127037
0.0625594
0.231073
0.223796
0.1909
0.190191
0.393061
0.228418
0.299357
0.22889
