0.0967909
0.486117
0.131612
0.106199
0.078557
0.177953
0.182522
0.214515
0.342226
0.291865
0.333926
0.13352
0.245039
0.315724
0.263986
0.272966
0.156089
0.124221
0.149823
0.13087
0.212004
0.275273
0.153264
0.314282
0.307878
0.251906
0.14122
0.432464
0.315806
0.149914
0.25147
0.33778
0.244669
0.223676
0.23124
0.189989
0.23942
0.0730448
0.21915
0.233063
0.119374
0.113662
0.277571
0.142913
0.290193
0.231313
0.319378
0.449793
0.442846
0.0999396
0.0956625
0.142958
0.20476
0.414149
0.259224
0.144928
0.182775
0.212628
0.268682
0.337942
0.267498
0.172829
0.201949
0.119409
0.242479
0.36565
0.144775
0.360808
0.418523
0.274348
0.319096
0.202793
0.285671
0.154383
0.310231
0.120833
0.274586
0.132178
0.124032
0.29058
0.398713
0.233224
0.190216
0.22859
0.271304
0.191032
0.0961037
0.480563
0.0946266
0.274943
0.198731
0.204718
0.269705
0.211471
0.135743
0.253265
0.289964
0.187872
0.0850635
0.235103
