0.332893
0.309084
0.12785
0.241304
0.100808
0.18978
0.260565
0.0917402
0.248946
0.312121
0.243294
0.165839
0.130621
0.296197
0.273156
0.213281
0.131787
0.162035
0.448724
0.2137
0.324541
0.187537
0.31443
0.194219
0.0977067
0.25918
0.285196
0.248776
0.174048
0.164421
0.337307
0.127705
0.21601
0.138615
0.32543
0.179977
0.192704
0.45682
0.19516
0.227497
0.151406
0.188986
0.149607
0.227517
0.180773
0.287521
0.267734
0.393001
0.110638
0.240175
0.0974138
0.0760828
0.38222
0.225055
0.297936
0.261049
0.293614
0.0930663
0.293254
0.236883
0.261113
0.147947
0.192601
0.179899
0.282559
0.287525
0.223954
0.31195
0.251918
0.128604
0.322686
0.300351
0.260491
0.172043
0.424737
0.108822
0.0683374
0.260245
0.290924
0.176041
0.136192
0.207575
0.510568
0.176793
0.155254
0.137169
0.315556
0.09621
0.347618
0.114865
0.147569
0.283611
0.329313
0.118582
0.394992
0.190621
0.178873
0.463384
0.371582
0.218609
