0.302833
0.306066
0.12248
0.15041
0.284035
0.214924
0.160278
0.0771937
0.350289
0.154184
0.421812
0.296762
0.335871
0.346269
0.372132
0.173936
0.200119
0.187024
0.238844
0.14454
0.370543
0.20388
0.211373
0.155228
0.19525
0.217825
0.129583
0.246208
0.278959
0.126512
0.191315
0.101096
0.300402
0.226063
0.103914
0.240383
0.151043
0.18541
0.408814
0.147902
0.080088
0.146335
0.155099
0.0490746
0.343095
0.132564
0.373482
0.3586
0.443746
0.26317
0.225242
0.127488
0.442679
0.202085
0.307584
0.429366
0.203996
0.21405
0.163631
0.333362
0.234037
0.102273
0.337378
0.441739
0.396444
0.157995
0.350504
0.355201
0.123969
0.200498
0.195133
0.288693
0.143897
0.276941
0.29055
0.198133
0.175962
0.131545
0.122196
0.115765
0.172491
0.123986
0.220456
0.0587876
0.193415
0.0690972
0.280958
0.318786
0.149649
0.192432
0.203096
0.138506
0.383514
0.395695
0.285065
0.0866389
0.168975
0.331357
0.19636
0.270468
