0.368554
0.336998
0.264573
0.135961
0.11868
0.213843
0.157197
0.244776
0.15839
0.109953
0.0696847
0.132495
0.0861191
0.374302
0.360998
0.164393
0.430783
0.3817
0.152431
0.390814
0.149119
0.106892
0.269635
0.244114
0.127144
0.165343
0.221896
0.177305
0.233857
0.389612
0.43037
0.161557
0.130654
0.115878
0.365806
0.207886
0.458368
0.137221
0.382687
0.362736
0.10766
0.248359
0.235638
0.266386
0.209615
0.35118
0.40634
0.147243
0.132366
0.141786
0.196772
0.184347
0.246802
0.228004
0.258071
0.286927
0.310519
0.267641
0.15698
0.301996
0.19116
0.181537
0.0379218
0.27058
0.248551
0.0881495
0.353118
0.151759
0.158463
0.170213
0.131922
0.0566332
0.174975
0.185504
0.280717
0.245975
0.195952
0.159081
0.505343
0.147764
0.22306
0.347
0.181014
0.270802
0.46004
0.156553
0.0597838
0.263415
0.208483
0.180467
0.100192
0.258696
0.195803
0.351426
0.164189
0.153396
0.207801
0.349728
0.335223
0.231888
