0.374783
0.100483
0.29803
0.287188
0.251999
0.433636
0.221113
0.258683
0.150319
0.12559
0.389841
0.168683
0.196677
0.223619
0.226388
0.115359
0.191813
0.267429
0.097436
0.243258
0.281996
0.186306
0.291445
0.111558
0.33608
0.171951
0.205157
0.150519
0.276895
0.158735
0.158546
0.186996
0.399149
0.182683
0.356743
0.132073
0.206703
0.215364
0.39454
0.288395
0.165182
0.286992
0.130757
0.145198
0.257941
0.0989187
0.207063
0.128252
0.246407
0.303879
0.177566
0.306009
0.217621
0.179063
0.125508
0.126752
0.269511
0.271406
0.304359
0.371211
0.271858
0.0967371
0.283208
0.177618
0.238724
0.278847
0.252429
0.293877
0.378205
0.0785249
0.176799
0.303374
0.180796
0.226845
0.147565
0.0690752
0.378822
0.0872344
0.108112
0.439745
0.423251
0.366269
0.433681
0.298969
0.11599
0.0857967
0.326079
0.27778
0.090954
0.158607
0.19739
0.241286
0.245419
0.32503
0.278682
0.442386
0.1935
0.224528
0.178999
0.108954
