0.309292
0.370712
0.259542
0.261356
0.0757479
0.266066
0.236784
0.220056
0.0722997
0.195779
0.356397
0.14476
0.199013
0.250919
0.295114
0.126913
0.309157
0.258783
0.164758
0.229885
0.205594
0.1557
0.196977
0.22076
0.204699
0.210542
0.251925
0.252181
0.310354
0.258968
0.215229
0.166746
0.143159
0.160195
0.223813
0.162424
0.374418
0.312915
0.167173
0.275029
0.155005
0.223075
0.146335
0.207014
0.234458
0.372763
0.220692
0.462666
0.347575
0.347153
0.359338
0.2367
0.140208
0.146097
0.161328
0.253612
0.212862
0.341198
0.243248
0.249411
0.237902
0.237908
0.21441
0.242806
0.129796
0.329351
0.378186
0.296664
0.198647
0.208712
0.35207
0.0713362
0.326311
0.244805
0.262062
0.37248
0.106045
0.303239
0.142067
0.129673
0.397333
0.186076
0.26299
0.123027
0.126591
0.16097
0.327254
0.29001
0.182585
0.143164
0.247835
0.265575
0.318044
0.166353
0.272204
0.383221
0.125826
0.386298
0.160151
0.137012
