0.137645
0.233242
0.217164
0.105796
0.150726
0.42173
0.183617
0.182915
0.128978
0.29642
0.305077
0.263891
0.14558
0.119066
0.14576
0.0360822
0.298328
0.292132
0.3286
0.264535
0.163456
0.192785
0.366882
0.269661
0.212136
0.177656
0.163162
0.254258
0.150432
0.278429
0.311709
0.134995
0.325419
0.0342535
0.145994
0.338797
0.209813
0.318855
0.172869
0.340962
0.0742476
0.384511
0.230769
0.495883
0.238269
0.0706646
0.264696
0.0983856
0.116766
0.0925004
0.396213
0.337839
0.274268
0.315777
0.18561
0.252187
0.257348
0.200461
0.344709
0.0723053
0.297617
0.327696
0.236516
0.247928
0.346163
0.19518
0.137031
0.433415
0.390371
0.113111
0.316396
0.169673
0.220461
0.220937
0.284466
0.359672
0.262066
0.278698
0.242763
0.281321
0.135459
0.198333
0.20243
0.240614
0.431394
0.221828
0.133495
0.140249
0.138153
0.187778
0.322456
0.133815
0.0892623
0.127772
0.102987
0.403745
0.164549
0.265502
0.338251
0.114718
