0.25525
0.558921
0.380456
0.0976447
0.135002
0.354235
0.272816
0.242467
0.235206
0.161724
0.25987
0.233819
0.32691
0.334417
0.206406
0.261268
0.215469
0.0786103
0.311404
0.130551
0.21479
0.332054
0.109503
0.0515579
0.337528
0.128197
0.278779
0.219026
0.0423174
0.301564
0.249806
0.076877
0.326782
0.150888
0.232638
0.2297
0.266987
0.120543
0.187678
0.335526
0.190866
0.102631
0.364015
0.185664
0.275247
0.146575
0.374925
0.100182
0.204544
0.240268
0.216502
0.142955
0.288045
0.0826924
0.200988
0.29064
0.21783
0.213665
0.0711742
0.281804
0.278083
0.195222
0.230529
0.180713
0.115612
0.265092
0.33493
0.212404
0.416503
0.156531
0.14291
0.37535
0.284963
0.251143
0.4103
0.231062
0.216852
0.201472
0.356437
0.0811926
0.144367
0.288561
0.336351
0.101281
0.47887
0.289987
0.289076
0.405171
0.321304
0.17345
0.152264
0.0942355
0.251746
0.209422
0.139484
0.293854
0.153564
0.222786
0.0797232
0.164005
