0.0864157
0.184645
0.357757
0.214936
0.408315
0.167481
0.315347
0.144661
0.345215
0.215033
0.344598
0.269839
0.0993101
0.166077
0.158178
0.126225
0.23866
0.145706
0.265092
0.122696
0.38677
0.305342
0.186418
0.45035
0.129643
0.220664
0.20435
0.319583
0.381487
0.214601
0.157572
0.351089
0.107893
0.154389
0.0753734
0.129908
0.17862
0.392839
0.178144
0.168038
0.207049
0.111659
0.329337
0.0843833
0.146444
0.191559
0.151012
0.268319
0.132471
0.116973
0.235403
0.249716
0.246493
0.267925
0.430795
0.273243
0.246287
0.429758
0.148657
0.117237
0.32764
0.107851
0.273702
0.207784
0.234902
0.366959
0.355837
0.0870492
0.136436
0.220771
0.169824
0.3027
0.476655
0.14892
0.165892
0.227887
0.0862978
0.218156
0.251295
0.133193
0.241669
0.267872
0.145136
0.159701
0.22959
0.15773
0.380617
0.4627
0.31826
0.395115
0.143109
0.191745
0.403526
0.159648
0.31712
0.254541
0.308957
0.0721073
0.169796
0.122085
