0.180942
0.291805
0.154976
0.387745
0.120658
0.132065
0.287181
0.122442
0.140014
0.131021
0.283596
0.334416
0.208912
0.168949
0.228598
0.188436
0.193577
0.0894253
0.323141
0.114934
0.101887
0.270636
0.259345
0.10368
0.159021
0.260385
0.273619
0.189488
0.221908
0.183008
0.250077
0.127163
0.289489
0.254984
0.234758
0.144473
0.276435
0.125527
0.321978
0.310872
0.298049
0.207783
0.138819
0.286957
0.162342
0.186824
0.175123
0.121032
0.171208
0.223871
0.125623
0.331282
0.269202
0.350712
0.200633
0.347152
0.0817735
0.0514385
0.163238
0.150364
0.202458
0.180555
0.252143
0.272077
0.19395
0.366972
0.116634
0.168998
0.221173
0.159796
0.108817
0.257374
0.261762
0.574999
0.0670057
0.448656
0.157985
0.36073
0.408756
0.108954
0.185122
0.420928
0.161447
0.347916
0.375335
0.135853
0.37048
0.161606
0.394319
0.405713
0.158847
0.310116
0.165368
0.36524
0.287091
0.231612
0.103223
0.206766
0.171257
0.502534
