0.221134
0.222004
0.286082
0.210012
0.239451
0.417061
0.28024
0.27846
0.21533
0.219758
0.361469
0.176491
0.219842
0.267874
0.218373
0.127267
0.0823534
0.0889095
0.0616896
0.197369
0.245436
0.216238
0.222686
0.155747
0.271065
0.305759
0.313387
0.217215
0.104554
0.191447
0.346096
0.147423
0.176993
0.202927
0.0579199
0.259412
0.267894
0.241587
0.0630106
0.241476
0.174386
0.396502
0.231099
0.24242
0.345176
0.295837
0.276621
0.29334
0.244644
0.0920806
0.237905
0.198797
0.26358
0.274759
0.309339
0.19782
0.456921
0.316311
0.286966
0.378183
0.146505
0.248311
0.415266
0.180713
0.231417
0.0644767
0.29612
0.276215
0.306713
0.137033
0.395728
0.217599
0.0818104
0.220567
0.21569
0.209102
0.263737
0.34678
0.177429
0.142516
0.220115
0.186405
0.341952
0.182319
0.204486
0.238173
0.227217
0.273818
0.345275
0.16786
0.349131
0.17385
0.321846
0.180462
0.204567
0.293739
0.0766744
0.256373
0.271031
0.306601
