0.197973
0.314882
0.234225
0.197935
0.370765
0.227833
0.217058
0.287415
0.288713
0.344266
0.250216
0.287964
0.264106
0.280607
0.451487
0.186745
0.0485109
0.321614
0.224806
0.27178
0.329835
0.284175
0.0945916
0.222057
0.0853837
0.254072
0.163632
0.284413
0.314348
0.183556
0.533557
0.159324
0.132758
0.19682
0.457755
0.253295
0.149051
0.0684845
0.38687
0.20497
0.17839
0.228333
0.139019
0.231055
0.184048
0.369761
0.323374
0.0841766
0.195079
0.0723995
0.152537
0.250169
0.193022
0.206439
0.146055
0.222507
0.243903
0.172261
0.314272
0.281936
0.189535
0.361309
0.189208
0.16962
0.234247
0.36346
0.235541
0.329771
0.208401
0.317385
0.10903
0.187826
0.16821
0.200874
0.286837
0.128742
0.210975
0.215733
0.0827316
0.232423
0.260053
0.101506
0.127908
0.301317
0.308962
0.201084
0.256847
0.199705
0.405879
0.0982441
0.347931
0.303915
0.21678
0.20547
0.299015
0.30162
0.216668
0.244266
0.160922
0.138735
