0.0704394
0.369431
0.29263
0.196092
0.0913568
0.0477752
0.182522
0.179843
0.0993344
0.285251
0.285187
0.1509
0.0797785
0.347879
0.193103
0.205279
0.373446
0.25404
0.181147
0.157961
0.161081
0.299243
0.446112
0.169516
0.318391
0.467988
0.126951
0.309973
0.235611
0.219822
0.278077
0.277
0.14332
0.371034
0.211645
0.256558
0.286845
0.311902
0.0610896
0.258927
0.172722
0.210851
0.278433
0.236038
0.274723
0.262199
0.21629
0.297349
0.154752
0.285336
0.11076
0.0714889
0.218394
0.143651
0.0747734
0.144928
0.306188
0.212628
0.388497
0.453616
0.299408
0.205849
0.218286
0.25523
0.120524
0.16243
0.257624
0.168963
0.563853
0.251144
0.121736
0.269239
0.327267
0.0501445
0.564358
0.0284473
0.327059
0.176812
0.124032
0.147277
0.2399
0.081452
0.215188
0.270713
0.271304
0.106233
0.215634
0.0885103
0.292606
0.159486
0.255854
0.202495
0.378472
0.201683
0.140416
0.253265
0.289964
0.256207
0.0850635
0.269585
