0.0451731
0.276945
0.198772
0.356269
0.111451
0.383676
0.341061
0.334838
0.300405
0.0580132
0.073218
0.285736
0.236881
0.212496
0.344684
0.129993
0.249062
0.161316
0.196049
0.136129
0.144295
0.151794
0.135158
0.218843
0.319719
0.188421
0.116958
0.160422
0.21779
0.273832
0.215511
0.249915
0.272576
0.246815
0.367538
0.155137
0.0965868
0.297497
0.320604
0.14562
0.365694
0.145039
0.295346
0.215935
0.156178
0.125941
0.16996
0.181256
0.134225
0.238634
0.448273
0.419218
0.116337
0.249275
0.251395
0.0953197
0.153216
0.26419
0.150609
0.115263
0.160056
0.291529
0.18412
0.178724
0.0990207
0.234573
0.0296599
0.320133
0.223522
0.194551
0.211705
0.367188
0.24107
0.349924
0.330127
0.236628
0.417295
0.356147
0.192229
0.247022
0.480664
0.384692
0.154757
0.334945
0.379837
0.137563
0.202717
0.142977
0.205499
0.260106
0.24802
0.233745
0.308829
0.518822
0.177203
0.20855
0.146403
0.179036
0.13867
0.255576
