0.158749
0.153048
0.394265
0.167135
0.262953
0.194288
0.0435269
0.136428
0.202827
0.189997
0.270898
0.1509
0.120011
0.207307
0.219882
0.285632
0.259352
0.221708
0.314779
0.318305
0.232867
0.182311
0.290345
0.204514
0.164478
0.171195
0.164102
0.265108
0.287228
0.286398
0.408938
0.103675
0.245722
0.27507
0.172462
0.317093
0.029397
0.40192
0.0230174
0.253112
0.345667
0.318997
0.190753
0.243578
0.358921
0.351342
0.279748
0.253241
0.338645
0.188407
0.402145
0.26693
0.239363
0.290465
0.199642
0.297448
0.175578
0.362415
0.257309
0.128917
0.368115
0.06318
0.263383
0.326273
0.232375
0.204323
0.336968
0.289119
0.210341
0.245554
0.207494
0.194307
0.306386
0.125912
0.24955
0.159381
0.179808
0.174947
0.0222386
0.371067
0.187601
0.158957
0.18842
0.414787
0.301318
0.157826
0.205484
0.141535
0.306526
0.455309
0.115098
0.16336
0.158058
0.204897
0.0912276
0.253576
0.155762
0.172337
0.380396
0.287753
