0.309584
0.167508
0.408858
0.115159
0.375964
0.331741
0.157885
0.195811
0.171598
0.359427
0.289386
0.138603
0.255105
0.129601
0.248832
0.273148
0.115884
0.124047
0.234447
0.277421
0.442359
0.364192
0.118861
0.0727073
0.385691
0.314109
0.324592
0.185383
0.163324
0.156493
0.198617
0.0737947
0.233307
0.170927
0.247265
0.134538
0.157644
0.163994
0.170617
0.141767
0.401807
0.45831
0.234991
0.17868
0.22852
0.18206
0.159744
0.333307
0.172449
0.125456
0.119611
0.0686293
0.326415
0.0880321
0.0904347
0.280747
0.41369
0.109636
0.368335
0.134344
0.26556
0.361774
0.250161
0.192512
0.140592
0.240904
0.16273
0.0702457
0.127735
0.253606
0.210326
0.422145
0.339975
0.0934637
0.500963
0.313788
0.252369
0.416782
0.315817
0.214676
0.316079
0.173872
0.10365
0.204236
0.40058
0.222549
0.327738
0.12698
0.178059
0.171793
0.233285
0.16085
0.295016
0.210063
0.155069
0.183113
0.113994
0.380973
0.104303
0.162805
