0.166284
0.420867
0.579647
0.23705
0.163492
0.282937
0.213359
0.194329
0.246829
0.212772
0.41094
0.2101
0.267935
0.273335
0.118269
0.272155
0.181042
0.24257
0.353408
0.276566
0.137866
0.179303
0.18312
0.403757
0.227046
0.151905
0.156614
0.327848
0.0848995
0.238927
0.389575
0.400707
0.301403
0.106631
0.185793
0.320944
0.218544
0.252879
0.189533
0.178771
0.148495
0.25592
0.187392
0.322979
0.162764
0.170348
0.270216
0.18061
0.325635
0.221202
0.199423
0.0978662
0.119712
0.192186
0.186382
0.177358
0.406534
0.178516
0.0625375
0.0265007
0.407775
0.181722
0.195596
0.426572
0.207705
0.138677
0.264877
0.413599
0.255124
0.324949
0.202957
0.108941
0.232366
0.246648
0.118251
0.116842
0.147611
0.197516
0.312243
0.236222
0.39332
0.368581
0.163481
0.238907
0.0765728
0.211862
0.126645
0.0707026
0.185665
0.216172
0.243109
0.208935
0.338294
0.330852
0.365972
0.256056
0.123779
0.211141
0.0910042
0.170676
