0.254485
0.24568
0.134444
0.233127
0.226397
0.194449
0.347061
0.22225
0.295357
0.215662
0.374358
0.372276
0.0708224
0.414059
0.107704
0.203184
0.371682
0.156776
0.357997
0.149236
0.318925
0.207825
0.37399
0.333455
0.332131
0.366048
0.390335
0.196929
0.244696
0.22121
0.220598
0.40946
0.431706
0.303333
0.196776
0.192781
0.183256
0.367117
0.220805
0.116596
0.136861
0.340826
0.0531648
0.153756
0.213993
0.285243
0.14311
0.214594
0.275978
0.0796233
0.146972
0.178419
0.220287
0.319594
0.158429
0.171782
0.126926
0.15813
0.137682
0.199473
0.183967
0.05939
0.317519
0.341733
0.426994
0.237943
0.164823
0.115659
0.369632
0.264004
0.282467
0.0854538
0.30621
0.322166
0.215684
0.272233
0.25032
0.134143
0.146863
0.233177
0.211554
0.214683
0.368501
0.199414
0.246551
0.109496
0.326031
0.115047
0.123787
0.202522
0.366566
0.0997933
0.110304
0.123813
0.0982382
0.176127
0.233614
0.286187
0.0979957
0.35305
