0.216861
0.223787
0.128308
0.148356
0.293515
0.299514
0.136691
0.238653
0.241789
0.221529
0.180895
0.220417
0.269291
0.221896
0.353629
0.302445
0.262511
0.103223
0.185297
0.149697
0.171192
0.310258
0.401163
0.0839881
0.24794
0.281311
0.477483
0.259327
0.444981
0.281706
0.253179
0.202127
0.1551
0.0986895
0.258554
0.217213
0.208791
0.0663375
0.203785
0.258724
0.134262
0.219233
0.183167
0.394017
0.176841
0.149842
0.319803
0.240627
0.0969912
0.154202
0.122088
0.334688
0.264222
0.124261
0.315498
0.308601
0.308849
0.138499
0.33001
0.197715
0.214332
0.148335
0.161819
0.377945
0.415683
0.254639
0.100981
0.064217
0.20742
0.278221
0.0922741
0.123739
0.399394
0.3594
0.337925
0.133662
0.323165
0.235071
0.0775703
0.23988
0.022797
0.0945458
0.224051
0.275398
0.354864
0.244145
0.190269
0.269856
0.345889
0.446991
0.296031
0.355014
0.179179
0.195789
0.188791
0.215724
0.261762
0.243056
0.163277
0.254478
