0.283275
0.353574
0.142924
0.400514
0.162179
0.157466
0.163353
0.18021
0.368158
0.345485
0.334139
0.167016
0.073009
0.240553
0.132821
0.415298
0.231175
0.166964
0.355648
0.0697858
0.11002
0.356904
0.225172
0.204694
0.262272
0.237893
0.251828
0.178041
0.119258
0.268196
0.243725
0.260711
0.245284
0.433254
0.194256
0.263156
0.122688
0.179673
0.159924
0.177812
0.414858
0.293996
0.179608
0.234053
0.0729721
0.183018
0.146723
0.162935
0.365937
0.242383
0.204312
0.226161
0.296321
0.228841
0.447177
0.295098
0.0471752
0.285598
0.151096
0.141733
0.362937
0.349407
0.224545
0.535897
0.187614
0.186372
0.244441
0.183476
0.225816
0.129728
0.111466
0.237295
0.273246
0.19767
0.378676
0.122958
0.256723
0.283199
0.309208
0.229789
0.10451
0.260098
0.170877
0.183239
0.221491
0.28902
0.151341
0.149995
0.286454
0.39851
0.294047
0.0653403
0.263069
0.0743726
0.18235
0.160723
0.172811
0.343139
0.271133
0.178288
