0.353841
0.339182
0.289396
0.181255
0.128474
0.182258
0.331398
0.307026
0.23597
0.216866
0.270212
0.20343
0.239895
0.141401
0.146757
0.414876
0.229227
0.159212
0.186941
0.266112
0.23799
0.371183
0.221737
0.243156
0.329512
0.121404
0.271313
0.161719
0.252935
0.19941
0.329756
0.0876047
0.111385
0.29261
0.221453
0.120941
0.245
0.102221
0.138909
0.201647
0.324399
0.403953
0.160699
0.178375
0.324606
0.415036
0.150869
0.130864
0.230719
0.357084
0.277434
0.398514
0.132562
0.39507
0.128976
0.204119
0.253525
0.224279
0.0798917
0.0999247
0.234572
0.160523
0.29443
0.261332
0.137765
0.427153
0.264137
0.172261
0.488999
0.200521
0.0840093
0.14762
0.247584
0.141307
0.115633
0.508464
0.123428
0.319242
0.281294
0.183675
0.127476
0.0968349
0.20419
0.302429
0.113089
0.153644
0.279971
0.412729
0.408647
0.168356
0.283427
0.177891
0.186975
0.0593358
0.255115
0.190429
0.333296
0.208904
0.163424
0.0762202
