0.23776
0.217843
0.17834
0.1405
0.269324
0.183914
0.319155
0.119418
0.199812
0.303165
0.335254
0.267061
0.162603
0.151653
0.264225
0.0812765
0.215832
0.271098
0.324901
0.252019
0.271184
0.260076
0.0964777
0.192734
0.497202
0.174271
0.103408
0.262957
0.121303
0.178516
0.294365
0.188134
0.291216
0.154482
0.278605
0.246084
0.153602
0.204034
0.098025
0.176538
0.296245
0.0989542
0.144035
0.172705
0.162543
0.256724
0.283903
0.135416
0.18406
0.265563
0.291005
0.209337
0.0886964
0.0742603
0.0977462
0.261158
0.40399
0.193134
0.025713
0.20209
0.274763
0.181884
0.246605
0.44244
0.165142
0.258441
0.294164
0.288081
0.234357
0.142386
0.42344
0.177471
0.118033
0.491834
0.257513
0.171116
0.115124
0.174129
0.225542
0.276906
0.254818
0.297638
0.420329
0.431514
0.135942
0.172791
0.205066
0.277406
0.356098
0.351127
0.241274
0.335028
0.27921
0.163626
0.440251
0.328717
0.325713
0.258903
0.134083
0.173706
