0.232115
0.263103
0.193178
0.369275
0.210764
0.310848
0.192152
0.148392
0.227258
0.268047
0.276659
0.333501
0.468321
0.248578
0.415713
0.237726
0.28874
0.281354
0.296227
0.221945
0.186634
0.150483
0.43803
0.242393
0.238454
0.213937
0.145992
0.160228
0.191641
0.341468
0.17512
0.297362
0.43212
0.284873
0.151138
0.156534
0.133168
0.287588
0.358575
0.0622129
0.300179
0.255141
0.248954
0.205903
0.227996
0.102098
0.479295
0.402212
0.175311
0.264395
0.10204
0.129266
0.207062
0.134002
0.118613
0.372253
0.171228
0.176584
0.217866
0.298508
0.305337
0.201472
0.251062
0.229194
0.207885
0.285277
0.242485
0.222207
0.24173
0.268158
0.306327
0.0961147
0.214678
0.255955
0.253688
0.225061
0.0747053
0.109888
0.274304
0.0790433
0.233138
0.380092
0.132122
0.155103
0.298674
0.254871
0.356972
0.13348
0.23792
0.243279
0.150619
0.331876
0.235816
0.127207
0.0978859
0.221279
0.153797
0.175187
0.225201
0.191973
