0.234692
0.327221
0.358095
0.145267
0.31471
0.245355
0.327769
0.300967
0.253069
0.288115
0.321422
0.241587
0.165138
0.255078
0.141745
0.16399
0.105573
0.26077
0.174168
0.409403
0.310733
0.0880943
0.303322
0.255996
0.22877
0.187131
0.168584
0.102593
0.18298
0.189957
0.0784027
0.220852
0.352044
0.130947
0.256632
0.276834
0.214704
0.142705
0.222799
0.153882
0.204036
0.313006
0.311728
0.137725
0.19319
0.460407
0.32322
0.0836228
0.0915845
0.118339
0.0989263
0.571797
0.217264
0.0641396
0.0630337
0.195139
0.179506
0.266567
0.211348
0.274323
0.319411
0.188842
0.138574
0.357515
0.272538
0.438179
0.262617
0.318615
0.277251
0.273121
0.177567
0.158606
0.320958
0.185545
0.345825
0.197838
0.318986
0.177101
0.427848
0.234362
0.248393
0.225476
0.122753
0.213779
0.0933317
0.23421
0.079528
0.0861161
0.169924
0.187462
0.19722
0.202503
0.353065
0.243858
0.101364
0.128116
0.13538
0.223273
0.394893
0.448949
