0.0284454
0.321849
0.369957
0.394925
0.397477
0.229226
0.188568
0.0951082
0.351648
0.136677
0.197525
0.350793
0.223384
0.159049
0.338713
0.140071
0.416754
0.325083
0.142813
0.315603
0.111653
0.143751
0.192598
0.0989335
0.113299
0.0834091
0.135839
0.0270096
0.231453
0.130091
0.338457
0.197386
0.263102
0.0841628
0.318033
0.257974
0.264904
0.213889
0.209144
0.195102
0.255559
0.0643439
0.198661
0.134149
0.0723151
0.361779
0.26993
0.340091
0.0934724
0.15993
0.210378
0.163907
0.114861
0.391985
0.297956
0.48775
0.204871
0.242418
0.102993
0.169736
0.165522
0.235708
0.214668
0.268851
0.154616
0.353163
0.339184
0.407656
0.0811554
0.130196
0.247842
0.226962
0.301648
0.211355
0.0919018
0.4348
0.297268
0.291254
0.253457
0.192276
0.0726729
0.469964
0.30311
0.244569
0.189484
0.142954
0.212986
0.111286
0.437017
0.151924
0.33795
0.228476
0.16799
0.158438
0.113653
0.192171
0.380582
0.40286
0.141526
0.175962
