0.236189
0.411693
0.221231
0.246559
0.094068
0.178413
0.238679
0.258125
0.230596
0.222952
0.267953
0.258498
0.187176
0.147795
0.0637722
0.104926
0.421705
0.267931
0.265103
0.349062
0.235695
0.446806
0.186048
0.253065
0.171727
0.123155
0.225339
0.108334
0.108203
0.206437
0.164648
0.429765
0.255001
0.373225
0.277007
0.238043
0.139356
0.26839
0.325124
0.38306
0.175822
0.229158
0.178677
0.235795
0.14634
0.242862
0.215457
0.239757
0.243307
0.258983
0.195952
0.189232
0.404644
0.169112
0.230996
0.090432
0.304719
0.257068
0.330267
0.394327
0.226718
0.348597
0.188851
0.197157
0.276896
0.242567
0.492492
0.316219
0.240292
0.165242
0.0745438
0.235929
0.341239
0.126117
0.0708482
0.222766
0.195435
0.167084
0.220066
0.138931
0.193597
0.192341
0.472979
0.252563
0.341349
0.164772
0.207724
0.216167
0.28016
0.170021
0.131117
0.212763
0.223924
0.24472
0.296202
0.125433
0.323941
0.231051
0.13708
0.0710221
