0.30768
0.278359
0.265032
0.23031
0.250345
0.219788
0.484577
0.225665
0.288042
0.164134
0.071124
0.156687
0.19548
0.321096
0.126419
0.48935
0.210889
0.131675
0.128104
0.315444
0.29685
0.111188
0.265901
0.180295
0.28504
0.344382
0.249032
0.107403
0.162633
0.340671
0.32506
0.292436
0.0639129
0.212536
0.0721013
0.347182
0.163772
0.329575
0.0949379
0.114257
0.206475
0.14387
0.20672
0.083356
0.20008
0.423232
0.205878
0.230415
0.314393
0.130882
0.0755461
0.143578
0.270602
0.231817
0.329601
0.0648948
0.345231
0.160776
0.26645
0.302721
0.217335
0.146484
0.222937
0.132147
0.486742
0.0353496
0.19201
0.283337
0.219677
0.402026
0.211246
0.253582
0.219305
0.202818
0.318999
0.0333289
0.150289
0.327814
0.242376
0.35499
0.375341
0.324449
0.128774
0.365816
0.187803
0.280023
0.362846
0.202315
0.28925
0.256956
0.0558089
0.381177
0.23585
0.232291
0.223496
0.152793
0.161963
0.108446
0.127839
0.219313
