0.25
0.25
0.288456
0.1823
0.190906
0.304823
0.406869
0.212554
0.239121
0.281214
0.25
0.179117
0.202272
0.25
0.25
0.25
0.25
0.25
0.25
0.37705
0.18703
0.299758
0.197319
0.177361
0.126064
0.25
0.25
0.0980546
0.328422
0.256687
0.25
0.206107
0.25
0.25
0.25
0.25
0.25
0.25
0.292676
0.273447
0.303203
0.301461
0.25
0.281695
0.25
0.25
0.25
0.25
0.214185
0.25
0.202505
0.25
0.25
0.25
0.280141
0.107915
0.236003
0.216097
0.21923
0.197933
0.0787581
0.25
0.24355
0.18747
0.25
0.259191
0.300033
0.123148
0.25
0.330533
0.25
0.25
0.25
0.25
0.25
0.181846
0.28994
0.361163
0.350443
0.24313
0.268572
0.25
0.203011
0.181873
0.25
0.202323
0.25
0.257997
0.25
0.25
0.25
0.25
0.25
0.25
0.308037
0.25
0.250358
0.223489
0.25
0.260081
