0.305388
0.0342862
0.154392
0.398001
0.2324
0.219985
0.347262
0.175348
0.196139
0.108504
0.330736
0.281919
0.287317
0.439158
0.247406
0.165062
0.305992
0.120572
0.267104
0.252848
0.149119
0.371655
0.355035
0.282823
0.225992
0.177022
0.242309
0.109077
0.195122
0.33624
0.248433
0.117096
0.186031
0.197053
0.139117
0.311689
0.0886917
0.226598
0.15525
0.169555
0.351604
0.340983
0.27646
0.49806
0.265003
0.169819
0.122304
0.306999
0.16443
0.27323
0.204613
0.235
0.095375
0.226341
0.100616
0.340598
0.278117
0.239523
0.284111
0.291217
0.218453
0.258748
0.237084
0.228592
0.137151
0.183279
0.175394
0.210825
0.232379
0.379385
0.224007
0.119955
0.0894844
0.071793
0.293621
0.28728
0.0759778
0.327838
0.341896
0.266942
0.168064
0.232782
0.305642
0.212224
0.291941
0.220989
0.269867
0.183861
0.152705
0.356872
0.179318
0.315898
0.311185
0.287923
0.192337
0.0828197
0.292738
0.354047
0.237015
0.188286
