0.233059
0.186598
0.12861
0.243735
0.263158
0.107086
0.375653
0.229573
0.129955
0.380122
0.242038
0.145165
0.117309
0.128808
0.274133
0.163468
0.0827878
0.509369
0.182968
0.190064
0.0293583
0.153622
0.160029
0.0518035
0.233128
0.23463
0.258783
0.29359
0.395542
0.165757
0.22608
0.231208
0.141671
0.297731
0.24283
0.262747
0.320941
0.200091
0.216039
0.367819
0.179563
0.34797
0.534726
0.334123
0.36423
0.410566
0.372745
0.345711
0.272439
0.111124
0.176268
0.405518
0.183383
0.210798
0.309517
0.205165
0.172541
0.267023
0.152166
0.291447
0.211106
0.185365
0.223855
0.0920048
0.210534
0.270139
0.340797
0.0890485
0.112904
0.114518
0.254648
0.365375
0.279969
0.212331
0.189248
0.0683534
0.448953
0.0970206
0.229502
0.189887
0.234075
0.161434
0.0738467
0.107365
0.30642
0.199958
0.317172
0.160631
0.230266
0.20609
0.249278
0.311351
0.17823
0.334316
0.115795
0.12137
0.29597
0.113494
0.177511
0.367151
