0.423235
0.167508
0.408858
0.0943727
0.409615
0.105897
0.157885
0.195811
0.150129
0.253556
0.289386
0.138603
0.414591
0.129601
0.173891
0.273148
0.115884
0.124047
0.0526184
0.277421
0.368748
0.335223
0.214026
0.12766
0.186062
0.254968
0.324592
0.185383
0.163324
0.156493
0.198617
0.081148
0.233307
0.193934
0.247265
0.212766
0.157644
0.176775
0.248694
0.141767
0.401807
0.108969
0.234991
0.11635
0.22852
0.18206
0.156137
0.333307
0.186632
0.125456
0.254422
0.0686293
0.330594
0.453787
0.0904347
0.280747
0.42395
0.109636
0.368335
0.275051
0.26556
0.313276
0.250161
0.192512
0.140592
0.087242
0.288864
0.0702457
0.127735
0.253606
0.279093
0.422145
0.247901
0.0934637
0.500963
0.313788
0.252369
0.416782
0.315817
0.214676
0.316079
0.11886
0.10365
0.182532
0.40058
0.222549
0.327738
0.213867
0.178059
0.171793
0.233285
0.0731512
0.295016
0.210063
0.124307
0.363824
0.183075
0.380973
0.104303
0.162805
