0.324763
0.335689
0.44369
0.167876
0.209824
0.256044
0.162285
0.190197
0.324878
0.162998
0.131234
0.223813
0.281526
0.343965
0.301163
0.148428
0.184362
0.182206
0.214726
0.171009
0.172759
0.216761
0.136894
0.237441
0.296568
0.0579036
0.209516
0.287477
0.247819
0.164065
0.306377
0.111987
0.207255
0.505514
0.233816
0.281471
0.28544
0.29051
0.279193
0.168391
0.212174
0.0787018
0.390776
0.243646
0.164768
0.374736
0.145189
0.147515
0.141235
0.136365
0.0914486
0.364405
0.167466
0.27057
0.259371
0.303056
0.0544849
0.311906
0.118693
0.149879
0.261866
0.201905
0.242489
0.151531
0.168294
0.202026
0.282172
0.069713
0.286246
0.159483
0.174361
0.184042
0.211187
0.320209
0.297782
0.185793
0.307632
0.173499
0.328375
0.401777
0.38801
0.106503
0.170243
0.310864
0.15861
0.212398
0.114026
0.278124
0.305627
0.199273
0.155215
0.227781
0.306823
0.46308
0.186003
0.342148
0.272981
0.106275
0.220523
0.479742
