0.216568
0.193026
0.0517206
0.119764
0.443485
0.20638
0.255262
0.382847
0.287878
0.19591
0.265958
0.219807
0.163514
0.117845
0.377459
0.375215
0.126454
0.22951
0.171667
0.284336
0.363958
0.0469106
0.092736
0.258998
0.12944
0.129712
0.162483
0.123017
0.405305
0.243457
0.196385
0.459517
0.264384
0.212722
0.251801
0.412388
0.19523
0.269471
0.209285
0.363492
0.216963
0.298794
0.279321
0.306491
0.360705
0.204583
0.190264
0.341022
0.144103
0.226591
0.127971
0.18841
0.121038
0.424774
0.234466
0.240856
0.307107
0.244616
0.296326
0.148045
0.234023
0.276818
0.252267
0.215659
0.347176
0.258175
0.173364
0.155267
0.147086
0.342469
0.196464
0.232636
0.255517
0.111841
0.398466
0.239348
0.0972258
0.180969
0.210101
0.32399
0.21506
0.300416
0.179897
0.236437
0.322335
0.237027
0.213725
0.390261
0.107161
0.248524
0.140033
0.140469
0.190714
0.201791
0.13367
0.204879
0.28214
0.126496
0.277994
0.164357
