0.280925
0.153048
0.251385
0.21062
0.221874
0.206759
0.166116
0.136428
0.294979
0.316749
0.167715
0.0789954
0.116395
0.386307
0.219882
0.235089
0.31805
0.1484
0.436586
0.344166
0.269927
0.323265
0.145171
0.253183
0.142651
0.197726
0.151538
0.189446
0.287228
0.483772
0.508709
0.271732
0.418808
0.183673
0.237789
0.363472
0.362499
0.076263
0.103186
0.202609
0.247401
0.217514
0.104629
0.193769
0.253298
0.143353
0.426445
0.092246
0.137694
0.158751
0.258696
0.29934
0.239363
0.28378
0.119637
0.297448
0.401757
0.166165
0.176987
0.131431
0.22326
0.160844
0.348841
0.373652
0.306778
0.338543
0.272914
0.139627
0.107119
0.291037
0.203286
0.194307
0.239519
0.125912
0.270465
0.158091
0.343218
0.214972
0.320409
0.33742
0.187601
0.189712
0.212354
0.386037
0.19405
0.15704
0.135608
0.0627856
0.296209
0.193419
0.128551
0.16336
0.171375
0.233791
0.126676
0.248279
0.162654
0.257185
0.177633
0.287753
