0.132013
0.25456
0.150954
0.381464
0.256891
0.123863
0.296287
0.311284
0.240254
0.0842302
0.252963
0.159517
0.265191
0.294608
0.225074
0.0870006
0.28316
0.135803
0.215468
0.167627
0.208682
0.202669
0.260924
0.263791
0.308635
0.290225
0.14096
0.321736
0.176717
0.338442
0.193195
0.215133
0.219471
0.370176
0.0627052
0.21494
0.203945
0.362151
0.075999
0.18586
0.17426
0.146308
0.322639
0.265327
0.356854
0.212351
0.354593
0.267769
0.196539
0.215251
0.0867634
0.306802
0.119918
0.34207
0.322738
0.428966
0.146865
0.293282
0.271702
0.252646
0.217398
0.376283
0.345555
0.195502
0.283882
0.308212
0.264335
0.310669
0.18955
0.203753
0.252137
0.242413
0.12329
0.208351
0.300463
0.165934
0.0956924
0.195094
0.146195
0.375394
0.301395
0.232156
0.076666
0.264675
0.345694
0.203207
0.229071
0.162053
0.280681
0.172289
0.213211
0.220712
0.211725
0.349458
0.241067
0.241274
0.38155
0.2495
0.235165
0.23833
