0.174183
0.0807111
0.407496
0.220704
0.157318
0.154578
0.332907
0.136956
0.294324
0.215167
0.0588458
0.20787
0.182859
0.379897
0.174969
0.153719
0.178911
0.176534
0.279134
0.149922
0.0612665
0.158955
0.269853
0.205339
0.268223
0.252559
0.192867
0.244279
0.338169
0.168028
0.187891
0.131611
0.218531
0.231971
0.290556
0.288547
0.161477
0.250308
0.355664
0.297182
0.222461
0.452572
0.543804
0.0947918
0.311599
0.307746
0.269833
0.289968
0.175627
0.18737
0.259454
0.324617
0.206875
0.352147
0.147334
0.0853094
0.173254
0.217575
0.0934667
0.0888728
0.173834
0.165272
0.294343
0.350129
0.26003
0.0590684
0.389611
0.401816
0.211288
0.256541
0.17656
0.170977
0.321134
0.107628
0.246785
0.285937
0.188411
0.343724
0.190054
0.427942
0.277401
0.164095
0.0985548
0.172176
0.0977255
0.327585
0.145034
0.279107
0.1321
0.168101
0.343066
0.362334
0.124056
0.242227
0.073276
0.303111
0.334955
0.25877
0.38327
0.246789
