0.187408
0.197603
0.150817
0.175715
0.304058
0.111023
0.150244
0.157876
0.271698
0.115305
0.154763
0.218586
0.206823
0.361953
0.438235
0.394601
0.211204
0.287389
0.22965
0.2909
0.188632
0.291682
0.148281
0.263472
0.290365
0.194041
0.222039
0.141392
0.175309
0.116035
0.295446
0.361029
0.436701
0.147211
0.175737
0.216228
0.383342
0.249464
0.198422
0.309489
0.251254
0.227669
0.20593
0.168194
0.133042
0.340457
0.294196
0.180531
0.140081
0.205427
0.142625
0.187076
0.0760443
0.44009
0.11399
0.134802
0.110023
0.401219
0.253339
0.230933
0.111817
0.349246
0.0742563
0.202944
0.130625
0.143678
0.378967
0.133901
0.177695
0.173872
0.282985
0.421824
0.168758
0.14233
0.155457
0.286503
0.220202
0.2978
0.0814938
0.126788
0.188186
0.256349
0.170197
0.210027
0.607967
0.251406
0.200346
0.302203
0.308375
0.142619
0.180908
0.324652
0.414427
0.161219
0.204722
0.0943347
0.356411
0.31865
0.227557
0.335546
