0.30767
0.2633
0.303118
0.132566
0.159881
0.142585
0.0623685
0.298787
0.223476
0.241204
0.254009
0.299636
0.172491
0.250089
0.169672
0.327521
0.194934
0.217611
0.342694
0.12832
0.17936
0.21433
0.135542
0.181609
0.357189
0.107389
0.287848
0.236209
0.166483
0.354503
0.244006
0.12677
0.447324
0.189144
0.133672
0.139743
0.193525
0.259127
0.239562
0.201729
0.423976
0.324034
0.25002
0.178678
0.434071
0.255845
0.117136
0.140416
0.223218
0.25697
0.125245
0.281481
0.247443
0.239532
0.253484
0.540373
0.134297
0.455386
0.0998363
0.21296
0.309052
0.367983
0.274125
0.285196
0.215102
0.145335
0.213215
0.232326
0.215784
0.236523
0.206327
0.232003
0.164965
0.0627759
0.343802
0.377958
0.187948
0.173482
0.108944
0.334996
0.230349
0.107213
0.0972734
0.269749
0.267641
0.266127
0.245757
0.160608
0.219485
0.233382
0.0924491
0.24016
0.206724
0.185943
0.208097
0.433492
0.345632
0.33989
0.242283
0.0323719
