0.219273
0.10677
0.355931
0.222378
0.116027
0.229423
0.181044
0.449247
0.227258
0.280069
0.194658
0.35187
0.253603
0.357224
0.116918
0.247072
0.265271
0.275929
0.15387
0.130634
0.114046
0.216088
0.270912
0.238568
0.253578
0.137909
0.311297
0.204046
0.215461
0.153623
0.342353
0.0816478
0.321214
0.302735
0.336778
0.07178
0.243501
0.309574
0.220717
0.239715
0.341181
0.217817
0.240773
0.235366
0.197038
0.210136
0.287784
0.24405
0.390551
0.220289
0.374945
0.270507
0.113817
0.163505
0.192922
0.159531
0.243169
0.221728
0.235902
0.126711
0.281257
0.108636
0.458723
0.131931
0.146367
0.255441
0.166383
0.301249
0.142679
0.235433
0.145536
0.134341
0.288846
0.428018
0.136688
0.214877
0.169767
0.363656
0.113973
0.27414
0.362142
0.158123
0.42955
0.158133
0.137247
0.242453
0.12788
0.349358
0.309435
0.209769
0.192536
0.125087
0.150769
0.114462
0.406253
0.11245
0.143431
0.283415
0.35074
0.395767
