0.227319
0.2469
0.432985
0.23705
0.151648
0.278838
0.235252
0.250322
0.274597
0.186372
0.274167
0.151623
0.151942
0.182793
0.136427
0.318566
0.542492
0.136973
0.143511
0.287304
0.225046
0.311847
0.311987
0.412445
0.197091
0.220199
0.138241
0.358263
0.20141
0.166313
0.270119
0.363532
0.311361
0.106631
0.225941
0.157105
0.342268
0.388349
0.240357
0.0827008
0.0208885
0.292991
0.25312
0.366827
0.162764
0.248254
0.36588
0.105192
0.174344
0.115452
0.147339
0.149872
0.112823
0.310241
0.0806883
0.277182
0.269371
0.145234
0.159802
0.191811
0.154328
0.236608
0.329165
0.306248
0.111662
0.171962
0.125866
0.329984
0.333886
0.123372
0.208159
0.152061
0.317387
0.379212
0.0719033
0.295501
0.190629
0.231746
0.107333
0.277979
0.383922
0.165456
0.278613
0.278649
0.305813
0.127558
0.217131
0.217273
0.312546
0.309491
0.1968
0.0675737
0.382162
0.146589
0.181101
0.145261
0.243485
0.38047
0.217956
0.279152
