0.0813308
0.170178
0.150817
0.215642
0.322399
0.214772
0.310088
0.250321
0.207501
0.202951
0.294063
0.153889
0.20587
0.288917
0.459233
0.325407
0.24681
0.298077
0.287509
0.172601
0.222074
0.301093
0.405417
0.168589
0.360763
0.194041
0.176965
0.0900438
0.118493
0.0908787
0.265506
0.137819
0.0515456
0.298535
0.226902
0.281209
0.133143
0.300861
0.381011
0.371757
0.15924
0.14623
0.298064
0.202701
0.195877
0.335007
0.194675
0.231364
0.122732
0.228339
0.159378
0.296047
0.312851
0.252992
0.392886
0.226499
0.424316
0.244546
0.100423
0.331537
0.177964
0.269309
0.107796
0.304853
0.180139
0.143678
0.143554
0.244659
0.0356897
0.220438
0.379351
0.200375
0.300131
0.259186
0.0976458
0.119565
0.123891
0.36525
0.0943905
0.133809
0.29778
0.20928
0.132216
0.215643
0.12542
0.172968
0.304905
0.152142
0.510483
0.343409
0.14551
0.351897
0.314357
0.262751
0.284081
0.252086
0.319341
0.134879
0.245942
0.193815
