0.332613
0.396897
0.0974817
0.211524
0.25893
0.305267
0.167134
0.316107
0.283973
0.0975166
0.149413
0.377406
0.146344
0.213752
0.284924
0.151618
0.163002
0.214076
0.133304
0.253589
0.139385
0.296575
0.237577
0.233734
0.398499
0.289798
0.252847
0.167151
0.174232
0.333918
0.0912433
0.263817
0.148747
0.139582
0.225358
0.200295
0.284099
0.347629
0.298732
0.410909
0.133021
0.254303
0.234993
0.200914
0.159584
0.375946
0.195614
0.390713
0.236944
0.245656
0.0801162
0.215843
0.303685
0.246247
0.29543
0.18476
0.187158
0.506563
0.198954
0.295533
0.229275
0.130319
0.225506
0.362876
0.126169
0.261909
0.136752
0.213106
0.149671
0.220194
0.233706
0.388556
0.180494
0.249403
0.268352
0.207388
0.498069
0.30031
0.247495
0.153331
0.24563
0.125497
0.331249
0.177513
0.331381
0.132472
0.0879385
0.145038
0.296877
0.263071
0.252122
0.203168
0.22169
0.0991497
0.32189
0.199461
0.182329
0.208113
0.240601
0.115361
