0.255741
0.211147
0.128821
0.135381
0.447339
0.263648
0.256539
0.372904
0.186108
0.172432
0.373288
0.27958
0.343663
0.33148
0.243547
0.230121
0.280089
0.174361
0.405925
0.0319577
0.125086
0.255608
0.152053
0.0753282
0.316353
0.190056
0.134775
0.171143
0.258966
0.168636
0.0856843
0.308573
0.281663
0.277535
0.289208
0.13686
0.316923
0.120922
0.333126
0.259174
0.294956
0.223063
0.16251
0.338657
0.14542
0.329697
0.226467
0.192544
0.372401
0.270578
0.242838
0.125655
0.164091
0.20842
0.311596
0.17262
0.350324
0.161179
0.168188
0.295861
0.36892
0.262657
0.180242
0.129094
0.212653
0.355422
0.323384
0.112847
0.28289
0.193358
0.23876
0.201306
0.315401
0.154923
0.30192
0.0911938
0.336953
0.28731
0.162218
0.319177
0.120356
0.43854
0.224404
0.260381
0.0735807
0.224938
0.368163
0.235666
0.129337
0.139216
0.149584
0.163252
0.198794
0.278895
0.117187
0.2636
0.12514
0.3519
0.339314
0.168182
