0.357166
0.189111
0.432804
0.201792
0.227572
0.232547
0.343159
0.224447
0.301208
0.18928
0.204762
0.226487
0.399276
0.425559
0.285993
0.135222
0.372031
0.161813
0.199598
0.327392
0.170917
0.35024
0.270595
0.154003
0.271482
0.0809316
0.241722
0.345167
0.24495
0.0778637
0.230686
0.28985
0.156364
0.18127
0.256589
0.412904
0.303508
0.222714
0.226375
0.152493
0.319007
0.203844
0.217925
0.327453
0.250694
0.1266
0.202611
0.170693
0.19112
0.12777
0.127197
0.442221
0.193627
0.131167
0.310889
0.23419
0.366294
0.132015
0.331875
0.137812
0.23441
0.0940682
0.160636
0.231444
0.234004
0.35694
0.157552
0.278978
0.156259
0.131822
0.0594477
0.221598
0.181796
0.166835
0.135156
0.245771
0.214226
0.291899
0.068477
0.11581
0.21903
0.197984
0.290741
0.255649
0.107863
0.383112
0.200101
0.297272
0.389852
0.291317
0.152717
0.236525
0.28053
0.243271
0.303207
0.221707
0.416542
0.0859049
0.171483
0.231973
