0.421731
0.231751
0.128257
0.231409
0.248575
0.141488
0.250476
0.13437
0.239356
0.228813
0.285041
0.209854
0.419674
0.121763
0.211308
0.348857
0.280921
0.261156
0.17569
0.448221
0.0623248
0.143828
0.221914
0.366003
0.176665
0.217744
0.146296
0.246473
0.145052
0.301912
0.0409062
0.250823
0.237538
0.176503
0.250849
0.318475
0.12365
0.133174
0.419756
0.166138
0.185996
0.257047
0.237769
0.215303
0.120824
0.301395
0.227861
0.287206
0.0806831
0.146606
0.401792
0.279634
0.183071
0.0836871
0.404748
0.309032
0.215288
0.0476916
0.328104
0.25822
0.109661
0.371623
0.417726
0.117613
0.300957
0.143097
0.376247
0.282269
0.339406
0.267042
0.135939
0.150654
0.171522
0.309293
0.10266
0.328071
0.187742
0.438119
0.20405
0.175874
0.144219
0.250203
0.261708
0.367223
0.224274
0.238191
0.254984
0.151992
0.201585
0.0736979
0.199122
0.292449
0.249661
0.182071
0.23119
0.187822
0.197832
0.359102
0.118915
0.292869
