0.247476
0.347967
0.216935
0.242793
0.123849
0.18978
0.392138
0.222381
0.438948
0.165158
0.163646
0.186651
0.322639
0.284944
0.19697
0.180808
0.131787
0.162035
0.254582
0.167392
0.182922
0.142905
0.279389
0.281572
0.267609
0.249422
0.216597
0.248776
0.302328
0.248538
0.300505
0.257265
0.0891956
0.282477
0.205159
0.16602
0.357287
0.315848
0.19516
0.258362
0.242339
0.188986
0.248189
0.344508
0.0375234
0.357804
0.127703
0.201822
0.28836
0.240175
0.3992
0.0532462
0.218528
0.225055
0.297936
0.298495
0.174495
0.175209
0.32715
0.388864
0.261113
0.147947
0.282273
0.22316
0.185425
0.219129
0.156039
0.30506
0.251918
0.206154
0.234284
0.127595
0.19351
0.467195
0.290385
0.395781
0.0334523
0.219688
0.18947
0.214669
0.23166
0.10698
0.183659
0.176793
0.262357
0.243291
0.239076
0.469461
0.183577
0.114865
0.147569
0.285971
0.278804
0.270843
0.369475
0.101863
0.21423
0.264657
0.218964
0.216127
