0.463956
0.253721
0.0373619
0.233734
0.351716
0.218754
0.312687
0.373584
0.435715
0.173309
0.357502
0.117007
0.181337
0.0709101
0.320652
0.335129
0.221248
0.12407
0.258891
0.0795797
0.0912974
0.200893
0.347858
0.102588
0.205129
0.256269
0.263028
0.362521
0.180263
0.0449522
0.155031
0.176026
0.394771
0.133623
0.300113
0.299062
0.169001
0.323357
0.307695
0.267222
0.43064
0.241159
0.363409
0.122779
0.276005
0.422885
0.217642
0.107884
0.199716
0.319701
0.324472
0.23584
0.163055
0.234382
0.314115
0.263513
0.302786
0.221256
0.267588
0.4591
0.0701214
0.385119
0.278172
0.10358
0.155537
0.292904
0.0991255
0.318076
0.203935
0.130572
0.131957
0.32834
0.116709
0.0940783
0.226776
0.0969583
0.254819
0.103781
0.281463
0.197017
0.315272
0.241331
0.339792
0.27818
0.224962
0.200581
0.13691
0.116481
0.0743993
0.150721
0.205043
0.147003
0.269585
0.0590226
0.254399
0.217468
0.136529
0.284875
0.147946
0.209239
