0.102738
0.0568957
0.326887
0.245396
0.340216
0.393701
0.301251
0.263782
0.273175
0.188532
0.186188
0.13361
0.22273
0.16189
0.15804
0.203101
0.236325
0.084541
0.205612
0.104171
0.292656
0.125332
0.112139
0.183426
0.315947
0.121404
0.282483
0.0670243
0.186582
0.225419
0.33893
0.341296
0.247428
0.460291
0.244386
0.160776
0.184774
0.102221
0.319974
0.075574
0.180127
0.192904
0.253384
0.178375
0.231177
0.230259
0.31854
0.130864
0.167647
0.430055
0.176515
0.197496
0.281518
0.228857
0.15454
0.203099
0.188746
0.158367
0.259682
0.206698
0.209627
0.160523
0.451111
0.19137
0.216872
0.446294
0.286406
0.170312
0.0414899
0.377509
0.180964
0.230246
0.245035
0.237914
0.0893563
0.489804
0.19274
0.171805
0.268549
0.269406
0.127476
0.232973
0.232037
0.139962
0.175663
0.306902
0.374888
0.29636
0.474602
0.399354
0.339528
0.177891
0.373288
0.0593358
0.359384
0.255663
0.188811
0.285513
0.163424
0.132684
