0.319401
0.125121
0.1575
0.372879
0.228894
0.23379
0.0889081
0.084749
0.192902
0.131675
0.151969
0.258741
0.351309
0.329154
0.112697
0.207628
0.154108
0.216741
0.243159
0.244607
0.361147
0.152485
0.0153144
0.225288
0.558368
0.256593
0.27966
0.227725
0.19213
0.192806
0.188176
0.193534
0.244521
0.293494
0.150217
0.240384
0.250981
0.376168
0.240414
0.192189
0.106219
0.21059
0.112674
0.0705227
0.126432
0.0644567
0.240948
0.147244
0.371936
0.280355
0.126866
0.271824
0.263081
0.275611
0.294876
0.183697
0.265276
0.221642
0.342226
0.173586
0.382404
0.28548
0.33219
0.309102
0.296014
0.189663
0.143633
0.232454
0.160833
0.0739255
0.262176
0.167496
0.218735
0.333277
0.447748
0.247302
0.156862
0.127304
0.281635
0.273431
0.199829
0.146969
0.22138
0.192911
0.229841
0.316787
0.174561
0.542815
0.222383
0.30792
0.150637
0.371038
0.351504
0.204555
0.179033
0.204898
0.205588
0.120903
0.393514
0.263931
