0.308313
0.21443
0.316009
0.265718
0.210764
0.173027
0.169424
0.136745
0.374657
0.268047
0.177196
0.14476
0.161791
0.310105
0.393364
0.126913
0.281161
0.226105
0.358058
0.349914
0.186634
0.150483
0.196977
0.16291
0.189129
0.15794
0.145992
0.20686
0.327889
0.19737
0.24406
0.362686
0.187075
0.359719
0.228531
0.156534
0.331885
0.235407
0.342144
0.311208
0.173952
0.14449
0.266847
0.33441
0.355097
0.185699
0.273449
0.0837362
0.175311
0.359388
0.243407
0.129266
0.207062
0.30869
0.21116
0.155477
0.150008
0.176584
0.227423
0.0803245
0.375795
0.201472
0.295257
0.272055
0.226867
0.222311
0.139635
0.275542
0.181561
0.415306
0.247897
0.0961147
0.376654
0.364976
0.262062
0.307039
0.147165
0.175237
0.283483
0.14339
0.286665
0.275893
0.239994
0.340649
0.126591
0.176944
0.252911
0.195126
0.351997
0.0652422
0.164179
0.198385
0.239607
0.166353
0.211498
0.28367
0.301892
0.175187
0.383815
0.281436
