0.312499
0.311837
0.155911
0.212903
0.303687
0.146778
0.15528
0.1996
0.361556
0.133604
0.201109
0.258016
0.272037
0.162436
0.264835
0.105947
0.306022
0.173909
0.251264
0.135642
0.120226
0.304095
0.282971
0.27879
0.171306
0.0631617
0.208833
0.175043
0.336225
0.136165
0.235287
0.224721
0.110046
0.268318
0.328614
0.290205
0.191466
0.210883
0.137194
0.346535
0.219664
0.136512
0.258073
0.316365
0.302372
0.228059
0.351617
0.190696
0.346936
0.217815
0.0762904
0.131857
0.188119
0.199499
0.2071
0.410541
0.286034
0.152253
0.181619
0.191804
0.186709
0.351789
0.264144
0.245936
0.142011
0.247231
0.155491
0.333713
0.25303
0.0867252
0.247583
0.177717
0.286039
0.269543
0.301585
0.21889
0.0864012
0.457997
0.295531
0.264894
0.184407
0.19514
0.218443
0.135552
0.178375
0.0518741
0.308073
0.397834
0.363655
0.132314
0.231185
0.431586
0.259868
0.303804
0.295139
0.285363
0.374446
0.161593
0.37446
0.284605
