0.171554
0.132903
0.196833
0.330382
0.432564
0.453559
0.275888
0.229904
0.317846
0.267604
0.305809
0.211611
0.129107
0.302676
0.386941
0.560046
0.162048
0.24033
0.309391
0.164647
0.136996
0.132082
0.121916
0.284048
0.0703501
0.307091
0.22288
0.0747477
0.196442
0.209909
0.14613
0.189517
0.213256
0.333579
0.128826
0.289827
0.188838
0.299385
0.223734
0.204338
0.155155
0.234708
0.0913213
0.235538
0.299363
0.167831
0.103139
0.156813
0.231463
0.389498
0.213727
0.185956
0.143375
0.354865
0.478262
0.310138
0.250541
0.253379
0.242656
0.162904
0.165159
0.128322
0.185451
0.176655
0.189408
0.209652
0.278878
0.359696
0.217973
0.14316
0.362254
0.0896126
0.3369
0.157498
0.094942
0.233818
0.109017
0.15543
0.358508
0.12942
0.147144
0.165717
0.236961
0.221052
0.0903255
0.100891
0.0565088
0.342597
0.234338
0.423342
0.242448
0.294541
0.521102
0.120645
0.174954
0.429422
0.0297366
0.0977672
0.269854
0.183866
