0.260451
0.179709
0.166726
0.283686
0.195576
0.180487
0.203656
0.420981
0.402901
0.249807
0.284255
0.184241
0.247969
0.29879
0.228352
0.288482
0.298054
0.278608
0.0996844
0.109975
0.236133
0.395577
0.264206
0.22064
0.14344
0.148275
0.139496
0.234433
0.271683
0.105548
0.283504
0.154974
0.271915
0.321927
0.144748
0.276657
0.336397
0.215679
0.0982795
0.146997
0.258363
0.18765
0.345551
0.158108
0.274424
0.249388
0.209262
0.162079
0.184354
0.300479
0.231973
0.146268
0.380411
0.212009
0.414386
0.284606
0.299887
0.317634
0.115633
0.335326
0.201768
0.402713
0.166134
0.184235
0.128274
0.451997
0.404574
0.0479407
0.20973
0.330941
0.377992
0.245157
0.29436
0.212869
0.301367
0.191537
0.116915
0.246444
0.212811
0.360462
0.050164
0.186884
0.0271899
0.163321
0.14515
0.12774
0.0955852
0.17539
0.160559
0.24921
0.249941
0.250807
0.102351
0.173627
0.184174
0.399464
0.22567
0.268167
0.37525
0.229279
