0.308335
0.353574
0.142924
0.400514
0.310683
0.191404
0.163353
0.18021
0.368158
0.257091
0.329474
0.250599
0.073009
0.240553
0.212515
0.415298
0.271635
0.166964
0.329026
0.0697858
0.11002
0.356904
0.125686
0.117273
0.14276
0.237893
0.251828
0.0646346
0.0945979
0.24034
0.307888
0.260711
0.245284
0.361253
0.059345
0.149502
0.122688
0.179673
0.21246
0.257344
0.478845
0.367305
0.201585
0.234053
0.20878
0.26021
0.146723
0.162935
0.306703
0.242383
0.204312
0.226161
0.324982
0.315194
0.368542
0.247182
0.0471752
0.285598
0.180658
0.11999
0.299475
0.349407
0.196419
0.504494
0.187614
0.148876
0.244441
0.201158
0.112821
0.129728
0.111466
0.237295
0.273246
0.295769
0.270506
0.122958
0.256723
0.283199
0.309208
0.292359
0.209119
0.146645
0.309867
0.183239
0.198119
0.29968
0.183927
0.149995
0.367859
0.24036
0.279439
0.0653403
0.357827
0.0743726
0.281776
0.256723
0.145177
0.246089
0.2934
0.178288
