0.188579
0.0807111
0.0939854
0.263198
0.157318
0.154578
0.317924
0.224773
0.337805
0.253408
0.496874
0.0735146
0.182859
0.189126
0.103854
0.192678
0.213463
0.399374
0.227568
0.282679
0.35411
0.206164
0.272145
0.234716
0.211183
0.278417
0.289304
0.203257
0.0867229
0.244092
0.0724171
0.157274
0.276431
0.213515
0.539718
0.294938
0.19419
0.250308
0.322087
0.213867
0.15229
0.255369
0.113814
0.0947918
0.0580868
0.439352
0.311219
0.325929
0.246786
0.274497
0.278784
0.310358
0.145635
0.265338
0.231396
0.169283
0.0958323
0.141907
0.219201
0.315839
0.169038
0.165272
0.277383
0.350129
0.16707
0.135261
0.221165
0.447758
0.139421
0.10448
0.270422
0.149838
0.122297
0.1751
0.0920701
0.447892
0.212833
0.137716
0.393133
0.224877
0.17239
0.350692
0.0985548
0.461706
0.333723
0.205336
0.195476
0.204872
0.1321
0.255347
0.34986
0.275295
0.212138
0.242227
0.187543
0.101509
0.206425
0.188764
0.314096
0.255688
