0.243419
0.126478
0.124888
0.357756
0.201277
0.394368
0.14413
0.233355
0.204799
0.237288
0.303641
0.177122
0.335357
0.0365654
0.256669
0.329195
0.248399
0.151952
0.214935
0.15738
0.201248
0.254012
0.178979
0.133337
0.147084
0.128585
0.174845
0.100534
0.174595
0.173244
0.0588429
0.283626
0.300788
0.252305
0.143099
0.306206
0.114841
0.135846
0.111073
0.201817
0.428546
0.325454
0.212231
0.218824
0.303892
0.30557
0.204188
0.208799
0.333715
0.14467
0.261569
0.350423
0.111309
0.342508
0.251824
0.252354
0.345234
0.176293
0.185897
0.272665
0.240275
0.0994817
0.210485
0.224858
0.12925
0.307879
0.0317188
0.47728
0.127543
0.498784
0.342218
0.209239
0.387776
0.221008
0.0705049
0.144239
0.202897
0.175172
0.32888
0.23586
0.178318
0.219949
0.128051
0.153933
0.304755
0.317188
0.203462
0.155174
0.0223852
0.378014
0.411405
0.224629
0.354009
0.247466
0.292047
0.355325
0.217951
0.405358
0.307723
0.183828
