0.276928
0.298715
0.214546
0.256586
0.335695
0.229358
0.256187
0.117264
0.41157
0.295864
0.221807
0.170545
0.135158
0.335022
0.272134
0.132734
0.212981
0.372736
0.0835422
0.189153
0.370636
0.297638
0.186293
0.177766
0.0534868
0.218413
0.1415
0.270621
0.0606673
0.275726
0.241264
0.25399
0.145364
0.223161
0.145723
0.142503
0.505292
0.168257
0.224941
0.201012
0.15534
0.307521
0.205796
0.223487
0.0909009
0.189988
0.217127
0.0613418
0.219005
0.239935
0.278045
0.146514
0.293104
0.340589
0.303223
0.174484
0.384759
0.283
0.275402
0.228258
0.0727328
0.368609
0.163625
0.207228
0.220876
0.150523
0.319133
0.328428
0.307721
0.233764
0.238171
0.129971
0.253937
0.130616
0.36862
0.349928
0.179493
0.305839
0.319907
0.231732
0.0823772
0.309177
0.327088
0.118276
0.0453605
0.278171
0.29507
0.24209
0.301364
0.356948
0.0227932
0.204185
0.113675
0.326619
0.159223
0.387624
0.29243
0.101408
0.133916
0.41475
