0.166505
0.268254
0.16751
0.160409
0.423879
0.100925
0.253571
0.134201
0.331344
0.0612627
0.13856
0.0902336
0.366302
0.202077
0.179827
0.338302
0.14883
0.236703
0.420679
0.293608
0.166844
0.0865161
0.115788
0.263788
0.120227
0.186596
0.135369
0.184535
0.0770778
0.25164
0.309556
0.0908311
0.240019
0.296562
0.438666
0.323327
0.0833894
0.283213
0.250263
0.204954
0.0350913
0.152329
0.126779
0.164375
0.347954
0.139036
0.158861
0.265871
0.164229
0.572173
0.154887
0.449222
0.0879096
0.452618
0.054077
0.528541
0.242955
0.282926
0.224796
0.301437
0.184652
0.233269
0.153909
0.298669
0.271575
0.347045
0.24491
0.131294
0.160597
0.32707
0.304785
0.124317
0.391869
0.296714
0.330023
0.421664
0.199987
0.215877
0.190809
0.299264
0.0919108
0.289442
0.0598099
0.26904
0.32729
0.0344195
0.274379
0.174671
0.151992
0.241412
0.132411
0.117382
0.151438
0.246292
0.198633
0.256754
0.322469
0.167745
0.202946
0.145898
