0.528293
0.176117
0.365517
0.160486
0.326144
0.251177
0.0700797
0.209617
0.0705006
0.0487373
0.166035
0.134435
0.125953
0.315005
0.371892
0.286998
0.125603
0.0760478
0.0974448
0.235364
0.158236
0.222018
0.316676
0.132069
0.323984
0.135368
0.0443528
0.0431852
0.19662
0.0739594
0.326504
0.442405
0.263156
0.275031
0.190925
0.363884
0.210071
0.28219
0.187371
0.113957
0.322302
0.289722
0.249165
0.245254
0.271556
0.297914
0.148973
0.333307
0.239727
0.332569
0.14042
0.185637
0.221519
0.156734
0.149664
0.171315
0.171522
0.318481
0.203904
0.223249
0.184268
0.215913
0.161311
0.129099
0.306362
0.449011
0.3051
0.254699
0.164445
0.0931959
0.173852
0.622143
0.26042
0.306458
0.100443
0.244218
0.15048
0.237204
0.192505
0.314015
0.39927
0.301081
0.14889
0.255437
0.0562715
0.132022
0.25199
0.324709
0.258271
0.291528
0.203414
0.276761
0.316246
0.160751
0.128617
0.166205
0.21222
0.323555
0.345683
0.219947
