0.244943
0.262507
0.104141
0.341621
0.315121
0.384832
0.0747417
0.220263
0.399505
0.192487
0.15757
0.118322
0.271897
0.351071
0.299148
0.356132
0.174592
0.0979467
0.362724
0.327686
0.108459
0.241176
0.0805965
0.446748
0.141582
0.145071
0.210082
0.274713
0.187943
0.101669
0.394887
0.243478
0.132375
0.190023
0.165636
0.136706
0.367558
0.324468
0.310874
0.0545774
0.251117
0.091424
0.183837
0.307204
0.131691
0.0494479
0.2867
0.343961
0.154333
0.22833
0.439786
0.358746
0.252095
0.153497
0.0908128
0.295302
0.236982
0.106027
0.183493
0.133258
0.189175
0.20632
0.210485
0.320436
0.355757
0.339963
0.0717526
0.167983
0.292317
0.148618
0.219909
0.209239
0.0698752
0.47227
0.0234252
0.146413
0.175228
0.472307
0.221673
0.341366
0.172117
0.170814
0.29342
0.257277
0.230333
0.17356
0.231664
0.15008
0.15217
0.254376
0.144483
0.390084
0.143257
0.161259
0.334507
0.243858
0.37262
0.0800086
0.376488
0.0353862
