0.301207
0.208631
0.392916
0.144829
0.162504
0.369432
0.303195
0.133909
0.367372
0.315474
0.229556
0.208242
0.188537
0.210086
0.308989
0.233141
0.251499
0.133597
0.186545
0.123195
0.211463
0.233874
0.356324
0.196568
0.383137
0.23083
0.199478
0.205466
0.199373
0.372141
0.275962
0.25041
0.17953
0.17013
0.248907
0.201078
0.366378
0.166221
0.240889
0.376149
0.245973
0.479005
0.239355
0.259639
0.133869
0.303729
0.317209
0.298485
0.05294
0.322291
0.127247
0.295855
0.31593
0.260259
0.398636
0.160505
0.436336
0.31556
0.283318
0.225437
0.188281
0.274049
0.440412
0.039222
0.258664
0.244642
0.16972
0.0889405
0.155589
0.273672
0.0921098
0.134282
0.339716
0.249707
0.0787809
0.123615
0.239846
0.152303
0.184531
0.154694
0.294323
0.26154
0.243788
0.240143
0.165994
0.088465
0.3052
0.067475
0.219876
0.244102
0.24037
0.218885
0.229571
0.0798572
0.19467
0.0539493
0.308496
0.265266
0.196984
0.181662
