0.48381
0.191368
0.124143
0.224523
0.269973
0.183783
0.152635
0.239709
0.23799
0.286258
0.23214
0.166436
0.155676
0.511801
0.179085
0.271315
0.119191
0.39248
0.0980252
0.0771156
0.391508
0.113259
0.219483
0.24033
0.393034
0.152438
0.179043
0.209731
0.0527307
0.204461
0.267519
0.188324
0.137206
0.0604114
0.244368
0.293772
0.518792
0.118125
0.259212
0.168391
0.504679
0.303633
0.219623
0.311721
0.311709
0.159223
0.235252
0.201573
0.452267
0.1292
0.105382
0.301376
0.167466
0.195229
0.0707651
0.0873698
0.184534
0.189196
0.118693
0.153954
0.167207
0.442736
0.120659
0.169513
0.277938
0.0954525
0.129164
0.238629
0.30333
0.24385
0.219262
0.253763
0.129921
0.309606
0.210586
0.197702
0.0976923
0.275656
0.368289
0.111175
0.523746
0.08076
0.226281
0.270803
0.346718
0.280064
0.194494
0.162016
0.0792824
0.195241
0.327755
0.469215
0.161367
0.317353
0.285731
0.0974022
0.0641822
0.151591
0.201557
0.19672
