0.155324
0.284937
0.154976
0.387745
0.120658
0.132065
0.287181
0.387365
0.229708
0.237447
0.132701
0.334416
0.247296
0.168949
0.228598
0.188436
0.193577
0.0894253
0.174983
0.114934
0.34999
0.25073
0.259345
0.186521
0.159021
0.260385
0.273619
0.187661
0.354551
0.183008
0.250077
0.127163
0.346952
0.254984
0.229977
0.144473
0.276435
0.125527
0.267139
0.267564
0.254545
0.207783
0.133635
0.286957
0.162342
0.186824
0.175123
0.121032
0.171208
0.259499
0.219289
0.303705
0.198262
0.604212
0.208197
0.301885
0.0817735
0.261315
0.163238
0.150364
0.138884
0.452665
0.304886
0.272077
0.19395
0.366972
0.116634
0.166403
0.269143
0.0599966
0.122641
0.40676
0.261762
0.297574
0.0670057
0.469235
0.12765
0.175824
0.408756
0.112071
0.258041
0.366381
0.161447
0.347916
0.279781
0.343821
0.158566
0.161606
0.161638
0.296885
0.0796464
0.174735
0.343801
0.400335
0.214125
0.231612
0.103223
0.206766
0.228201
0.250439
