0.404786
0.126143
0.155939
0.314795
0.402514
0.219452
0.471356
0.164408
0.244853
0.186716
0.358421
0.246713
0.148679
0.309915
0.316739
0.26633
0.256995
0.204803
0.191524
0.0539857
0.438281
0.254351
0.277269
0.106877
0.235998
0.226919
0.0968715
0.179148
0.200249
0.241119
0.115383
0.375248
0.132426
0.106305
0.334491
0.0968346
0.354071
0.13061
0.161533
0.0756588
0.310241
0.256045
0.111771
0.46202
0.113409
0.119386
0.148368
0.16677
0.255218
0.290166
0.181249
0.1639
0.267853
0.327063
0.224398
0.181857
0.237304
0.119013
0.248507
0.119468
0.15367
0.204018
0.183447
0.352046
0.157042
0.366629
0.133147
0.236557
0.122024
0.172027
0.317289
0.275371
0.153282
0.0667319
0.157997
0.350158
0.19023
0.234292
0.25115
0.301882
0.292334
0.313366
0.243866
0.0905445
0.359864
0.139566
0.154462
0.267587
0.316086
0.226662
0.337864
0.526322
0.228985
0.334695
0.202249
0.0835125
0.127222
0.315667
0.308772
0.233082
