0.17997
0.121017
0.282564
0.1784
0.259396
0.0648128
0.208058
0.265963
0.364459
0.316686
0.237013
0.132966
0.199185
0.163614
0.326224
0.13269
0.1988
0.476079
0.132827
0.0678405
0.289895
0.14776
0.253845
0.167231
0.231892
0.137128
0.302661
0.36414
0.227322
0.153603
0.340614
0.213992
0.381354
0.28685
0.125535
0.121065
0.340467
0.225684
0.310704
0.172192
0.0687717
0.169579
0.108243
0.427123
0.228489
0.342594
0.191821
0.0915303
0.300661
0.0938358
0.23551
0.283581
0.271072
0.124098
0.38495
0.104847
0.148123
0.192229
0.215743
0.308036
0.177928
0.367815
0.218087
0.255207
0.241298
0.178112
0.0978393
0.245675
0.170558
0.264738
0.122717
0.239823
0.205566
0.54396
0.311742
0.131019
0.184714
0.0931362
0.218851
0.295339
0.110759
0.154318
0.355485
0.241432
0.236807
0.276499
0.28631
0.153624
0.0461449
0.197532
0.352727
0.224594
0.404116
0.149605
0.199534
0.351666
0.208561
0.453821
0.39137
0.205993
