0.0834634
0.171921
0.362191
0.190245
0.337248
0.19532
0.304641
0.290138
0.356619
0.159651
0.19194
0.314016
0.233906
0.077401
0.263278
0.124666
0.361085
0.278061
0.135003
0.207127
0.303008
0.448186
0.3066
0.0499142
0.197451
0.177022
0.331062
0.372225
0.440348
0.33624
0.131433
0.115389
0.219746
0.142737
0.282114
0.238462
0.281065
0.243595
0.198625
0.0205212
0.224805
0.266264
0.27646
0.315992
0.265003
0.169819
0.104847
0.445841
0.104586
0.296997
0.156765
0.250171
0.271244
0.207616
0.100616
0.224274
0.416889
0.211412
0.333519
0.341782
0.431033
0.216263
0.152015
0.251995
0.281037
0.397585
0.162257
0.251293
0.289057
0.0884766
0.132328
0.242555
0.252148
0.219077
0.131306
0.355484
0.221573
0.228384
0.144262
0.221151
0.139663
0.319332
0.275995
0.186422
0.203975
0.220989
0.408116
0.0942876
0.224861
0.116796
0.113744
0.162027
0.225762
0.132704
0.206031
0.124165
0.253577
0.244509
0.190951
0.203552
