0.429592
0.155073
0.0695323
0.190385
0.248105
0.0812605
0.261919
0.159995
0.0927218
0.30635
0.366152
0.17124
0.298876
0.167525
0.341171
0.119959
0.269992
0.354697
0.29961
0.279704
0.0420134
0.271926
0.308929
0.250566
0.118917
0.295326
0.253043
0.184479
0.311772
0.243483
0.183316
0.243942
0.161971
0.442233
0.098306
0.256338
0.146401
0.0775017
0.235993
0.213651
0.257072
0.276293
0.249854
0.292546
0.123983
0.287704
0.213488
0.193474
0.234794
0.227162
0.251874
0.213364
0.380078
0.140293
0.271929
0.312434
0.199783
0.27377
0.251911
0.35073
0.100053
0.243743
0.236656
0.183414
0.288132
0.159807
0.0843932
0.219943
0.350954
0.175235
0.28421
0.376712
0.166723
0.349735
0.368944
0.260906
0.308817
0.0878384
0.263109
0.0947733
0.0742172
0.36197
0.217047
0.249907
0.291177
0.15798
0.301802
0.182241
0.229731
0.241414
0.159785
0.468141
0.368277
0.148504
0.231374
0.288959
0.14963
0.179709
0.164118
0.276628
