0.326892
0.284037
0.553246
0.170775
0.163492
0.282937
0.390847
0.194329
0.246829
0.412884
0.0674899
0.178837
0.204758
0.294739
0.3569
0.272155
0.181042
0.24257
0.299315
0.189038
0.146449
0.235679
0.18312
0.0938414
0.211991
0.238973
0.156614
0.197653
0.161486
0.286637
0.389575
0.214097
0.301403
0.176002
0.119236
0.186
0.115068
0.17659
0.260549
0.305277
0.174909
0.25592
0.255002
0.29333
0.162764
0.209704
0.140762
0.271797
0.159724
0.234642
0.433518
0.271911
0.0930771
0.192186
0.286231
0.227918
0.251004
0.178516
0.0625375
0.0325508
0.407775
0.221596
0.132785
0.227928
0.329396
0.138677
0.264877
0.529984
0.255124
0.324949
0.154811
0.12888
0.232366
0.240507
0.208233
0.0810035
0.22195
0.180981
0.305518
0.236222
0.335483
0.32423
0.163481
0.342782
0.0765728
0.211862
0.36364
0.0707026
0.208216
0.216172
0.321293
0.220488
0.393927
0.330852
0.105362
0.249134
0.137895
0.183765
0.187911
0.170676
