0.1329
0.223787
0.168036
0.219405
0.293515
0.267225
0.238679
0.177858
0.036061
0.257169
0.316946
0.264982
0.229968
0.221896
0.353629
0.302445
0.109072
0.190594
0.185297
0.149697
0.171192
0.256261
0.333641
0.245922
0.222937
0.138034
0.318271
0.324867
0.165362
0.241465
0.253179
0.311592
0.127141
0.188574
0.341757
0.36145
0.117051
0.0663375
0.190678
0.247978
0.140521
0.240833
0.169362
0.426082
0.218054
0.0341141
0.354912
0.347762
0.253684
0.154202
0.347012
0.345214
0.264222
0.124261
0.356705
0.266456
0.215604
0.160366
0.186262
0.297972
0.345465
0.148335
0.198573
0.367241
0.162289
0.176009
0.444965
0.064217
0.21581
0.319931
0.0922741
0.247966
0.35021
0.384768
0.287929
0.133662
0.313925
0.139146
0.129834
0.23988
0.157803
0.0945458
0.224051
0.503188
0.257713
0.186167
0.248509
0.231471
0.309759
0.265589
0.134614
0.355014
0.182083
0.188946
0.188791
0.121495
0.164511
0.240888
0.290173
0.304245
