0.280925
0.263497
0.313077
0.350118
0.275718
0.149036
0.166116
0.188346
0.188423
0.168853
0.405438
0.142632
0.215826
0.386307
0.219882
0.336381
0.241999
0.32114
0.260045
0.291646
0.192941
0.2541
0.246998
0.172245
0.260126
0.222626
0.479109
0.149779
0.401846
0.343605
0.269487
0.295456
0.334684
0.0609971
0.215411
0.268402
0.362499
0.0732017
0.238614
0.183254
0.251601
0.131884
0.214193
0.348494
0.16551
0.0243062
0.358692
0.092246
0.146012
0.224928
0.258696
0.29934
0.0600085
0.0668581
0.381884
0.227837
0.429226
0.365781
0.252333
0.164841
0.25379
0.160844
0.26688
0.318612
0.239607
0.151671
0.171896
0.139627
0.226558
0.302961
0.204228
0.197944
0.10838
0.406442
0.0889881
0.234333
0.171947
0.0702875
0.383283
0.139577
0.129673
0.228403
0.363161
0.190096
0.334116
0.205172
0.135608
0.149642
0.244519
0.279955
0.181241
0.394817
0.171375
0.15512
0.17429
0.11573
0.24464
0.159848
0.177633
0.225172
