0.442503
0.31487
0.384946
0.269416
0.241898
0.212162
0.357394
0.304251
0.33987
0.143774
0.189184
0.226635
0.188928
0.563085
0.421763
0.135052
0.198978
0.207555
0.282661
0.108174
0.435364
0.278519
0.208958
0.187472
0.283218
0.338369
0.152269
0.196326
0.194284
0.194917
0.325442
0.147433
0.163187
0.0702818
0.100941
0.132101
0.206744
0.238174
0.23384
0.260913
0.450807
0.130503
0.163224
0.236855
0.0558181
0.301986
0.1656
0.327277
0.141254
0.217981
0.141661
0.209043
0.0655299
0.102794
0.28209
0.0659048
0.295316
0.120381
0.272169
0.133682
0.318087
0.320905
0.0881748
0.133189
0.220193
0.15923
0.379636
0.264292
0.208185
0.143011
0.128993
0.0253862
0.27775
0.354841
0.256117
0.151936
0.360634
0.230485
0.237872
0.248297
0.318961
0.0865579
0.20063
0.0906981
0.0984541
0.350354
0.238637
0.382117
0.235071
0.21881
0.334202
0.0665399
0.440553
0.147501
0.336938
0.160337
0.178693
0.253272
0.148097
0.210004
