0.183207
0.254355
0.248302
0.140163
0.160283
0.222003
0.0480944
0.240964
0.299188
0.188603
0.301123
0.231191
0.122235
0.178585
0.190143
0.245018
0.123641
0.0925389
0.21292
0.0960824
0.334989
0.199521
0.154898
0.195085
0.216684
0.203974
0.364342
0.142328
0.175332
0.0930631
0.116986
0.268915
0.236551
0.281171
0.221011
0.172453
0.202246
0.359935
0.138493
0.119161
0.324506
0.286269
0.106572
0.126976
0.246887
0.458491
0.162083
0.264079
0.120054
0.174043
0.211487
0.13161
0.140466
0.179612
0.332672
0.334889
0.214956
0.222926
0.174826
0.222527
0.408515
0.1229
0.333135
0.128917
0.267379
0.28532
0.285206
0.346457
0.209264
0.158454
0.103579
0.354716
0.212934
0.231038
0.518613
0.129209
0.214787
0.24135
0.0604956
0.245466
0.228108
0.205941
0.365893
0.176208
0.345643
0.439822
0.242317
0.136415
0.289289
0.416164
0.291528
0.373666
0.486295
0.0695386
0.306467
0.210564
0.272755
0.367839
0.383978
0.129214
