0.362525
0.351587
0.221323
0.31694
0.133806
0.310844
0.319442
0.314451
0.218226
0.186702
0.187767
0.249733
0.207866
0.224111
0.135541
0.178482
0.0854281
0.469978
0.257208
0.398641
0.117973
0.213843
0.174168
0.160408
0.239104
0.143204
0.141123
0.234289
0.349979
0.433393
0.166296
0.297015
0.24348
0.422608
0.0684306
0.0661049
0.43049
0.0380572
0.222275
0.281876
0.311291
0.215762
0.463643
0.300977
0.222684
0.261518
0.167449
0.226801
0.332102
0.208805
0.193898
0.243869
0.266177
0.150919
0.168841
0.218333
0.324969
0.1003
0.25608
0.222641
0.1846
0.200533
0.268178
0.113685
0.204395
0.181953
0.254073
0.216297
0.201976
0.210399
0.200212
0.292611
0.192119
0.181396
0.296559
0.186175
0.583643
0.0976509
0.421258
0.240801
0.227315
0.1564
0.0836619
0.265018
0.0652054
0.126985
0.185226
0.186336
0.32418
0.256389
0.312971
0.0832053
0.28198
0.0779209
0.199131
0.0864717
0.281243
0.166803
0.273761
0.17566
