0.382629
0.261116
0.231184
0.113433
0.0726241
0.278392
0.222382
0.261769
0.292174
0.556128
0.198146
0.108527
0.247492
0.157681
0.304274
0.180061
0.14511
0.335341
0.175837
0.314696
0.131215
0.329214
0.382051
0.32463
0.179105
0.118607
0.0571837
0.165102
0.325882
0.191623
0.183592
0.290006
0.102644
0.196749
0.110188
0.343934
0.298286
0.0875683
0.137096
0.186863
0.128856
0.253497
0.335956
0.383294
0.418927
0.26292
0.256896
0.381247
0.235116
0.302857
0.1634
0.354262
0.36563
0.232158
0.0993089
0.347352
0.224339
0.108537
0.0351383
0.148502
0.219364
0.170688
0.195685
0.12948
0.264797
0.449588
0.226728
0.383792
0.498143
0.13024
0.141399
0.423125
0.229177
0.228989
0.263229
0.243165
0.130217
0.110496
0.279855
0.120009
0.176258
0.168725
0.326913
0.126641
0.0842175
0.144816
0.12466
0.163358
0.22375
0.0710217
0.119118
0.189884
0.0973714
0.141626
0.229157
0.261764
0.258792
0.443294
0.074404
0.322556
