0.212545
0.383806
0.126351
0.215708
0.296668
0.175196
0.13419
0.141553
0.0814746
0.251869
0.167889
0.288186
0.0891178
0.110182
0.253791
0.12669
0.0814641
0.287444
0.247886
0.120563
0.129927
0.201109
0.0610323
0.334726
0.22525
0.24826
0.437295
0.15258
0.135999
0.276303
0.45305
0.138767
0.218534
0.112084
0.35554
0.188477
0.464579
0.230317
0.162344
0.133661
0.186373
0.133923
0.143252
0.431891
0.347729
0.158029
0.193803
0.233104
0.300365
0.225527
0.123865
0.281743
0.400382
0.0778793
0.218593
0.301471
0.104447
0.249695
0.160662
0.439466
0.288329
0.358049
0.315049
0.202704
0.400757
0.252245
0.132493
0.159412
0.287916
0.276612
0.516677
0.131239
0.44117
0.115228
0.187108
0.184217
0.219583
0.254568
0.0339985
0.181782
0.149534
0.11469
0.25582
0.210852
0.238171
0.185716
0.313994
0.379881
0.10599
0.191314
0.330006
0.344588
0.307136
0.205731
0.329489
0.228504
0.117577
0.159354
0.314793
0.169264
