0.332893
0.263207
0.12785
0.241304
0.100808
0.18978
0.260565
0.0917402
0.248946
0.248943
0.468808
0.226016
0.130621
0.240697
0.337456
0.213281
0.145843
0.162035
0.448724
0.2137
0.324541
0.187537
0.31443
0.376938
0.0977067
0.274894
0.398975
0.0938917
0.174048
0.164421
0.337307
0.164499
0.21601
0.138615
0.32543
0.179977
0.194459
0.276345
0.307895
0.227497
0.151406
0.188986
0.149607
0.227517
0.180773
0.263934
0.381365
0.393001
0.110638
0.240175
0.0974138
0.229753
0.268951
0.206013
0.325531
0.211106
0.194327
0.0930663
0.256972
0.194739
0.261113
0.264028
0.192601
0.179899
0.405804
0.287525
0.321293
0.275767
0.289754
0.141706
0.267021
0.300351
0.260491
0.172043
0.140759
0.108822
0.0631707
0.260245
0.290924
0.165677
0.191673
0.221665
0.510568
0.198656
0.155254
0.137169
0.172008
0.09621
0.341181
0.114865
0.147569
0.283611
0.329313
0.118582
0.387261
0.190621
0.178873
0.360399
0.371582
0.218609
