0.331565
0.168444
0.314304
0.206842
0.0798678
0.204523
0.231619
0.0969313
0.322439
0.294439
0.155985
0.378834
0.325163
0.296606
0.255693
0.278549
0.13902
0.214586
0.256401
0.282001
0.149178
0.171705
0.161932
0.163977
0.265146
0.156561
0.398819
0.112242
0.17076
0.284939
0.227988
0.124284
0.162722
0.218301
0.161749
0.398869
0.189308
0.423631
0.207134
0.339281
0.120837
0.25785
0.137722
0.449979
0.403495
0.128978
0.140412
0.372838
0.20976
0.158632
0.186792
0.219167
0.223431
0.137881
0.222835
0.32965
0.320183
0.175806
0.100732
0.189742
0.326157
0.07603
0.269575
0.141958
0.180139
0.188226
0.228469
0.230158
0.122422
0.479914
0.14352
0.275436
0.324606
0.249377
0.305301
0.12657
0.211465
0.112376
0.251709
0.356102
0.277733
0.209334
0.215142
0.303748
0.322373
0.106436
0.176963
0.161234
0.17865
0.192343
0.33218
0.481064
0.346052
0.258424
0.239848
0.0758368
0.318764
0.283641
0.152227
0.172427
