0.167805
0.341367
0.331624
0.131452
0.218214
0.295589
0.232241
0.289503
0.350277
0.153596
0.694546
0.256855
0.200045
0.0752802
0.253997
0.274439
0.164154
0.339396
0.0919893
0.142687
0.227765
0.155675
0.188036
0.269987
0.162351
0.339684
0.153431
0.230816
0.376473
0.155305
0.253326
0.301864
0.191199
0.270776
0.104376
0.355026
0.26994
0.277327
0.268012
0.0824403
0.310784
0.453694
0.177744
0.178724
0.155622
0.108669
0.112815
0.172856
0.280507
0.263349
0.274453
0.0694726
0.218642
0.11949
0.193263
0.0561623
0.159326
0.144634
0.11151
0.0658706
0.192224
0.338295
0.114844
0.0813793
0.213071
0.390904
0.154335
0.161755
0.328193
0.279983
0.17479
0.257905
0.285436
0.193699
0.238007
0.138934
0.401148
0.239557
0.178737
0.345936
0.245694
0.227965
0.194488
0.263124
0.379641
0.152387
0.333139
0.119228
0.384929
0.28349
0.281965
0.268177
0.213715
0.189269
0.339408
0.1021
0.242386
0.226292
0.315698
0.20095
