0.199436
0.400011
0.213419
0.310556
0.249452
0.284444
0.210659
0.201571
0.308116
0.253016
0.0741967
0.0571067
0.247781
0.0930377
0.319569
0.197327
0.260652
0.262692
0.102576
0.326117
0.300973
0.160863
0.113028
0.426051
0.24734
0.184143
0.292149
0.0323016
0.334773
0.255357
0.0840333
0.241971
0.17251
0.0405782
0.40998
0.251057
0.153021
0.265441
0.223142
0.189352
0.314095
0.329174
0.371443
0.313886
0.155622
0.201835
0.356741
0.124883
0.197218
0.0996282
0.210894
0.193772
0.486766
0.159744
0.0555571
0.257601
0.169901
0.149981
0.135769
0.225073
0.243119
0.394749
0.323275
0.20478
0.200237
0.0942548
0.187703
0.322621
0.191134
0.191787
0.353925
0.181891
0.236018
0.272197
0.262656
0.261448
0.444779
0.339192
0.263836
0.31872
0.249478
0.169736
0.0781937
0.117746
0.247219
0.165532
0.404195
0.046872
0.292363
0.267926
0.190232
0.239422
0.266036
0.134458
0.244451
0.202436
0.181372
0.311768
0.0962857
0.397931
