0.306271
0.20234
0.149906
0.352436
0.341553
0.396697
0.125402
0.194268
0.125443
0.124784
0.230568
0.197466
0.192638
0.413206
0.23779
0.420268
0.43626
0.034472
0.16823
0.391557
0.135649
0.249273
0.133706
0.145337
0.229126
0.449051
0.33022
0.218045
0.0948201
0.291024
0.219429
0.152409
0.290829
0.164564
0.310476
0.151926
0.263985
0.157562
0.27962
0.197147
0.264773
0.182585
0.398428
0.170343
0.291478
0.274465
0.232365
0.118532
0.129835
0.15948
0.326007
0.204576
0.430941
0.180736
0.301104
0.430327
0.154853
0.249908
0.359859
0.0536627
0.253215
0.190066
0.195562
0.154496
0.244915
0.157117
0.293672
0.162548
0.391936
0.149213
0.0865659
0.161295
0.106692
0.227628
0.246316
0.197897
0.233832
0.163738
0.135775
0.309695
0.29765
0.347838
0.123209
0.15436
0.103215
0.227795
0.195756
0.240041
0.466916
0.167067
0.179198
0.237286
0.276658
0.272305
0.218802
0.145178
0.34219
0.20817
0.281643
0.116983
