0.319976
0.395034
0.146009
0.392578
0.212728
0.258509
0.293429
0.265325
0.224695
0.269318
0.333234
0.377726
0.325359
0.177396
0.258174
0.217635
0.229964
0.303496
0.213572
0.396358
0.169585
0.118993
0.201173
0.242962
0.277521
0.311279
0.194472
0.176112
0.174048
0.256951
0.18705
0.208598
0.242646
0.268232
0.32543
0.097919
0.202586
0.30806
0.323883
0.260752
0.163509
0.172625
0.114086
0.105148
0.236645
0.402691
0.324443
0.244358
0.29783
0.124564
0.143083
0.196394
0.104793
0.113939
0.147167
0.0703015
0.158589
0.189005
0.245528
0.0832651
0.230362
0.164726
0.41148
0.278523
0.197531
0.290249
0.284872
0.275943
0.176566
0.254534
0.23841
0.205374
0.229322
0.058388
0.349888
0.250917
0.356182
0.167804
0.334964
0.358592
0.28257
0.192604
0.172684
0.221775
0.240732
0.18697
0.259492
0.268796
0.213649
0.250397
0.191124
0.319727
0.255124
0.146712
0.137285
0.256224
0.284363
0.412736
0.218472
0.256009
