0.23191
0.169649
0.375027
0.197973
0.335522
0.137858
0.219122
0.172857
0.275115
0.403372
0.12618
0.357601
0.0729331
0.179303
0.205605
0.157087
0.391967
0.228725
0.209691
0.323943
0.294204
0.136945
0.326834
0.207784
0.252086
0.31218
0.124197
0.258271
0.160549
0.397795
0.230745
0.16703
0.120788
0.177428
0.257486
0.214505
0.3224
0.146621
0.0665825
0.132902
0.0923174
0.404857
0.136646
0.317405
0.387519
0.215
0.255315
0.0588251
0.254533
0.481282
0.270652
0.237861
0.13643
0.115605
0.203459
0.25948
0.135879
0.33952
0.365383
0.28279
0.408706
0.11965
0.310716
0.235318
0.234659
0.384971
0.190763
0.102182
0.232494
0.112264
0.184719
0.193493
0.105787
0.244464
0.112446
0.238389
0.326472
0.310863
0.346587
0.172787
0.179341
0.264096
0.260566
0.0889954
0.212021
0.224815
0.282056
0.326083
0.134867
0.113855
0.383139
0.356457
0.263753
0.174943
0.193314
0.277662
0.23577
0.118502
0.296086
0.211687
