0.225005
0.347055
0.24791
0.322478
0.405196
0.417991
0.249709
0.214523
0.101853
0.118591
0.270864
0.486431
0.291052
0.2283
0.18022
0.291261
0.126485
0.047527
0.27094
0.0893905
0.204842
0.384484
0.37175
0.0954379
0.159761
0.0512821
0.284748
0.188209
0.448213
0.210471
0.0580048
0.207852
0.285263
0.216324
0.24852
0.221895
0.351061
0.437311
0.122729
0.0463392
0.231455
0.382987
0.207754
0.230116
0.0871733
0.404175
0.390948
0.373746
0.229672
0.112578
0.284341
0.0998485
0.224758
0.240349
0.244756
0.0693122
0.249019
0.203125
0.0822943
0.204266
0.258376
0.0176038
0.293959
0.101536
0.311517
0.200991
0.329297
0.297836
0.143885
0.0600932
0.305721
0.195965
0.22102
0.46444
0.122202
0.286734
0.0892097
0.222238
0.124642
0.10973
0.131171
0.320584
0.24456
0.276045
0.12149
0.328122
0.12921
0.186423
0.393425
0.188492
0.168951
0.18815
0.200934
0.0910458
0.352555
0.289561
0.192335
0.189594
0.206081
0.187704
