0.270174
0.30557
0.22643
0.217123
0.180215
0.394672
0.175021
0.212897
0.111607
0.367356
0.404614
0.351905
0.422972
0.181431
0.2608
0.241123
0.198097
0.116192
0.207657
0.0721092
0.0820639
0.313862
0.167246
0.170667
0.404615
0.237238
0.132067
0.334383
0.338623
0.231364
0.0990315
0.357966
0.346029
0.276628
0.34765
0.198176
0.171381
0.307326
0.258783
0.348023
0.419292
0.269836
0.159151
0.165581
0.257655
0.143909
0.206175
0.0738691
0.324623
0.201305
0.33738
0.168824
0.199989
0.313662
0.0940925
0.226283
0.199211
0.171454
0.208096
0.28102
0.11789
0.0717208
0.183139
0.393453
0.360025
0.276536
0.363361
0.318215
0.147316
0.230437
0.130984
0.135224
0.252023
0.182441
0.365917
0.13367
0.297008
0.151251
0.423039
0.317265
0.325047
0.143284
0.189534
0.176658
0.179531
0.321216
0.301489
0.256473
0.0851825
0.204592
0.0690209
0.135524
0.140551
0.179327
0.230973
0.205852
0.134852
0.147003
0.150611
0.2872
