0.265093
0.260375
0.184935
0.289407
0.263468
0.306471
0.142997
0.43787
0.441247
0.259053
0.101333
0.380478
0.141233
0.251103
0.0547139
0.120335
0.307622
0.275024
0.337596
0.282407
0.186826
0.22055
0.125553
0.225872
0.170487
0.139277
0.268052
0.111035
0.0868655
0.242764
0.262342
0.262843
0.215877
0.287804
0.170517
0.487515
0.147066
0.322439
0.232428
0.120999
0.224983
0.140708
0.173516
0.124445
0.283654
0.243217
0.315281
0.25877
0.264828
0.311102
0.435799
0.246077
0.131193
0.316877
0.327692
0.225472
0.141371
0.148143
0.105082
0.277581
0.0890585
0.300752
0.181098
0.311501
0.304071
0.271585
0.221165
0.262916
0.23115
0.133211
0.250585
0.207659
0.13984
0.261122
0.287405
0.356019
0.32195
0.137716
0.411703
0.180499
0.180214
0.521267
0.125543
0.193666
0.316512
0.196989
0.199311
0.253034
0.206795
0.17716
0.401773
0.203386
0.0967371
0.102296
0.163727
0.204319
0.174351
0.0374201
0.0395667
0.322292
