0.301207
0.107403
0.27528
0.151325
0.115291
0.186411
0.303195
0.133909
0.367372
0.315474
0.233572
0.239687
0.146495
0.287906
0.308989
0.233141
0.251499
0.163347
0.186545
0.123195
0.315732
0.239002
0.091041
0.190299
0.383137
0.25279
0.199478
0.205466
0.199373
0.372141
0.322038
0.25041
0.17953
0.17013
0.248907
0.201078
0.181199
0.166221
0.240889
0.13937
0.245973
0.320358
0.239355
0.259639
0.133869
0.303729
0.317209
0.298485
0.241961
0.322291
0.127247
0.295855
0.31593
0.260259
0.398636
0.160505
0.436336
0.31556
0.283318
0.208538
0.251299
0.218058
0.440412
0.183112
0.258664
0.244642
0.16972
0.0889405
0.117839
0.42027
0.0921098
0.134282
0.339716
0.249707
0.0787809
0.115849
0.0896545
0.152303
0.184531
0.154694
0.294323
0.26154
0.243788
0.398834
0.398742
0.137905
0.3052
0.067475
0.197405
0.244102
0.24037
0.193107
0.229571
0.0798572
0.353772
0.0539493
0.471154
0.265266
0.173114
0.181662
