0.186461
0.215255
0.178256
0.242567
0.245321
0.212302
0.368248
0.170554
0.165494
0.332053
0.236252
0.310221
0.279621
0.266078
0.124792
0.379488
0.210303
0.0976077
0.144594
0.053553
0.214893
0.17521
0.250959
0.197769
0.303197
0.132721
0.158721
0.424535
0.0994614
0.225886
0.126433
0.135449
0.266194
0.246214
0.419697
0.146118
0.346518
0.192807
0.100009
0.261239
0.0835288
0.120336
0.131755
0.348977
0.218755
0.261528
0.317912
0.199151
0.282089
0.248605
0.201219
0.281773
0.295669
0.430614
0.0624476
0.189875
0.143534
0.334336
0.254972
0.289418
0.21792
0.270579
0.21557
0.170572
0.270499
0.33524
0.241453
0.400324
0.191604
0.426589
0.276866
0.242872
0.26029
0.173157
0.241947
0.244593
0.085431
0.289488
0.138569
0.146448
0.27397
0.127583
0.24989
0.254827
0.218642
0.18558
0.259866
0.0864171
0.295937
0.40879
0.17023
0.237213
0.274026
0.249621
0.339516
0.197269
0.159402
0.343695
0.351271
0.359304
