0.324663
0.251534
0.101737
0.29862
0.282274
0.153627
0.27093
0.183177
0.0574175
0.184821
0.189734
0.195209
0.255904
0.25255
0.308989
0.36766
0.37849
0.133597
0.184397
0.113131
0.226053
0.363191
0.231153
0.150299
0.179806
0.114354
0.186605
0.221437
0.132962
0.284793
0.336818
0.178713
0.17953
0.233347
0.289111
0.201078
0.141878
0.22295
0.310122
0.15842
0.245973
0.261138
0.265443
0.389461
0.0733984
0.303729
0.204921
0.300239
0.242949
0.493227
0.140096
0.295855
0.193937
0.363862
0.524989
0.167924
0.105793
0.282526
0.388188
0.28086
0.223524
0.324954
0.297275
0.263071
0.183996
0.159222
0.179914
0.211513
0.280459
0.175655
0.191402
0.228896
0.365145
0.180036
0.0787809
0.220621
0.178553
0.152303
0.184568
0.219305
0.20621
0.398251
0.2049
0.407825
0.0675257
0.212611
0.478512
0.129129
0.210298
0.205318
0.25561
0.218885
0.229571
0.0796152
0.128546
0.0597195
0.367171
0.265266
0.214027
0.181662
