0.0856671
0.248146
0.328017
0.443937
0.139919
0.0672968
0.269429
0.312424
0.139997
0.206775
0.13422
0.21208
0.24824
0.0158223
0.270002
0.15307
0.155851
0.177114
0.137324
0.296312
0.354211
0.306643
0.151442
0.268697
0.265274
0.0965717
0.297166
0.194267
0.151009
0.185223
0.0773612
0.269798
0.0602279
0.076086
0.333305
0.561548
0.269583
0.323485
0.324987
0.374984
0.2213
0.240941
0.276836
0.12624
0.299663
0.285086
0.370664
0.145994
0.13971
0.223539
0.143044
0.234517
0.106704
0.273339
0.142802
0.192571
0.199741
0.304874
0.144738
0.21608
0.246226
0.248546
0.374203
0.329866
0.338275
0.207973
0.219437
0.121456
0.14332
0.251961
0.408989
0.258233
0.0974418
0.265918
0.178991
0.377324
0.329367
0.220666
0.249791
0.485766
0.166163
0.119858
0.275317
0.0667682
0.499933
0.342946
0.1612
0.40455
0.0955454
0.184568
0.127037
0.0908457
0.115375
0.22441
0.1909
0.190191
0.216759
0.228418
0.217673
0.22889
