0.251502
0.253721
0.17816
0.27258
0.372671
0.224758
0.368703
0.226976
0.174646
0.202203
0.397314
0.244125
0.205216
0.0709101
0.184255
0.311516
0.24801
0.12407
0.431217
0.0744192
0.140972
0.22506
0.355847
0.312903
0.205129
0.321613
0.263028
0.362521
0.186077
0.0449522
0.155031
0.35477
0.248809
0.136564
0.129538
0.106986
0.286532
0.233719
0.307695
0.202927
0.371164
0.207312
0.300628
0.192272
0.276005
0.333658
0.162961
0.19716
0.290787
0.207043
0.301215
0.23584
0.163055
0.274767
0.276626
0.260459
0.24592
0.101255
0.279985
0.465565
0.209258
0.193766
0.158595
0.289856
0.172609
0.292904
0.282365
0.205129
0.215478
0.130572
0.131957
0.397466
0.174942
0.0940783
0.436693
0.0969583
0.254819
0.139983
0.379956
0.130083
0.241168
0.134351
0.311276
0.27818
0.144614
0.114015
0.255705
0.116481
0.144237
0.340926
0.375435
0.315046
0.149554
0.234918
0.254399
0.197904
0.136529
0.180561
0.265404
0.228151
