0.102738
0.176649
0.373447
0.271492
0.252854
0.0933701
0.301666
0.210027
0.372041
0.472334
0.238055
0.188376
0.22273
0.0649936
0.292912
0.252287
0.183855
0.084541
0.0716923
0.173887
0.114112
0.259846
0.201294
0.183426
0.344864
0.0718262
0.192646
0.0742068
0.205573
0.232783
0.33893
0.248805
0.300954
0.284003
0.286422
0.256679
0.263868
0.0965818
0.319974
0.289089
0.173823
0.0800318
0.254468
0.298376
0.448144
0.233933
0.29853
0.130864
0.167647
0.319519
0.242458
0.197496
0.28944
0.140626
0.147025
0.257843
0.188746
0.165368
0.259682
0.0801677
0.209627
0.160523
0.451111
0.230187
0.147845
0.178269
0.190938
0.213558
0.399673
0.212915
0.250623
0.171165
0.223228
0.276038
0.285555
0.160042
0.210369
0.213643
0.268549
0.269406
0.162505
0.232973
0.295484
0.0870339
0.400348
0.348565
0.451294
0.319737
0.180256
0.289685
0.271102
0.214851
0.347106
0.0593358
0.349981
0.202809
0.332518
0.282001
0.163424
0.189883
