0.422945
0.126143
0.267386
0.233747
0.12755
0.369732
0.53578
0.242782
0.319091
0.144144
0.185329
0.246713
0.227459
0.198596
0.104256
0.26633
0.249349
0.162986
0.143636
0.147129
0.438281
0.257351
0.246006
0.31855
0.235998
0.118795
0.0968715
0.232147
0.160164
0.13934
0.110637
0.13388
0.131376
0.245993
0.245406
0.216504
0.290786
0.0979305
0.267784
0.253099
0.167788
0.239622
0.129343
0.207445
0.113409
0.119386
0.204491
0.195578
0.212939
0.310102
0.217448
0.191121
0.225995
0.466365
0.207373
0.181857
0.237304
0.119013
0.314148
0.242345
0.15367
0.304589
0.278655
0.213949
0.0846507
0.159759
0.184626
0.236557
0.366159
0.351728
0.465779
0.295768
0.19468
0.276396
0.293071
0.216323
0.169901
0.303765
0.185009
0.15265
0.308268
0.0787342
0.326101
0.214934
0.233535
0.264449
0.191051
0.268105
0.330768
0.409587
0.39323
0.0800652
0.159436
0.429061
0.202249
0.0974319
0.301909
0.293389
0.298118
0.115112
