0.173926
0.110847
0.063462
0.165044
0.23923
0.190582
0.28916
0.192621
0.251884
0.0825816
0.315994
0.176355
0.280422
0.197984
0.156586
0.139395
0.470444
0.117718
0.285201
0.0844351
0.205334
0.0907831
0.185769
0.253073
0.362683
0.224785
0.128005
0.219579
0.184469
0.251027
0.383302
0.297662
0.0706926
0.265604
0.318189
0.343925
0.308371
0.139611
0.32874
0.224616
0.307566
0.420455
0.289837
0.237101
0.154929
0.172418
0.13943
0.439071
0.384894
0.120641
0.1736
0.13246
0.224124
0.186724
0.173747
0.17471
0.196356
0.29565
0.266529
0.276006
0.274096
0.263196
0.33177
0.202905
0.304485
0.177373
0.28255
0.160372
0.178938
0.36545
0.541332
0.0743099
0.237872
0.174557
0.325985
0.170706
0.165897
0.147
0.30858
0.301902
0.164311
0.223881
0.138798
0.264979
0.0587298
0.199588
0.218274
0.461792
0.186744
0.127406
0.280499
0.244985
0.38553
0.277448
0.387638
0.100639
0.202185
0.174881
0.22172
0.239406
