0.23989
0.257863
0.327693
0.0694219
0.240423
0.389549
0.179518
0.203264
0.160243
0.308882
0.321034
0.0431469
0.453618
0.307045
0.178608
0.349188
0.316625
0.142573
0.276818
0.074284
0.340139
0.269726
0.212748
0.244315
0.113348
0.269536
0.255111
0.365625
0.104887
0.293279
0.184078
0.237007
0.310908
0.316188
0.152908
0.31385
0.0947863
0.143494
0.207505
0.047879
0.198951
0.23649
0.234886
0.298059
0.142204
0.146974
0.221632
0.0760071
0.34077
0.285671
0.139097
0.22904
0.211673
0.334601
0.297131
0.321604
0.298313
0.19962
0.406167
0.36488
0.350015
0.310573
0.109686
0.262262
0.321027
0.183932
0.290169
0.286173
0.100021
0.377575
0.319031
0.237392
0.279512
0.181036
0.323421
0.288443
0.285678
0.200182
0.212254
0.0372766
0.220924
0.387201
0.258806
0.141991
0.0965305
0.0828788
0.171245
0.101465
0.244394
0.318525
0.277924
0.139678
0.207101
0.266428
0.165902
0.141327
0.134432
0.272506
0.273057
0.0221204
