0.255896
0.228649
0.123718
0.534228
0.200484
0.376538
0.398802
0.326169
0.219446
0.303048
0.234446
0.313692
0.138107
0.227355
0.197516
0.453039
0.330386
0.0649237
0.151198
0.214882
0.12184
0.0732349
0.310543
0.221783
0.129459
0.190323
0.284667
0.387557
0.218852
0.226593
0.0984583
0.397984
0.292032
0.117444
0.0407811
0.180422
0.299334
0.102437
0.158916
0.146054
0.254545
0.188105
0.123953
0.150932
0.204873
0.208061
0.197569
0.0973684
0.240451
0.200233
0.249675
0.308523
0.198995
0.220379
0.161212
0.216203
0.140406
0.144636
0.215979
0.35948
0.228406
0.400533
0.2084
0.118442
0.170286
0.293867
0.0764438
0.168415
0.297723
0.339076
0.321493
0.239857
0.317014
0.116285
0.21536
0.377614
0.154382
0.43529
0.242095
0.300054
0.430592
0.107675
0.201757
0.17565
0.104295
0.196997
0.153182
0.340756
0.421476
0.33512
0.221988
0.253845
0.220897
0.243654
0.148954
0.262744
0.0495749
0.114942
0.281287
0.293806
