0.142881
0.165065
0.234225
0.197935
0.396075
0.227833
0.217058
0.179952
0.288713
0.379813
0.0578721
0.249405
0.264106
0.280607
0.415706
0.186745
0.0485109
0.386531
0.224806
0.145616
0.318202
0.284175
0.0945916
0.222057
0.0853837
0.254072
0.163632
0.284413
0.314348
0.191588
0.508866
0.159324
0.260479
0.253132
0.457755
0.0836055
0.149051
0.0684845
0.38687
0.20497
0.17839
0.228333
0.238114
0.206747
0.184048
0.369761
0.323374
0.0841766
0.195079
0.129858
0.152537
0.250169
0.193022
0.206439
0.146055
0.222507
0.284886
0.152521
0.314272
0.281936
0.189535
0.306852
0.189208
0.255258
0.234247
0.36346
0.235541
0.329771
0.113204
0.205054
0.315708
0.295876
0.101311
0.200874
0.286837
0.263125
0.210975
0.215733
0.0827316
0.232423
0.260053
0.101506
0.127908
0.211989
0.312205
0.201084
0.256847
0.199705
0.501895
0.28558
0.218478
0.303915
0.21678
0.20547
0.299015
0.33016
0.216668
0.244266
0.228699
0.138735
