0.263581
0.188927
0.312109
0.240854
0.316935
0.266766
0.218232
0.423924
0.410572
0.249807
0.108168
0.0741299
0.118823
0.29879
0.254125
0.307723
0.298054
0.182425
0.0996844
0.108948
0.207445
0.18315
0.168475
0.28409
0.228351
0.155993
0.0980614
0.103038
0.0909975
0.105548
0.308684
0.0736663
0.26297
0.357789
0.046657
0.193758
0.458412
0.355015
0.303547
0.222731
0.472474
0.303513
0.216016
0.298258
0.143916
0.331404
0.30789
0.287712
0.184354
0.108569
0.140229
0.246386
0.334443
0.212009
0.169844
0.246263
0.259862
0.317634
0.273591
0.274785
0.251338
0.506896
0.166134
0.0637045
0.257863
0.151467
0.343029
0.0479407
0.144372
0.145094
0.377992
0.245157
0.436185
0.179314
0.459234
0.191537
0.320093
0.246444
0.211651
0.261634
0.0839747
0.29815
0.150363
0.059887
0.291301
0.12774
0.154221
0.0865117
0.300606
0.203915
0.124635
0.0796758
0.335412
0.269369
0.0584506
0.345369
0.104972
0.23938
0.101873
0.143952
