0.166505
0.375589
0.16751
0.287685
0.154311
0.0525531
0.144156
0.0753045
0.259596
0.127277
0.13856
0.108757
0.172143
0.202077
0.121706
0.133541
0.309974
0.204154
0.420679
0.22618
0.166844
0.0865161
0.0707312
0.231817
0.120227
0.323074
0.135369
0.184535
0.0770778
0.332101
0.341001
0.125197
0.240019
0.349095
0.248629
0.326762
0.281081
0.283213
0.240799
0.27737
0.30707
0.152329
0.208812
0.137935
0.308555
0.461986
0.198963
0.262203
0.157284
0.413149
0.288432
0.338569
0.626641
0.452618
0.164968
0.339069
0.311326
0.377919
0.234834
0.271555
0.184652
0.233269
0.153187
0.232509
0.204556
0.321859
0.251714
0.131294
0.10897
0.32707
0.312207
0.102872
0.382902
0.0667052
0.217638
0.309077
0.254412
0.21901
0.190809
0.134294
0.0919108
0.289442
0.15013
0.388829
0.32729
0.101818
0.274379
0.174671
0.151992
0.241412
0.115901
0.117382
0.151438
0.22467
0.365457
0.256754
0.177363
0.222123
0.177292
0.127886
