0.0451731
0.238803
0.349401
0.322285
0.2728
0.407574
0.341061
0.168453
0.260116
0.403543
0.13774
0.304882
0.217952
0.150155
0.344684
0.129993
0.348243
0.161316
0.213397
0.186303
0.144295
0.151794
0.118329
0.0803321
0.556026
0.241276
0.0994247
0.203856
0.215848
0.324358
0.302087
0.267715
0.272576
0.388631
0.218716
0.279205
0.0864437
0.270426
0.185615
0.229877
0.365694
0.368629
0.302452
0.285202
0.273061
0.262041
0.260346
0.273887
0.262392
0.223282
0.198191
0.085985
0.419524
0.0194384
0.251395
0.149275
0.153216
0.219232
0.198525
0.296961
0.231342
0.263512
0.370566
0.186188
0.0990207
0.113192
0.303331
0.318006
0.208901
0.155006
0.141406
0.306202
0.287062
0.136203
0.163443
0.185545
0.336197
0.0818402
0.296856
0.361158
0.264651
0.226698
0.267746
0.320442
0.114719
0.186631
0.0691986
0.224892
0.214531
0.158355
0.22691
0.22089
0.19569
0.258103
0.177203
0.209388
0.245663
0.179036
0.177132
0.255576
