0.279065
0.200439
0.159079
0.305463
0.22937
0.375768
0.327769
0.300967
0.189214
0.288115
0.321422
0.27843
0.165138
0.255078
0.141745
0.16399
0.105573
0.196335
0.33747
0.292526
0.207831
0.045669
0.183001
0.421634
0.208779
0.183319
0.171052
0.102593
0.278372
0.305502
0.0784027
0.220852
0.352044
0.147147
0.187384
0.281388
0.214704
0.132476
0.222799
0.193491
0.260684
0.13027
0.311728
0.266071
0.19319
0.354937
0.264222
0.0836228
0.250991
0.114743
0.0989263
0.491174
0.217264
0.0641396
0.121709
0.200569
0.16826
0.186051
0.200656
0.274323
0.331695
0.157548
0.294061
0.482718
0.422922
0.225787
0.23559
0.285396
0.277251
0.273121
0.23417
0.158606
0.336377
0.204618
0.366707
0.197838
0.138402
0.152802
0.266105
0.234362
0.309556
0.267031
0.122753
0.225054
0.249143
0.264158
0.079528
0.147415
0.172931
0.187462
0.0966008
0.190789
0.353065
0.345752
0.218838
0.156301
0.183731
0.314945
0.417298
0.376721
