0.396546
0.26959
0.173659
0.389996
0.244634
0.0477752
0.0435269
0.136428
0.202827
0.0864568
0.253867
0.1509
0.320754
0.281998
0.194639
0.210601
0.373446
0.379144
0.207101
0.250007
0.215687
0.104713
0.3
0.169516
0.550576
0.264874
0.126951
0.241723
0.26042
0.219822
0.158319
0.406309
0.14332
0.453434
0.240784
0.205401
0.029397
0.303071
0.250142
0.253112
0.0986915
0.210851
0.287671
0.236038
0.131926
0.262199
0.35786
0.290451
0.338645
0.169793
0.231601
0.204723
0.239363
0.253945
0.181026
0.144928
0.283887
0.356634
0.357294
0.128917
0.193812
0.252112
0.218286
0.326273
0.232375
0.163678
0.257624
0.232698
0.422948
0.208974
0.121736
0.137225
0.314043
0.0501445
0.361478
0.328477
0.31014
0.126593
0.0222386
0.123733
0.187601
0.158957
0.324505
0.294045
0.207698
0.106233
0.0920201
0.126232
0.323981
0.257598
0.248874
0.21253
0.420299
0.201683
0.140416
0.353538
0.158635
0.11255
0.0850635
0.187413
