0.15963
0.230423
0.239853
0.534228
0.200484
0.12172
0.398802
0.326169
0.319136
0.303048
0.234446
0.313692
0.138107
0.173406
0.116077
0.453039
0.23702
0.0649237
0.151198
0.214882
0.184595
0.0732349
0.310543
0.277305
0.129459
0.145755
0.284667
0.204743
0.218852
0.276787
0.0984583
0.397984
0.2785
0.117444
0.25712
0.121369
0.244652
0.206542
0.278677
0.146054
0.254545
0.202516
0.123953
0.150932
0.0508175
0.143429
0.207297
0.145994
0.26803
0.200233
0.182964
0.313533
0.198995
0.220379
0.161212
0.192503
0.140406
0.144636
0.233169
0.35948
0.260136
0.400533
0.255051
0.100449
0.170286
0.293867
0.0764438
0.168415
0.297723
0.177525
0.38697
0.200011
0.102751
0.303125
0.309947
0.377614
0.343188
0.281937
0.387793
0.222197
0.0803613
0.107675
0.201757
0.17565
0.104295
0.358815
0.153182
0.302029
0.421476
0.207297
0.221988
0.358138
0.363666
0.243654
0.218463
0.357729
0.207651
0.285654
0.227767
0.293806
