0.142645
0.101535
0.290725
0.131269
0.227572
0.23553
0.343159
0.358821
0.32621
0.259095
0.16573
0.226487
0.241543
0.153378
0.285993
0.0977155
0.323501
0.158169
0.252333
0.417679
0.154427
0.24995
0.323305
0.32956
0.271482
0.440585
0.142084
0.293049
0.208202
0.324574
0.148732
0.253594
0.286448
0.18127
0.292473
0.348559
0.29096
0.10473
0.137281
0.0757964
0.322945
0.218673
0.13903
0.0448285
0.396074
0.16637
0.202611
0.283289
0.19112
0.12777
0.141387
0.417019
0.134523
0.157047
0.29153
0.389367
0.366294
0.300185
0.399423
0.183827
0.31673
0.0940682
0.147894
0.280584
0.29606
0.35694
0.215496
0.416752
0.156259
0.131822
0.161264
0.151166
0.181796
0.153972
0.279109
0.194509
0.12357
0.272836
0.068477
0.0794103
0.38733
0.265733
0.186384
0.203987
0.101071
0.379829
0.187831
0.337809
0.169086
0.374932
0.214224
0.236525
0.161815
0.147686
0.179721
0.198291
0.356656
0.14163
0.150658
0.163122
