0.327266
0.182019
0.29803
0.299448
0.150726
0.250118
0.333585
0.333553
0.2043
0.235926
0.382603
0.168683
0.196677
0.223619
0.238791
0.22715
0.191679
0.262968
0.097436
0.243258
0.312849
0.186306
0.153042
0.555854
0.284499
0.104554
0.205157
0.150519
0.296039
0.3621
0.0900852
0.186996
0.203884
0.31213
0.212431
0.132073
0.268533
0.159704
0.39454
0.288395
0.124947
0.202217
0.203528
0.337504
0.257941
0.0989187
0.207063
0.128252
0.157967
0.303879
0.222749
0.314789
0.114112
0.386133
0.131194
0.126752
0.385597
0.355238
0.304359
0.32268
0.292639
0.0967371
0.28783
0.176815
0.23777
0.278847
0.302964
0.293877
0.378205
0.0785249
0.305227
0.172186
0.11113
0.258173
0.235939
0.22051
0.259725
0.172255
0.176554
0.439745
0.219951
0.185698
0.184947
0.302901
0.11599
0.138617
0.29193
0.22254
0.187022
0.115868
0.293726
0.171323
0.221083
0.293167
0.278682
0.107091
0.383484
0.15385
0.178999
0.108954
