0.462914
0.415085
0.271741
0.244574
0.508239
0.190126
0.142057
0.442003
0.347295
0.28828
0.188016
0.266206
0.118654
0.209871
0.0769549
0.235985
0.226344
0.249244
0.157734
0.252055
0.163534
0.190756
0.274943
0.177976
0.259651
0.270791
0.206398
0.195499
0.220582
0.0984223
0.336473
0.310684
0.266067
0.116932
0.209551
0.189339
0.159195
0.106886
0.282619
0.207859
0.0321289
0.047428
0.175649
0.186705
0.0901067
0.181443
0.169532
0.126852
0.177389
0.275414
0.228398
0.244139
0.347916
0.318108
0.213252
0.103712
0.180597
0.0989261
0.220159
0.265
0.260512
0.196988
0.446266
0.376516
0.0855978
0.265006
0.227594
0.231886
0.0722902
0.223228
0.127816
0.228051
0.211453
0.203154
0.395029
0.19506
0.123428
0.134259
0.319845
0.317499
0.383358
0.457527
0.153401
0.271035
0.0652049
0.241064
0.405597
0.362431
0.246495
0.393725
0.181244
0.0970157
0.187621
0.150901
0.138411
0.163385
0.225734
0.371012
0.181878
0.353623
