0.243361
0.0842293
0.317201
0.135579
0.355595
0.183638
0.309138
0.222381
0.307259
0.470478
0.178292
0.167759
0.121024
0.188591
0.180033
0.33124
0.0958406
0.415722
0.177899
0.168302
0.233835
0.351669
0.261631
0.434113
0.231074
0.536921
0.462198
0.218079
0.0741062
0.26641
0.349934
0.284981
0.0741222
0.401396
0.216522
0.211089
0.177592
0.536145
0.114439
0.290759
0.242339
0.18744
0.171716
0.344539
0.181245
0.25196
0.228225
0.201822
0.209461
0.177258
0.189732
0.166533
0.333713
0.252249
0.193508
0.251362
0.174495
0.31516
0.282144
0.211374
0.175806
0.137228
0.0789683
0.382128
0.331099
0.21756
0.118978
0.228927
0.120359
0.0874782
0.258991
0.243129
0.26409
0.114773
0.0985186
0.139213
0.10728
0.188933
0.18947
0.179917
0.15946
0.294893
0.119907
0.354839
0.155079
0.148138
0.17395
0.242809
0.25903
0.319357
0.109162
0.285971
0.172711
0.246126
0.186664
0.101863
0.135929
0.383453
0.270161
0.174672
