0.162774
0.233937
0.288456
0.191577
0.223534
0.304823
0.255128
0.124151
0.235778
0.25508
0.0869606
0.237807
0.174908
0.232554
0.181913
0.25
0.25
0.332569
0.316567
0.481962
0.279602
0.298802
0.335421
0.0750957
0.0861095
0.100239
0.351835
0.237154
0.271793
0.256687
0.284471
0.206107
0.25
0.156741
0.25
0.335596
0.255633
0.266492
0.292676
0.204496
0.303203
0.301461
0.352175
0.0760265
0.25
0.25
0.221309
0.304811
0.190836
0.155945
0.280964
0.227434
0.299692
0.257297
0.280141
0.107915
0.287031
0.216097
0.21923
0.148607
0.0787581
0.208404
0.134029
0.0619224
0.228002
0.145661
0.300033
0.123148
0.186549
0.330533
0.197576
0.397686
0.261356
0.225525
0.25
0.330468
0.125894
0.286944
0.350443
0.27749
0.176712
0.25
0.172803
0.181873
0.183674
0.265221
0.06455
0.434862
0.224287
0.323984
0.286871
0.25
0.343517
0.124371
0.308037
0.25
0.250358
0.157764
0.25
0.302178
