0.353549
0.0447214
0.222422
0.253027
0.148072
0.342518
0.277198
0.153527
0.238914
0.419754
0.259793
0.400345
0.341598
0.289568
0.169279
0.103482
0.186332
0.240016
0.160721
0.230855
0.129496
0.281272
0.0991775
0.36687
0.192757
0.254446
0.269511
0.12976
0.126663
0.13848
0.267823
0.248688
0.414024
0.399809
0.239387
0.321246
0.037631
0.0887014
0.128084
0.322765
0.174817
0.205995
0.215339
0.00969314
0.266949
0.207786
0.184519
0.152962
0.220447
0.286765
0.241134
0.185237
0.191349
0.260612
0.336654
0.081794
0.214701
0.309236
0.216166
0.190251
0.364217
0.360049
0.186943
0.155913
0.380944
0.255291
0.175171
0.442702
0.195156
0.0897549
0.0268914
0.51272
0.249846
0.23685
0.344954
0.330267
0.0543975
0.112906
0.224872
0.427919
0.203667
0.3172
0.207683
0.16355
0.155384
0.230176
0.123302
0.228548
0.191606
0.28077
0.113869
0.0914809
0.191135
0.279827
0.246192
0.169674
0.323394
0.210831
0.398583
0.204248
