0.463544
0.174256
0.324375
0.457379
0.231976
0.191006
0.218997
0.313916
0.278404
0.15167
0.28005
0.202745
0.238995
0.13451
0.165764
0.256183
0.176281
0.264424
0.0692363
0.39335
0.179736
0.207188
0.205684
0.0844397
0.141649
0.185908
0.114528
0.0812468
0.134827
0.172844
0.265084
0.179046
0.191581
0.320289
0.217247
0.369049
0.258593
0.112385
0.451676
0.159449
0.160953
0.341434
0.37163
0.173776
0.109066
0.0749806
0.193136
0.253716
0.0974283
0.491928
0.165516
0.0495786
0.332491
0.340298
0.265443
0.26574
0.112247
0.300603
0.108125
0.256736
0.218319
0.102999
0.118917
0.206193
0.104124
0.295161
0.37794
0.294167
0.362247
0.225973
0.117719
0.185193
0.156844
0.347717
0.122498
0.12924
0.149236
0.341116
0.352342
0.21072
0.0942158
0.172995
0.151921
0.197382
0.479602
0.239969
0.359691
0.410454
0.373945
0.256687
0.193639
0.286151
0.241237
0.133147
0.0862658
0.236626
0.232727
0.0650408
0.068802
0.439731
