0.334528
0.32873
0.14062
0.349606
0.28354
0.304312
0.16288
0.295399
0.256404
0.283862
0.336411
0.28864
0.189597
0.243765
0.232545
0.306246
0.0965899
0.105981
0.192299
0.0794329
0.191084
0.116295
0.218365
0.22829
0.218999
0.277847
0.267829
0.129125
0.268844
0.239829
0.301541
0.0744181
0.394469
0.17537
0.189695
0.1439
0.185783
0.176786
0.220136
0.150976
0.272661
0.16374
0.235191
0.19013
0.146066
0.279689
0.0522238
0.136766
0.206298
0.227219
0.156807
0.234703
0.0104039
0.242617
0.398315
0.303692
0.0843486
0.373926
0.313444
0.211323
0.0840634
0.110885
0.349439
0.26231
0.178571
0.311069
0.188967
0.148532
0.10319
0.446963
0.351408
0.321229
0.275809
0.249609
0.293267
0.216446
0.391971
0.32553
0.319527
0.23759
0.39036
0.273025
0.312554
0.187151
0.379469
0.384561
0.282931
0.245305
0.169851
0.216434
0.0940345
0.269948
0.335114
0.134417
0.103417
0.215009
0.3006
0.128694
0.139887
0.329121
