0.183207
0.254355
0.248302
0.100772
0.160283
0.330693
0.0480944
0.207906
0.038965
0.163261
0.237411
0.231191
0.150461
0.178585
0.24322
0.245018
0.185032
0.221031
0.220425
0.226044
0.324701
0.199521
0.154898
0.570769
0.216684
0.203974
0.364342
0.155112
0.175332
0.0930631
0.116986
0.268915
0.255807
0.288795
0.146791
0.281363
0.334337
0.359935
0.301123
0.119161
0.324506
0.228191
0.0509194
0.247293
0.10737
0.260801
0.162083
0.120383
0.120054
0.174043
0.24163
0.276361
0.185857
0.179612
0.25364
0.314896
0.214956
0.222926
0.174826
0.360327
0.379369
0.173374
0.29192
0.131375
0.267379
0.267011
0.285206
0.36598
0.233684
0.158454
0.103579
0.233085
0.225629
0.199299
0.518613
0.181059
0.214787
0.222145
0.0604956
0.245466
0.184452
0.205941
0.273538
0.176208
0.345643
0.439822
0.224427
0.239268
0.186694
0.416164
0.291528
0.108931
0.486295
0.200622
0.282865
0.207226
0.272755
0.367839
0.224277
0.193233
