0.168529
0.214901
0.285091
0.203607
0.256921
0.328274
0.248563
0.233469
0.119777
0.18506
0.0407498
0.15017
0.314347
0.296292
0.383618
0.155485
0.233531
0.30152
0.172377
0.185027
0.154427
0.114509
0.298024
0.24931
0.324901
0.342894
0.145817
0.28823
0.358721
0.195081
0.240186
0.268752
0.400535
0.234188
0.177366
0.171365
0.155312
0.332549
0.264733
0.279295
0.28326
0.272304
0.326458
0.229818
0.214568
0.289355
0.15536
0.20521
0.255784
0.358086
0.365339
0.34326
0.214683
0.240493
0.353481
0.113958
0.310183
0.131629
0.259073
0.183827
0.311735
0.238675
0.1524
0.297741
0.265785
0.419628
0.0953065
0.353611
0.338239
0.323776
0.2065
0.289874
0.13749
0.153839
0.288227
0.235812
0.204056
0.0949932
0.101465
0.426616
0.214841
0.309403
0.143774
0.136596
0.170068
0.108968
0.182726
0.0564859
0.0908277
0.2296
0.173721
0.187608
0.242421
0.256681
0.26857
0.237199
0.0811834
0.161578
0.367054
0.343598
