0.331385
0.0466031
0.12861
0.379728
0.306016
0.107086
0.375653
0.26937
0.129955
0.157027
0.20468
0.133728
0.0890896
0.303088
0.274133
0.220608
0.0827878
0.509369
0.229415
0.182793
0.469045
0.147473
0.160029
0.205716
0.177577
0.293721
0.278624
0.237654
0.0823417
0.346951
0.297538
0.445697
0.141671
0.297731
0.240177
0.142981
0.197211
0.200091
0.342412
0.372664
0.179563
0.314593
0.181396
0.250113
0.432446
0.402494
0.214699
0.204855
0.270825
0.179518
0.305669
0.238161
0.217655
0.210798
0.272729
0.205677
0.172541
0.167434
0.152166
0.233733
0.211106
0.273249
0.289916
0.0920048
0.16816
0.282194
0.109057
0.186691
0.21458
0.292668
0.351425
0.189179
0.107397
0.258367
0.155961
0.0683534
0.188201
0.096621
0.13686
0.189887
0.234075
0.161434
0.105201
0.181776
0.30642
0.199958
0.276496
0.324976
0.230266
0.20609
0.249278
0.0871768
0.348858
0.402655
0.496646
0.12137
0.158288
0.113494
0.177511
0.367151
