0.15097
0.293578
0.194781
0.222378
0.141918
0.229423
0.148136
0.449247
0.295718
0.35004
0.148621
0.222495
0.195019
0.301764
0.116918
0.247072
0.297472
0.381395
0.15387
0.322248
0.114046
0.353199
0.320729
0.446008
0.253578
0.137909
0.137297
0.262305
0.164543
0.282447
0.342353
0.144923
0.353054
0.223728
0.0533133
0.07178
0.243501
0.119054
0.291092
0.298405
0.328299
0.304338
0.113112
0.263149
0.125426
0.210136
0.145739
0.134709
0.390551
0.220289
0.338448
0.270507
0.113817
0.163505
0.288088
0.337931
0.380261
0.295353
0.235902
0.126711
0.281257
0.108636
0.428086
0.131931
0.235134
0.250437
0.242112
0.141984
0.199264
0.281639
0.153987
0.0864614
0.118774
0.241254
0.213039
0.365821
0.116833
0.313576
0.113973
0.18139
0.364338
0.137622
0.236844
0.176265
0.311019
0.15126
0.13548
0.349358
0.312402
0.111289
0.192536
0.125087
0.150769
0.237472
0.192339
0.11245
0.143431
0.425358
0.35074
0.388575
