0.17407
0.21608
0.160168
0.276035
0.169623
0.182296
0.146864
0.108879
0.37037
0.191496
0.250387
0.155503
0.0510318
0.172806
0.11513
0.17543
0.372504
0.205822
0.132393
0.244366
0.144612
0.235354
0.125914
0.272791
0.199701
0.0593055
0.375355
0.363584
0.4689
0.267885
0.226509
0.0763787
0.191322
0.150513
0.302596
0.13454
0.265075
0.340455
0.203869
0.279635
0.397794
0.155245
0.204793
0.205059
0.171374
0.190841
0.316538
0.262797
0.181512
0.0463763
0.173161
0.111007
0.281558
0.30174
0.331614
0.135383
0.262931
0.407505
0.246613
0.114933
0.295319
0.259267
0.373457
0.338763
0.390268
0.119651
0.225525
0.257826
0.265604
0.0882881
0.335431
0.487098
0.0785934
0.133687
0.419362
0.295348
0.299691
0.206291
0.433983
0.247926
0.161264
0.156616
0.248396
0.191668
0.146711
0.181373
0.199563
0.255079
0.162758
0.268475
0.163674
0.095585
0.429912
0.297227
0.100845
0.0892666
0.0731848
0.183169
0.32077
0.469997
