0.199436
0.400011
0.190722
0.175786
0.335819
0.199626
0.232241
0.13367
0.308116
0.253016
0.198819
0.0571067
0.247781
0.0930377
0.319569
0.197327
0.275686
0.266825
0.102576
0.130234
0.300973
0.160863
0.107783
0.154828
0.159016
0.182556
0.292149
0.0323016
0.334773
0.345645
0.0840333
0.134533
0.318647
0.294416
0.300907
0.231238
0.153021
0.265441
0.223142
0.0766332
0.314095
0.329174
0.371443
0.373607
0.155622
0.201835
0.158445
0.124883
0.197218
0.0996282
0.260955
0.386777
0.507304
0.159744
0.0555571
0.155721
0.169901
0.353063
0.135769
0.206384
0.243119
0.409712
0.323275
0.130705
0.229579
0.387626
0.246773
0.0562589
0.268637
0.191787
0.436815
0.181891
0.0779493
0.272197
0.262656
0.322872
0.293436
0.378302
0.263836
0.31872
0.275435
0.394939
0.108182
0.117746
0.247219
0.095883
0.404195
0.046872
0.26805
0.267926
0.27797
0.239422
0.266036
0.134458
0.218447
0.18859
0.165248
0.235382
0.132458
0.32833
