0.217338
0.306066
0.12248
0.0688685
0.179499
0.253126
0.28433
0.179738
0.281982
0.140152
0.421812
0.112291
0.218064
0.128648
0.372132
0.298193
0.200119
0.187024
0.129636
0.261566
0.370543
0.213768
0.25892
0.368902
0.300073
0.234545
0.243466
0.246208
0.278959
0.126512
0.191315
0.296113
0.223316
0.235127
0.191741
0.23999
0.151043
0.35057
0.532458
0.147902
0.190647
0.183097
0.322841
0.0392141
0.115378
0.132564
0.167358
0.143962
0.0847341
0.248302
0.27223
0.116881
0.442679
0.173825
0.322353
0.411613
0.169384
0.21405
0.179443
0.222762
0.223925
0.129995
0.3313
0.206564
0.208228
0.249254
0.333885
0.326777
0.116907
0.200498
0.050345
0.300855
0.255297
0.302564
0.273569
0.143502
0.175962
0.298187
0.148909
0.11605
0.333477
0.283955
0.26308
0.281913
0.193415
0.154738
0.399233
0.323405
0.149649
0.10336
0.166626
0.138506
0.400414
0.361397
0.285065
0.0866389
0.116559
0.4981
0.126349
0.223396
