0.214677
0.288542
0.243667
0.263717
0.33416
0.221084
0.113488
0.187268
0.393714
0.293358
0.158911
0.186784
0.103653
0.33223
0.317355
0.261146
0.471595
0.300212
0.287649
0.239331
0.30525
0.276545
0.224213
0.34511
0.387016
0.197456
0.225646
0.134599
0.399678
0.132269
0.242807
0.2085
0.274044
0.298039
0.298979
0.22446
0.311847
0.19503
0.203919
0.239423
0.120563
0.134838
0.207409
0.154154
0.212636
0.16521
0.181037
0.167774
0.173248
0.0889133
0.205508
0.284574
0.289622
0.336495
0.200313
0.241191
0.258692
0.427367
0.295103
0.0921284
0.263519
0.15688
0.0253492
0.0944644
0.225828
0.347771
0.353616
0.209299
0.197269
0.275325
0.124633
0.258742
0.156399
0.156747
0.128494
0.317982
0.344472
0.329064
0.441597
0.306381
0.319685
0.226043
0.168898
0.152573
0.0837093
0.0919969
0.249213
0.128555
0.172519
0.266386
0.159998
0.125011
0.228086
0.227609
0.337635
0.214412
0.198272
0.164473
0.196522
0.395516
