0.166505
0.375589
0.16751
0.263151
0.154311
0.100925
0.144156
0.134201
0.298146
0.0612627
0.13856
0.0902336
0.366302
0.202077
0.179827
0.338302
0.421915
0.236703
0.420679
0.257617
0.166844
0.0865161
0.115788
0.263788
0.120227
0.240611
0.135369
0.184535
0.0770778
0.25164
0.309556
0.0908311
0.240019
0.296562
0.438666
0.167344
0.0833894
0.283213
0.250263
0.204954
0.0350913
0.152329
0.126779
0.164375
0.347954
0.18234
0.158861
0.265871
0.321726
0.736522
0.154887
0.389266
0.0879096
0.452618
0.054077
0.253521
0.242955
0.377919
0.224796
0.334308
0.184652
0.233269
0.153909
0.298669
0.353629
0.347045
0.24491
0.131294
0.10897
0.32707
0.304785
0.124317
0.29061
0.296714
0.330023
0.355669
0.199987
0.215877
0.190809
0.293806
0.0919108
0.289442
0.0598099
0.26904
0.32729
0.0344195
0.274379
0.174671
0.151992
0.241412
0.0709154
0.117382
0.151438
0.246292
0.198633
0.256754
0.322469
0.167745
0.202946
0.145898
