0.241838
0.303203
0.176357
0.111331
0.455312
0.262487
0.232488
0.353286
0.281023
0.107914
0.19106
0.218566
0.122473
0.40545
0.156831
0.262814
0.136853
0.21339
0.145687
0.364699
0.460146
0.348115
0.201525
0.318434
0.286799
0.0581204
0.319078
0.256986
0.202083
0.13506
0.142748
0.345235
0.10925
0.211308
0.340555
0.481226
0.26177
0.197138
0.147288
0.149364
0.155503
0.219485
0.279321
0.258528
0.220692
0.205163
0.0453204
0.108109
0.200872
0.250407
0.340487
0.273787
0.321061
0.258006
0.454668
0.285388
0.230626
0.267533
0.354581
0.122331
0.0964213
0.266288
0.197983
0.0882582
0.175571
0.185927
0.191388
0.331496
0.167151
0.204522
0.185395
0.166701
0.184686
0.276056
0.23076
0.165242
0.0903169
0.30819
0.170699
0.30359
0.138071
0.203142
0.15908
0.318803
0.111046
0.237411
0.327736
0.10382
0.197055
0.194297
0.140033
0.21872
0.177569
0.147474
0.419658
0.172581
0.409808
0.382399
0.328812
0.164357
