0.306271
0.10939
0.149906
0.352436
0.341553
0.398206
0.125402
0.194268
0.125443
0.218118
0.145453
0.197466
0.192638
0.413206
0.23779
0.315227
0.140267
0.034472
0.16823
0.358123
0.197317
0.249273
0.133706
0.145337
0.229126
0.449051
0.33022
0.291059
0.0948201
0.182554
0.219429
0.152409
0.283614
0.164564
0.193932
0.240123
0.263985
0.157562
0.27962
0.197147
0.264773
0.182585
0.398428
0.170343
0.291478
0.274465
0.211084
0.153253
0.129835
0.263663
0.262885
0.204576
0.430941
0.180736
0.243903
0.430327
0.154853
0.204746
0.346537
0.0536627
0.267213
0.207502
0.195562
0.154496
0.22768
0.157117
0.293672
0.367183
0.389509
0.174571
0.0865659
0.161295
0.106692
0.227628
0.246316
0.197897
0.233832
0.163738
0.135775
0.309695
0.301629
0.347838
0.130681
0.440992
0.206562
0.361811
0.302496
0.240041
0.331073
0.167067
0.239116
0.237286
0.276658
0.187627
0.218802
0.228586
0.34219
0.226892
0.281643
0.116983
