0.359142
0.340814
0.309817
0.246559
0.094068
0.180815
0.238679
0.358771
0.301738
0.222952
0.253588
0.258498
0.230168
0.1714
0.0595559
0.104926
0.42214
0.267931
0.265103
0.349062
0.108765
0.446806
0.186048
0.253985
0.10746
0.202766
0.225339
0.249674
0.108203
0.206437
0.263191
0.521472
0.255001
0.459622
0.197133
0.321361
0.139356
0.214677
0.312804
0.186332
0.175822
0.229158
0.177367
0.189963
0.14634
0.242862
0.215457
0.142564
0.243307
0.258983
0.195952
0.171656
0.266167
0.169112
0.115071
0.090432
0.175402
0.22702
0.342006
0.396442
0.276009
0.266777
0.188851
0.197157
0.33193
0.197428
0.492492
0.445204
0.240292
0.165242
0.0745438
0.166791
0.341239
0.126117
0.246387
0.206751
0.214603
0.167084
0.0849675
0.206358
0.173047
0.192341
0.472979
0.129401
0.230661
0.164772
0.286686
0.216167
0.170861
0.170021
0.133085
0.24139
0.223924
0.257353
0.296202
0.174859
0.315567
0.231051
0.13708
0.0710221
