0.243419
0.126478
0.168214
0.283122
0.201277
0.356535
0.216368
0.369953
0.139346
0.372679
0.120528
0.172506
0.279412
0.0365654
0.256669
0.265686
0.248399
0.151952
0.169361
0.215365
0.16099
0.190595
0.0889447
0.222374
0.145443
0.128585
0.174845
0.108288
0.176812
0.173244
0.310432
0.172616
0.350712
0.613912
0.148509
0.121762
0.113489
0.184499
0.111198
0.201817
0.428546
0.210308
0.212231
0.34991
0.303892
0.30557
0.167714
0.276033
0.279578
0.212253
0.0978992
0.146107
0.113064
0.144822
0.218732
0.348321
0.133265
0.16079
0.300174
0.189931
0.248543
0.342315
0.210485
0.234572
0.130438
0.308569
0.0317188
0.167983
0.146606
0.401855
0.20524
0.209239
0.397261
0.221008
0.584159
0.144239
0.202897
0.175172
0.339926
0.270282
0.178318
0.207096
0.14359
0.153933
0.400657
0.254886
0.268819
0.344024
0.194136
0.117821
0.289849
0.480358
0.0961813
0.247466
0.158169
0.355325
0.242731
0.35018
0.21038
0.183828
