0.139294
0.249523
0.397395
0.368639
0.202312
0.174601
0.347281
0.334415
0.377
0.0797723
0.108195
0.306532
0.282033
0.184206
0.13717
0.214386
0.216724
0.169812
0.308891
0.242611
0.31984
0.224355
0.255583
0.448076
0.3087
0.175373
0.242682
0.263495
0.235018
0.283897
0.325827
0.136452
0.298463
0.22811
0.347217
0.283397
0.179481
0.167802
0.277589
0.154722
0.293169
0.263307
0.084532
0.225816
0.238771
0.0868855
0.229869
0.279288
0.23637
0.0751183
0.111056
0.373175
0.489603
0.102743
0.227412
0.218345
0.141922
0.241471
0.0927316
0.266639
0.235044
0.345638
0.131488
0.190351
0.283749
0.185536
0.21277
0.175606
0.31337
0.45371
0.163939
0.201933
0.271489
0.465
0.145226
0.119562
0.247025
0.20813
0.37757
0.0821492
0.324895
0.2196
0.155095
0.15376
0.216413
0.239052
0.257757
0.201078
0.1452
0.0772158
0.239873
0.319288
0.0563506
0.327576
0.262645
0.193759
0.101423
0.133027
0.273387
0.229858
