0.180248
0.0949828
0.309379
0.200395
0.272653
0.379058
0.305165
0.0647817
0.0783119
0.210245
0.256917
0.239644
0.171885
0.264166
0.207053
0.302547
0.268744
0.148393
0.154554
0.145676
0.274242
0.0690537
0.153861
0.206246
0.250314
0.217037
0.306654
0.157708
0.151101
0.101963
0.252576
0.294735
0.227264
0.223207
0.216659
0.191618
0.459581
0.186353
0.193849
0.264459
0.258664
0.249342
0.212095
0.158161
0.148001
0.252271
0.448532
0.141112
0.292383
0.219125
0.359874
0.275695
0.176634
0.292168
0.246056
0.20953
0.379569
0.201351
0.28597
0.12856
0.272238
0.357092
0.268363
0.288862
0.269026
0.0738231
0.37013
0.31133
0.321986
0.135802
0.254778
0.0547225
0.198752
0.0981404
0.283544
0.137152
0.246555
0.317454
0.125254
0.206715
0.218397
0.205555
0.222839
0.259675
0.275432
0.455686
0.147944
0.368671
0.1359
0.453214
0.174697
0.295578
0.115356
0.230544
0.118392
0.0970435
0.266426
0.330949
0.130267
0.509643
