0.309908
0.150349
0.154509
0.23943
0.227572
0.14999
0.298775
0.268218
0.281023
0.125442
0.169189
0.243078
0.239253
0.402962
0.436556
0.312002
0.22179
0.233247
0.317287
0.247543
0.267646
0.221322
0.213693
0.21185
0.156678
0.235884
0.175478
0.207752
0.271167
0.0778637
0.304868
0.147403
0.104493
0.3741
0.0873301
0.297246
0.196485
0.204338
0.149083
0.193948
0.287729
0.14059
0.344372
0.258528
0.152454
0.114756
0.172233
0.390614
0.195501
0.21431
0.237853
0.257468
0.268658
0.340519
0.0806493
0.23419
0.23059
0.219637
0.148569
0.248059
0.195713
0.124849
0.21136
0.25122
0.233714
0.35694
0.49419
0.11586
0.184873
0.131822
0.202604
0.347433
0.242357
0.277012
0.201297
0.331469
0.254544
0.212227
0.37958
0.231959
0.119722
0.265224
0.269426
0.282218
0.353911
0.40339
0.233537
0.329264
0.228919
0.196752
0.112773
0.285069
0.177569
0.147474
0.303207
0.217126
0.300052
0.300157
0.288928
0.164982
