0.115369
0.171921
0.138502
0.215714
0.25497
0.237643
0.256011
0.306097
0.122248
0.262744
0.100276
0.176299
0.196215
0.141947
0.139626
0.124666
0.182165
0.184174
0.302543
0.207127
0.191369
0.26002
0.322609
0.0556188
0.373754
0.292617
0.185948
0.237528
0.309213
0.382082
0.131433
0.231546
0.313487
0.142737
0.199804
0.208923
0.281065
0.172009
0.526205
0.119403
0.190399
0.115649
0.221825
0.315992
0.265003
0.0987248
0.30155
0.445841
0.199494
0.184255
0.156765
0.250171
0.274232
0.153069
0.2054
0.263358
0.155894
0.211412
0.354175
0.341782
0.431979
0.248802
0.126674
0.341436
0.364251
0.247928
0.139821
0.298201
0.43202
0.153826
0.181809
0.31229
0.234362
0.304151
0.188071
0.320327
0.397717
0.148497
0.372135
0.278275
0.18039
0.296635
0.12723
0.232033
0.180093
0.208448
0.133656
0.196116
0.16236
0.164095
0.25243
0.115724
0.347961
0.295808
0.235989
0.34186
0.253577
0.127432
0.219833
0.279495
