0.305982
0.0538639
0.215293
0.232302
0.277651
0.304823
0.264508
0.121898
0.174735
0.169735
0.0867672
0.144243
0.324418
0.232554
0.232219
0.320745
0.110377
0.291036
0.316567
0.425724
0.142054
0.272557
0.185884
0.291304
0.0861095
0.0362514
0.152678
0.240777
0.271793
0.0961489
0.235287
0.31604
0.245078
0.0956135
0.299803
0.195213
0.278451
0.313019
0.292676
0.204496
0.171665
0.310985
0.328347
0.0760265
0.25
0.408015
0.262021
0.162773
0.190836
0.112574
0.209837
0.407478
0.473982
0.257297
0.161752
0.0609924
0.223145
0.19259
0.273475
0.222447
0.25109
0.113874
0.134029
0.198303
0.0433576
0.123348
0.197072
0.213613
0.254718
0.150143
0.197576
0.549179
0.268535
0.266269
0.152682
0.356227
0.140789
0.1477
0.130047
0.309093
0.0954361
0.126596
0.248262
0.366652
0.376249
0.113302
0.241772
0.408569
0.30897
0.275754
0.301223
0.238927
0.343517
0.144507
0.148943
0.372789
0.308916
0.157764
0.315208
0.261775
