0.262912
0.20242
0.090224
0.226748
0.268946
0.312057
0.194285
0.171369
0.168992
0.0697073
0.315522
0.105215
0.327147
0.138524
0.193254
0.204704
0.261142
0.31648
0.091052
0.361337
0.171483
0.123725
0.251244
0.301405
0.114214
0.372481
0.193184
0.128236
0.191595
0.178951
0.256452
0.202765
0.127218
0.0771386
0.195559
0.0975937
0.256921
0.14737
0.290025
0.32511
0.179647
0.237848
0.235502
0.520583
0.113364
0.300373
0.172854
0.243539
0.158299
0.286392
0.430821
0.29166
0.45353
0.167469
0.406436
0.289005
0.217063
0.173865
0.0312883
0.193696
0.304618
0.126917
0.21025
0.421342
0.0709231
0.347894
0.125866
0.387729
0.372269
0.246
0.263333
0.234079
0.109511
0.326008
0.25548
0.257888
0.258667
0.20505
0.152923
0.115561
0.180279
0.267034
0.123617
0.374922
0.328484
0.359459
0.181703
0.151498
0.375531
0.224806
0.402218
0.166879
0.124513
0.227216
0.177586
0.296857
0.135448
0.239725
0.28223
0.240545
