0.162023
0.340814
0.329194
0.246559
0.275962
0.272827
0.238679
0.358771
0.301738
0.207932
0.323449
0.291293
0.230168
0.1714
0.215162
0.104926
0.42214
0.218052
0.265103
0.395257
0.338469
0.409382
0.186048
0.20644
0.134238
0.202766
0.102397
0.313143
0.114507
0.304124
0.371532
0.595979
0.255001
0.262178
0.197133
0.195615
0.139356
0.199508
0.309108
0.186332
0.0594304
0.175672
0.177367
0.189963
0.14634
0.295595
0.215457
0.166442
0.243307
0.258983
0.0457636
0.268256
0.266167
0.312586
0.140164
0.119625
0.158219
0.0937556
0.216123
0.396442
0.248164
0.145928
0.188851
0.156038
0.233695
0.175506
0.492492
0.400514
0.342999
0.165242
0.0745438
0.166791
0.322105
0.126117
0.15302
0.213061
0.214603
0.167084
0.0849675
0.206358
0.265024
0.304236
0.43441
0.129401
0.230661
0.226694
0.179319
0.216167
0.170861
0.24222
0.217575
0.280223
0.267945
0.188946
0.173031
0.174859
0.260313
0.231051
0.13708
0.19895
