0.360878
0.226271
0.212364
0.136587
0.213831
0.213843
0.21316
0.17875
0.386332
0.0409521
0.234571
0.148256
0.361831
0.275251
0.191093
0.184549
0.206104
0.246102
0.190718
0.237539
0.149119
0.106892
0.305674
0.244114
0.0358372
0.138939
0.266723
0.291267
0.206794
0.152634
0.400763
0.20454
0.277352
0.453943
0.290608
0.263783
0.524701
0.137221
0.271066
0.117493
0.317044
0.315845
0.334686
0.194193
0.165968
0.269864
0.216662
0.253576
0.261952
0.0993444
0.307405
0.167212
0.175539
0.157313
0.255623
0.0830927
0.297551
0.223773
0.189271
0.159726
0.297684
0.419801
0.310067
0.257095
0.248551
0.291212
0.17589
0.0498271
0.151139
0.198457
0.211565
0.295477
0.0265741
0.23839
0.25012
0.459601
0.195952
0.206425
0.217944
0.268652
0.329985
0.133692
0.216572
0.139231
0.308731
0.208867
0.0597838
0.263415
0.085779
0.112072
0.299672
0.450064
0.146414
0.183662
0.311959
0.30822
0.286603
0.318315
0.242288
0.232647
