0.30768
0.227587
0.265032
0.23031
0.250345
0.116155
0.351245
0.225665
0.090035
0.173192
0.071124
0.135773
0.19548
0.321096
0.126419
0.48935
0.210889
0.191527
0.128104
0.373109
0.271174
0.356196
0.265901
0.17347
0.28504
0.24253
0.249032
0.107403
0.162633
0.243951
0.32506
0.298158
0.0639129
0.182607
0.0721013
0.347182
0.163772
0.329575
0.271547
0.180553
0.382663
0.14387
0.255611
0.083356
0.20008
0.357905
0.205878
0.230415
0.314393
0.130882
0.0755461
0.133385
0.183085
0.100048
0.217195
0.327321
0.472068
0.160776
0.142856
0.186761
0.20725
0.111565
0.223339
0.224245
0.557925
0.0353496
0.19201
0.251695
0.219677
0.325702
0.430545
0.253582
0.17467
0.141894
0.233185
0.210343
0.319843
0.153226
0.274591
0.35499
0.375341
0.404506
0.128774
0.284933
0.187803
0.280023
0.248581
0.167912
0.28925
0.256956
0.0558089
0.28887
0.23585
0.289084
0.223496
0.186688
0.314711
0.107615
0.127839
0.219313
