0.166093
0.133847
0.252444
0.0933822
0.365431
0.272098
0.0876678
0.138339
0.259641
0.228452
0.154406
0.247125
0.171629
0.0761632
0.303508
0.170811
0.20712
0.336783
0.346056
0.382123
0.0634597
0.260266
0.23854
0.324569
0.273349
0.241121
0.286296
0.270383
0.135999
0.079258
0.164781
0.309182
0.0380294
0.0256327
0.157517
0.256756
0.305894
0.169931
0.251132
0.14904
0.291061
0.326682
0.237058
0.167391
0.325682
0.158029
0.27843
0.21412
0.346709
0.22836
0.353539
0.190235
0.430869
0.170675
0.214394
0.342018
0.188561
0.295004
0.111937
0.0981567
0.268663
0.188025
0.170422
0.237379
0.186993
0.221785
0.183774
0.125671
0.199215
0.461503
0.332146
0.12294
0.386279
0.236511
0.166101
0.451547
0.28003
0.206005
0.1793
0.103057
0.10486
0.257978
0.305895
0.185114
0.333797
0.295609
0.231862
0.379881
0.359561
0.0374058
0.160119
0.391398
0.340355
0.186099
0.245652
0.188888
0.287399
0.28546
0.317125
0.174495
