0.303759
0.12305
0.392176
0.242391
0.127415
0.172419
0.216566
0.217745
0.240311
0.123403
0.165546
0.280416
0.282033
0.0610888
0.0839333
0.163245
0.203571
0.314608
0.137141
0.461404
0.199518
0.111803
0.186807
0.282223
0.213273
0.0882401
0.390761
0.256457
0.252999
0.171324
0.325827
0.13008
0.0953211
0.22811
0.317071
0.463279
0.267604
0.358759
0.346662
0.185015
0.293169
0.29795
0.10453
0.254326
0.144422
0.0898778
0.138123
0.0800557
0.314496
0.0751183
0.39346
0.486864
0.489603
0.235203
0.262646
0.0926482
0.238482
0.286729
0.238482
0.281517
0.326065
0.268952
0.252471
0.190351
0.301198
0.225669
0.166979
0.175606
0.144948
0.353318
0.156569
0.227296
0.149777
0.214531
0.335268
0.118244
0.129525
0.205883
0.286659
0.0821492
0.472718
0.387961
0.171651
0.463964
0.218381
0.239052
0.0829439
0.201267
0.20973
0.0892743
0.202674
0.242672
0.219976
0.298676
0.270811
0.0837009
0.0647417
0.132747
0.238321
0.152646
