0.0560073
0.229617
0.406511
0.135579
0.355595
0.183638
0.236822
0.222381
0.307259
0.303455
0.263355
0.186651
0.121024
0.188591
0.19697
0.33124
0.269252
0.162035
0.48183
0.224466
0.182922
0.142905
0.279389
0.281572
0.232339
0.236109
0.157168
0.425909
0.302328
0.358864
0.292169
0.284981
0.0741222
0.260669
0.0915
0.16602
0.177592
0.536145
0.0946077
0.218208
0.242339
0.269578
0.214936
0.284901
0.261541
0.313835
0.261582
0.201822
0.319824
0.240175
0.331775
0.0532462
0.344884
0.217451
0.14749
0.354335
0.174495
0.219843
0.218674
0.211374
0.27806
0.216658
0.0789683
0.22316
0.185425
0.219129
0.102561
0.30506
0.106515
0.263435
0.297689
0.311845
0.250705
0.301544
0.164053
0.0466111
0.10728
0.188933
0.18947
0.179917
0.195507
0.10698
0.437767
0.300972
0.382077
0.148138
0.17395
0.139785
0.183577
0.196667
0.131026
0.285971
0.172711
0.105269
0.517872
0.101863
0.240609
0.328932
0.12072
0.174672
