0.0909234
0.176406
0.20006
0.110718
0.136559
0.174496
0.197782
0.20806
0.150985
0.165085
0.110316
0.375768
0.280976
0.183047
0.18789
0.394896
0.154832
0.249174
0.24978
0.253478
0.122309
0.163689
0.238681
0.260146
0.232925
0.13387
0.232567
0.204576
0.145646
0.295423
0.376001
0.419565
0.282973
0.155732
0.126155
0.175725
0.0352513
0.442483
0.238316
0.245119
0.358051
0.0391732
0.157955
0.213017
0.15248
0.24738
0.41887
0.3827
0.24652
0.0983308
0.338408
0.544846
0.222258
0.361489
0.159761
0.22113
0.0610646
0.293227
0.266521
0.169601
0.0977185
0.143024
0.181426
0.0218753
0.185364
0.190535
0.166049
0.264217
0.241505
0.588567
0.15774
0.280217
0.306782
0.122057
0.220776
0.372072
0.455081
0.349018
0.220364
0.323696
0.317633
0.214069
0.400886
0.184332
0.219731
0.165916
0.158402
0.233319
0.184709
0.31068
0.17718
0.124184
0.103788
0.125958
0.242257
0.22051
0.260707
0.200232
0.214124
0.263122
