0.288677
0.0922178
0.391884
0.241101
0.217974
0.364828
0.314809
0.0868499
0.176781
0.163893
0.183257
0.0938466
0.258181
0.123741
0.34924
0.191689
0.212186
0.174842
0.123106
0.189549
0.137581
0.106099
0.410571
0.310553
0.178823
0.198653
0.206322
0.352628
0.334351
0.231532
0.213005
0.13453
0.258282
0.2917
0.210606
0.31246
0.25849
0.145436
0.0666989
0.125981
0.215947
0.0715353
0.209617
0.342866
0.266782
0.157045
0.244774
0.0288098
0.179199
0.214174
0.278285
0.0878635
0.243247
0.301209
0.31599
0.0873485
0.0611209
0.129962
0.20501
0.269934
0.371596
0.165784
0.302448
0.221431
0.167681
0.314258
0.258611
0.144513
0.290892
0.287185
0.250139
0.191372
0.319017
0.158693
0.110098
0.134161
0.345114
0.232323
0.119583
0.543833
0.235726
0.12989
0.209658
0.318733
0.255668
0.2899
0.150615
0.315798
0.113166
0.464643
0.155708
0.418093
0.372367
0.257568
0.34456
0.118568
0.262707
0.306323
0.29368
0.411513
