0.284291
0.24568
0.331588
0.309096
0.146388
0.194449
0.208952
0.336159
0.295357
0.160918
0.373908
0.24133
0.160098
0.259398
0.107704
0.221426
0.158384
0.156776
0.136575
0.149236
0.208275
0.209228
0.253145
0.333455
0.332131
0.230837
0.308316
0.161624
0.244696
0.100188
0.220598
0.32606
0.406168
0.303333
0.272493
0.192781
0.203999
0.367117
0.220805
0.116596
0.147189
0.340826
0.0531648
0.153756
0.117853
0.374979
0.14311
0.145464
0.0551837
0.0796233
0.0994218
0.178419
0.220287
0.189306
0.240204
0.171782
0.171198
0.15813
0.137682
0.33282
0.183967
0.05939
0.317519
0.341733
0.426994
0.189624
0.164823
0.186478
0.363058
0.201948
0.394428
0.283968
0.41981
0.145994
0.314121
0.347737
0.365263
0.15443
0.215788
0.233177
0.211554
0.214683
0.368501
0.199414
0.478683
0.389565
0.218759
0.231045
0.129561
0.350874
0.207828
0.222895
0.110304
0.196869
0.0548996
0.207965
0.303419
0.247449
0.0979957
0.353526
