0.277541
0.247451
0.182839
0.223541
0.157317
0.0777846
0.256911
0.269216
0.194591
0.16815
0.210994
0.159517
0.265787
0.226094
0.228464
0.338741
0.306022
0.233919
0.251264
0.305081
0.120226
0.254045
0.144106
0.118326
0.135436
0.234948
0.208833
0.216551
0.234894
0.144948
0.142868
0.22528
0.323927
0.330418
0.246064
0.163464
0.245871
0.187947
0.194271
0.324236
0.176905
0.213537
0.108703
0.150031
0.510777
0.12757
0.362919
0.10836
0.346936
0.107159
0.138104
0.196495
0.0892523
0.298046
0.342501
0.346575
0.359602
0.203561
0.279468
0.167752
0.140817
0.380466
0.18429
0.193498
0.281922
0.236948
0.264335
0.271761
0.132552
0.241962
0.207801
0.265499
0.364857
0.269543
0.427515
0.198547
0.0971351
0.144259
0.332049
0.293906
0.301052
0.186892
0.076666
0.370135
0.299795
0.255813
0.253074
0.241895
0.221298
0.169131
0.158828
0.231734
0.537455
0.247743
0.132742
0.284125
0.237114
0.288827
0.320996
0.279031
