0.279064
0.213997
0.276516
0.36407
0.16237
0.294262
0.303305
0.146327
0.206897
0.140464
0.350106
0.182135
0.228956
0.271403
0.230575
0.28768
0.18689
0.351787
0.377576
0.107339
0.175479
0.386784
0.326933
0.14909
0.467567
0.453782
0.24069
0.188455
0.10949
0.274241
0.123155
0.0875295
0.116264
0.139242
0.166694
0.286157
0.17288
0.18323
0.334366
0.0635108
0.429747
0.066756
0.367292
0.233388
0.237558
0.188075
0.162122
0.253878
0.167311
0.132909
0.141413
0.129805
0.187285
0.39769
0.144506
0.188541
0.273408
0.34101
0.203676
0.276782
0.336595
0.173706
0.228776
0.174241
0.214607
0.16918
0.335817
0.430873
0.252309
0.199626
0.291617
0.1666
0.350903
0.120602
0.333855
0.115674
0.234072
0.314065
0.171271
0.251394
0.395768
0.131873
0.170718
0.421666
0.207778
0.132903
0.185848
0.235019
0.177131
0.20569
0.208821
0.320549
0.355635
0.153362
0.248746
0.192764
0.146239
0.167231
0.101588
0.227562
