0.328099
0.135616
0.281688
0.108616
0.387491
0.167448
0.115252
0.126794
0.290371
0.296087
0.227033
0.248897
0.146967
0.173332
0.316926
0.290693
0.256913
0.206589
0.0775779
0.208562
0.356002
0.23877
0.225565
0.141806
0.218845
0.218613
0.149529
0.166663
0.186407
0.316946
0.164526
0.258071
0.389237
0.281488
0.246639
0.170124
0.139713
0.168763
0.3284
0.180395
0.382615
0.132238
0.470807
0.253677
0.276672
0.215397
0.159515
0.353988
0.18589
0.211189
0.205409
0.273364
0.250709
0.274082
0.194403
0.0744937
0.182011
0.349142
0.342545
0.0787427
0.175086
0.102661
0.371921
0.384126
0.186564
0.234573
0.278546
0.241084
0.19147
0.201156
0.217477
0.257831
0.12916
0.25362
0.113034
0.325698
0.174367
0.13022
0.0245777
0.12543
0.373703
0.260205
0.177931
0.2651
0.285765
0.262145
0.218306
0.138725
0.250845
0.414174
0.294726
0.514666
0.126044
0.370185
0.344354
0.156123
0.292241
0.231874
0.202572
0.176576
