0.214885
0.213323
0.333374
0.216429
0.170454
0.229848
0.311687
0.0507537
0.133764
0.210021
0.268314
0.179835
0.304174
0.227844
0.0807843
0.389863
0.183483
0.0517867
0.301576
0.157885
0.178341
0.429245
0.382558
0.243302
0.130429
0.135195
0.199778
0.104836
0.158425
0.245798
0.218465
0.0187333
0.381229
0.327441
0.334581
0.196601
0.376479
0.474465
0.230841
0.0871569
0.172291
0.0915146
0.299188
0.333256
0.291321
0.227343
0.324815
0.291941
0.179157
0.2861
0.346786
0.0625414
0.102432
0.161773
0.184883
0.299956
0.153171
0.119952
0.273077
0.415367
0.195601
0.213041
0.228279
0.226319
0.140787
0.201151
0.16582
0.40488
0.147725
0.319429
0.177335
0.183867
0.259387
0.346731
0.220317
0.3061
0.193401
0.417536
0.110592
0.187987
0.108186
0.194908
0.310471
0.417511
0.31063
0.20698
0.360287
0.239113
0.121166
0.1711
0.281749
0.262568
0.292443
0.309016
0.145899
0.178974
0.114501
0.314618
0.23271
0.136772
