0.306269
0.203151
0.280081
0.118144
0.145837
0.245798
0.350382
0.306283
0.168121
0.15871
0.321371
0.126378
0.110462
0.168097
0.31976
0.265889
0.102339
0.217611
0.243094
0.197131
0.235359
0.158076
0.135542
0.179981
0.184461
0.244785
0.0750447
0.268852
0.182031
0.0774008
0.244006
0.170403
0.19292
0.259722
0.140757
0.372697
0.230919
0.384842
0.336544
0.297084
0.422678
0.339146
0.263364
0.209141
0.396351
0.253827
0.370042
0.140416
0.362417
0.203716
0.22827
0.116196
0.383989
0.354129
0.208519
0.432012
0.116014
0.277153
0.13539
0.0768551
0.260304
0.270459
0.430028
0.124425
0.310941
0.413145
0.0884993
0.16737
0.149081
0.101675
0.421638
0.197724
0.19617
0.267713
0.38938
0.400683
0.110959
0.173078
0.377966
0.273085
0.22175
0.107213
0.247667
0.147147
0.292317
0.133059
0.263639
0.168969
0.286282
0.175859
0.336721
0.229998
0.216906
0.111258
0.190766
0.0523045
0.182716
0.224654
0.245248
0.0433172
