0.226863
0.200104
0.112909
0.270801
0.138251
0.441842
0.238458
0.296509
0.336339
0.268602
0.150265
0.289501
0.399706
0.153178
0.319473
0.287781
0.412246
0.276431
0.208429
0.261888
0.261642
0.235681
0.3625
0.229358
0.232264
0.175046
0.211759
0.293687
0.126916
0.193702
0.125394
0.114359
0.115804
0.215137
0.156183
0.327135
0.201201
0.243637
0.137704
0.226332
0.13052
0.187991
0.153236
0.180613
0.285499
0.235224
0.211141
0.319384
0.188276
0.227717
0.163387
0.230949
0.303255
0.257482
0.188901
0.218954
0.241721
0.177135
0.111279
0.061095
0.0962228
0.249772
0.456814
0.330559
0.291633
0.335291
0.24238
0.0817378
0.129959
0.191401
0.125185
0.291542
0.306027
0.0837232
0.258846
0.276827
0.219098
0.377938
0.036235
0.0788626
0.279456
0.413653
0.314331
0.11807
0.344189
0.332709
0.162236
0.274652
0.123792
0.199579
0.236709
0.162999
0.39678
0.14002
0.296419
0.285804
0.218135
0.159409
0.112787
0.55547
