0.280506
0.372415
0.228388
0.171196
0.245096
0.181152
0.336747
0.299366
0.238759
0.300692
0.18056
0.33471
0.321701
0.234806
0.163715
0.254567
0.270277
0.129947
0.43694
0.246714
0.27209
0.0856087
0.349552
0.247064
0.127144
0.0794756
0.437654
0.331447
0.0861976
0.23429
0.246525
0.267907
0.0500627
0.311695
0.358306
0.172847
0.251355
0.298118
0.0819885
0.386671
0.103755
0.257383
0.235638
0.353854
0.217132
0.33627
0.348722
0.226342
0.261854
0.173067
0.144432
0.198988
0.105632
0.238758
0.262091
0.25897
0.217778
0.21733
0.233004
0.293076
0.0863109
0.231108
0.294148
0.277065
0.398584
0.0881495
0.257435
0.185592
0.213071
0.258075
0.277019
0.0477446
0.285985
0.111597
0.270425
0.200261
0.100791
0.131759
0.298801
0.133164
0.259558
0.229913
0.15066
0.104963
0.207943
0.357949
0.155407
0.202797
0.310444
0.153323
0.0946619
0.233588
0.245191
0.441016
0.183975
0.171435
0.159618
0.0721352
0.0930503
0.526702
