0.109525
0.436472
0.193195
0.267322
0.196077
0.318484
0.154108
0.23042
0.0837211
0.318491
0.0711843
0.241534
0.198375
0.28983
0.1368
0.169465
0.277435
0.249244
0.306418
0.260737
0.308829
0.271981
0.347707
0.163102
0.138883
0.329627
0.262454
0.191434
0.164318
0.148657
0.243015
0.349155
0.251492
0.285812
0.0935897
0.272405
0.244968
0.377968
0.2167
0.0445684
0.373515
0.310304
0.18211
0.215684
0.268841
0.183728
0.309243
0.214175
0.164138
0.211852
0.124844
0.187535
0.21001
0.069202
0.28351
0.149823
0.112029
0.148185
0.372513
0.249692
0.250297
0.0927907
0.367429
0.511294
0.112233
0.165241
0.391921
0.0455169
0.247654
0.321062
0.168415
0.336242
0.17183
0.14153
0.385254
0.0852516
0.358747
0.147062
0.370491
0.251821
0.0746789
0.231043
0.276087
0.197301
0.0673646
0.240953
0.0670655
0.405945
0.136297
0.456173
0.243096
0.128469
0.245321
0.20185
0.138411
0.320623
0.212678
0.386202
0.194575
0.237931
