0.25
0.25
0.295414
0.1823
0.190906
0.25
0.286262
0.212554
0.249642
0.25
0.25
0.25
0.202272
0.25
0.25
0.25
0.25
0.25
0.25
0.25
0.25
0.299758
0.197319
0.30293
0.195352
0.25
0.25
0.25
0.25
0.256687
0.25
0.167458
0.25
0.25
0.25
0.25
0.25
0.25
0.191871
0.273447
0.25
0.25
0.25
0.277536
0.25
0.25
0.25
0.25
0.351347
0.25
0.25
0.25
0.25
0.25
0.282184
0.25
0.236003
0.282526
0.25
0.25
0.25
0.25
0.24355
0.18747
0.25
0.25
0.25
0.25
0.25
0.330533
0.25
0.25
0.25
0.25
0.25
0.25
0.25
0.229932
0.25
0.24313
0.268572
0.25
0.276191
0.181873
0.25
0.25
0.25
0.25
0.25
0.25
0.25
0.25
0.25
0.25
0.25
0.25
0.250358
0.219029
0.25
0.25
