0.185153
0.279055
0.224635
0.174459
0.359059
0.183783
0.140884
0.166454
0.100646
0.250559
0.36003
0.166436
0.155676
0.156104
0.255239
0.261686
0.119191
0.262476
0.0980252
0.259489
0.302647
0.0786881
0.181361
0.24033
0.18349
0.152438
0.371402
0.248724
0.110476
0.204461
0.335696
0.188324
0.16888
0.309575
0.130561
0.293772
0.526237
0.185536
0.0929
0.147101
0.504679
0.220997
0.234717
0.120738
0.279147
0.266447
0.294386
0.277787
0.335756
0.204038
0.200639
0.47433
0.219677
0.331217
0.0707651
0.187662
0.167461
0.2426
0.407069
0.153954
0.0702871
0.0576404
0.228768
0.138344
0.316314
0.0953322
0.129164
0.138446
0.210529
0.106195
0.458232
0.307636
0.0945837
0.488831
0.133968
0.197702
0.207353
0.107701
0.332207
0.111175
0.359992
0.180878
0.226281
0.160153
0.351988
0.28387
0.194494
0.38348
0.264296
0.171317
0.202619
0.170621
0.517754
0.0933726
0.285731
0.0974022
0.313488
0.319637
0.201557
0.0584534
