0.12223
0.0858736
0.111262
0.20327
0.180845
0.503771
0.421414
0.391199
0.273297
0.22646
0.31373
0.234213
0.370995
0.210839
0.138565
0.203318
0.110377
0.105113
0.408916
0.30587
0.0933393
0.0767677
0.395194
0.106487
0.255332
0.409019
0.201135
0.196631
0.0917092
0.177928
0.309096
0.171355
0.148276
0.269118
0.151246
0.312243
0.237493
0.147183
0.204596
0.120551
0.11314
0.200389
0.239189
0.224498
0.241535
0.166045
0.304517
0.413562
0.135315
0.216549
0.140026
0.255759
0.20316
0.268063
0.14432
0.0816905
0.100044
0.219473
0.154234
0.280918
0.0382173
0.503288
0.168376
0.170441
0.353688
0.209558
0.08165
0.283648
0.131854
0.328057
0.339223
0.18081
0.0992573
0.30177
0.188807
0.180549
0.239593
0.324043
0.273461
0.176752
0.255497
0.255613
0.339657
0.220399
0.252535
0.16859
0.309855
0.285255
0.0834245
0.243865
0.393756
0.458666
0.206976
0.316862
0.125469
0.386961
0.248582
0.233494
0.119595
0.259
