0.185153
0.191368
0.224635
0.174459
0.269973
0.183783
0.216987
0.166454
0.207534
0.286258
0.326502
0.166436
0.155676
0.492767
0.255239
0.261686
0.119191
0.262476
0.0980252
0.247877
0.302647
0.113259
0.151691
0.24033
0.18349
0.152438
0.371402
0.141963
0.110476
0.204461
0.335696
0.188324
0.16888
0.489243
0.256432
0.293772
0.526237
0.118125
0.0929
0.147101
0.504679
0.165107
0.454653
0.0941411
0.279147
0.266447
0.294386
0.277787
0.335756
0.249874
0.200639
0.180985
0.219677
0.195229
0.0707651
0.187662
0.178096
0.189196
0.118693
0.153954
0.167207
0.0576404
0.228768
0.175527
0.375905
0.179299
0.129164
0.138446
0.322866
0.0871915
0.458232
0.307636
0.0945837
0.488831
0.293149
0.197702
0.220704
0.107701
0.332207
0.111175
0.248205
0.141743
0.226281
0.160153
0.351988
0.291317
0.194494
0.38348
0.302378
0.195241
0.202619
0.170621
0.194477
0.197375
0.285731
0.0974022
0.306581
0.338812
0.201557
0.0584534
