0.102666
0.313221
0.131027
0.304055
0.460997
0.270468
0.108128
0.155074
0.105146
0.193963
0.301123
0.177614
0.212807
0.333806
0.174745
0.245018
0.109063
0.174629
0.231842
0.0602716
0.135205
0.279919
0.238405
0.35178
0.241115
0.146397
0.32936
0.114594
0.203224
0.242905
0.159458
0.17618
0.231057
0.341994
0.281463
0.112814
0.245113
0.0804265
0.404592
0.0875238
0.201005
0.24497
0.129066
0.203922
0.330105
0.252073
0.223152
0.398911
0.266633
0.246017
0.243122
0.54139
0.130216
0.23974
0.359419
0.219719
0.232309
0.288993
0.174826
0.249571
0.131605
0.124704
0.121889
0.128917
0.166637
0.478642
0.246517
0.194425
0.209264
0.0944511
0.216848
0.129799
0.523619
0.252153
0.22739
0.0707901
0.299762
0.22078
0.230153
0.251883
0.229081
0.166684
0.189971
0.375368
0.185513
0.156821
0.241646
0.157983
0.337481
0.269393
0.332212
0.130271
0.414663
0.0695386
0.197534
0.228724
0.29477
0.400139
0.297743
0.218664
