0.126512
0.344443
0.271448
0.371307
0.286007
0.270415
0.293531
0.25978
0.0940335
0.309552
0.197231
0.116862
0.14203
0.168368
0.3671
0.181805
0.305641
0.355694
0.274112
0.251965
0.0474091
0.178387
0.0780553
0.271783
0.277729
0.340544
0.149005
0.0992508
0.476914
0.0907361
0.332156
0.186777
0.148739
0.0602726
0.29995
0.154935
0.163673
0.208987
0.464015
0.371459
0.29864
0.26948
0.133459
0.418106
0.268304
0.11542
0.0601319
0.177001
0.272647
0.184992
0.232652
0.296221
0.11723
0.205479
0.167975
0.229111
0.273863
0.195626
0.184364
0.204868
0.275261
0.149683
0.266858
0.0652554
0.115096
0.341213
0.116072
0.164171
0.331151
0.256462
0.207658
0.322989
0.270076
0.229339
0.136572
0.199966
0.350036
0.194456
0.250607
0.293729
0.228606
0.122315
0.27502
0.187922
0.27039
0.118461
0.37026
0.223777
0.168237
0.486418
0.241555
0.31738
0.288477
0.454128
0.145078
0.18204
0.278844
0.179995
0.158881
0.113201
