0.197649
0.0858736
0.111262
0.20327
0.180845
0.297677
0.421414
0.391199
0.273297
0.22646
0.31373
0.0458258
0.370995
0.210839
0.138565
0.207563
0.114633
0.105113
0.408916
0.30587
0.0933393
0.1317
0.395194
0.0855349
0.265471
0.409019
0.201135
0.196631
0.0917092
0.174241
0.309096
0.434339
0.286165
0.22233
0.151246
0.312243
0.237493
0.147183
0.191256
0.120551
0.11314
0.21233
0.239189
0.224498
0.241535
0.166045
0.262251
0.413562
0.135315
0.292986
0.140026
0.191153
0.215247
0.268063
0.14432
0.103424
0.251348
0.196879
0.154234
0.280918
0.0382173
0.503288
0.168376
0.170441
0.353688
0.195404
0.08165
0.279191
0.131854
0.035226
0.339223
0.166087
0.350327
0.404723
0.188807
0.180549
0.239593
0.324043
0.273461
0.176752
0.162269
0.26289
0.332128
0.187967
0.167919
0.234543
0.309855
0.0929265
0.0834245
0.262444
0.380203
0.458666
0.206976
0.326338
0.196815
0.400285
0.0928761
0.233494
0.119595
0.309765
