0.0704394
0.246388
0.298261
0.240467
0.0913568
0.177953
0.182522
0.162578
0.265655
0.120256
0.327649
0.243875
0.517402
0.325178
0.241521
0.1841
0.306252
0.124221
0.149823
0.157925
0.110744
0.305698
0.153264
0.169516
0.307878
0.467988
0.298989
0.432464
0.226867
0.448716
0.182461
0.242043
0.14332
0.0783309
0.211645
0.256558
0.275753
0.311902
0.0610896
0.19512
0.172722
0.210851
0.136835
0.236038
0.274723
0.100404
0.196776
0.39254
0.154752
0.0999396
0.11076
0.142958
0.135318
0.399143
0.178069
0.144928
0.280044
0.212628
0.378039
0.337942
0.28741
0.375469
0.218286
0.119409
0.301119
0.186092
0.289639
0.131407
0.418523
0.251144
0.11502
0.497102
0.110368
0.0501445
0.272641
0.0284473
0.274586
0.176812
0.124032
0.147277
0.219419
0.237632
0.623945
0.22859
0.271304
0.203686
0.21929
0.0885103
0.0829379
0.290236
0.0689666
0.204718
0.267086
0.211471
0.140416
0.253265
0.289964
0.187872
0.0850635
0.296572
