0.0704394
0.246388
0.298261
0.196092
0.0913568
0.0477752
0.182522
0.162578
0.265655
0.285251
0.327649
0.1509
0.129352
0.325178
0.193103
0.205279
0.587166
0.25404
0.149823
0.157961
0.110744
0.577679
0.153264
0.169516
0.293605
0.467988
0.233593
0.432464
0.235611
0.448716
0.278077
0.242043
0.14332
0.371034
0.211645
0.256558
0.275753
0.311902
0.0610896
0.258927
0.172722
0.210851
0.278433
0.236038
0.274723
0.100404
0.196776
0.150191
0.154752
0.0444036
0.11076
0.0714889
0.218394
0.312087
0.178069
0.144928
0.306188
0.212628
0.388497
0.337942
0.28741
0.375469
0.218286
0.119409
0.301119
0.16243
0.269463
0.168963
0.418523
0.251144
0.11502
0.497102
0.110368
0.0501445
0.272641
0.0284473
0.327059
0.176812
0.124032
0.147277
0.219419
0.31868
0.215188
0.270713
0.271304
0.106233
0.21929
0.0885103
0.0829379
0.159486
0.0689666
0.204718
0.263935
0.201683
0.140416
0.253265
0.289964
0.256207
0.0850635
0.296572
