0.401925
0.226165
0.338822
0.257397
0.184582
0.264769
0.0877115
0.0406258
0.362414
0.276724
0.346293
0.182135
0.537802
0.338122
0.122479
0.156674
0.129767
0.215028
0.144478
0.121383
0.175479
0.263486
0.266968
0.129804
0.195709
0.06184
0.262822
0.269591
0.242868
0.266407
0.233724
0.0270662
0.118734
0.320075
0.166694
0.13433
0.261474
0.166664
0.292322
0.212316
0.255621
0.126453
0.231639
0.0748214
0.213951
0.215817
0.164739
0.216755
0.283295
0.108704
0.155019
0.416558
0.187285
0.191233
0.112894
0.294838
0.218033
0.309812
0.203676
0.0505379
0.345587
0.15187
0.16981
0.364579
0.351738
0.315217
0.267029
0.268071
0.235722
0.394232
0.298358
0.184962
0.348304
0.120602
0.289729
0.235974
0.212818
0.391976
0.458098
0.319416
0.367436
0.160734
0.251386
0.351318
0.241107
0.194827
0.3333
0.175972
0.107696
0.191161
0.204958
0.246053
0.243999
0.245806
0.260063
0.153138
0.146239
0.27627
0.239447
0.210667
