0.356378
0.26015
0.031933
0.200746
0.156312
0.26868
0.243373
0.301249
0.298175
0.389149
0.0886741
0.169633
0.204778
0.246777
0.0524964
0.243851
0.139137
0.174763
0.186149
0.14937
0.276853
0.157526
0.292568
0.124304
0.232708
0.362746
0.249709
0.115665
0.181123
0.20757
0.23983
0.0798573
0.162464
0.174393
0.204452
0.0594627
0.242479
0.109787
0.323851
0.194856
0.0360743
0.336848
0.260913
0.131488
0.213898
0.278631
0.450545
0.165862
0.492261
0.211092
0.132342
0.0805216
0.327683
0.298002
0.272531
0.290426
0.252004
0.178745
0.174826
0.262567
0.0639543
0.495067
0.26366
0.235373
0.215608
0.253991
0.265289
0.254913
0.294858
0.30322
0.381705
0.184357
0.274525
0.390413
0.185909
0.0635993
0.236735
0.223139
0.144048
0.077074
0.320033
0.298084
0.30075
0.176078
0.182393
0.465197
0.232651
0.29003
0.319164
0.26303
0.279626
0.202392
0.239438
0.175337
0.173545
0.277248
0.228641
0.317352
0.165799
0.374024
