0.301207
0.263589
0.133813
0.354337
0.162504
0.308878
0.27093
0.183177
0.0574175
0.184821
0.222472
0.208242
0.188537
0.25255
0.308989
0.233141
0.368888
0.133597
0.176734
0.0811727
0.16335
0.363191
0.356324
0.150299
0.182401
0.306867
0.165124
0.11995
0.199373
0.321516
0.336818
0.25041
0.17953
0.249284
0.221557
0.201078
0.244488
0.22295
0.310122
0.345311
0.245973
0.460466
0.265443
0.129676
0.0733984
0.303729
0.204921
0.300239
0.05294
0.43261
0.140096
0.295855
0.363147
0.378411
0.115586
0.215725
0.310736
0.233433
0.388188
0.28086
0.188281
0.29355
0.297275
0.263071
0.258664
0.244642
0.179914
0.148607
0.155589
0.273672
0.0921098
0.392416
0.365145
0.249707
0.0787809
0.220621
0.178553
0.152303
0.290944
0.209514
0.119865
0.398251
0.243788
0.304608
0.0675257
0.373622
0.356899
0.067475
0.191137
0.218618
0.220187
0.218885
0.229571
0.0796152
0.128546
0.0539493
0.308496
0.265266
0.153554
0.181662
