0.217758
0.243933
0.197241
0.317181
0.37084
0.278007
0.270826
0.145214
0.142824
0.190894
0.215132
0.326653
0.164562
0.0881726
0.327928
0.313531
0.347612
0.273497
0.327571
0.18617
0.0984023
0.246045
0.155158
0.221831
0.106607
0.259396
0.173949
0.322461
0.394076
0.576843
0.195584
0.165051
0.211447
0.286652
0.0851695
0.300336
0.222649
0.426049
0.137774
0.337487
0.461173
0.202203
0.215053
0.0834511
0.294579
0.265275
0.347203
0.277979
0.28396
0.157882
0.0874747
0.23369
0.284918
0.134168
0.242856
0.392928
0.145955
0.295015
0.158394
0.146761
0.336067
0.13341
0.169969
0.249179
0.26069
0.110634
0.336506
0.157601
0.15281
0.175096
0.201319
0.465302
0.0930686
0.257316
0.0487019
0.158163
0.159646
0.136083
0.460998
0.143499
0.117724
0.140071
0.154464
0.292343
0.184429
0.146831
0.25875
0.155053
0.120693
0.187906
0.410212
0.138364
0.225198
0.202878
0.168705
0.431047
0.14285
0.244456
0.2015
0.164042
