0.27647
0.218293
0.359423
0.0694219
0.0965815
0.221907
0.162711
0.203264
0.178446
0.234446
0.14234
0.311474
0.335713
0.214808
0.189416
0.174004
0.332977
0.3124
0.113443
0.073114
0.194983
0.400906
0.281732
0.199552
0.42977
0.315379
0.22603
0.280365
0.334894
0.271795
0.184078
0.0812995
0.158471
0.161564
0.20339
0.372067
0.0947863
0.143494
0.207505
0.166396
0.064057
0.386631
0.309973
0.26898
0.296935
0.219209
0.0641855
0.271226
0.274174
0.280513
0.488379
0.22904
0.395236
0.36966
0.257615
0.398099
0.241803
0.292313
0.220899
0.283621
0.350015
0.089343
0.0995491
0.262262
0.218231
0.209879
0.279655
0.170882
0.180528
0.328749
0.228654
0.355952
0.279512
0.102267
0.21546
0.135956
0.166406
0.388794
0.261604
0.168143
0.220924
0.307244
0.244831
0.141991
0.149302
0.0828788
0.171245
0.167528
0.190588
0.192451
0.296606
0.139678
0.341758
0.321112
0.0793619
0.254773
0.318675
0.181933
0.273057
0.0221204
