0.307558
0.357933
0.231184
0.0574197
0.187079
0.217787
0.222382
0.261769
0.381119
0.500971
0.295421
0.150538
0.39268
0.144374
0.0524871
0.180061
0.131758
0.335341
0.175837
0.121937
0.233646
0.329214
0.382051
0.265093
0.167797
0.172919
0.345761
0.0900638
0.209205
0.209158
0.042608
0.151866
0.102644
0.196749
0.060545
0.117269
0.330329
0.0236311
0.226438
0.186863
0.17831
0.238813
0.383276
0.207972
0.257379
0.26292
0.146804
0.267102
0.235116
0.274923
0.353433
0.354262
0.0941356
0.284534
0.0993089
0.347352
0.174882
0.108537
0.213545
0.32435
0.220169
0.385567
0.195685
0.165252
0.309338
0.449588
0.227486
0.338637
0.498143
0.243624
0.141399
0.197657
0.214509
0.228989
0.263229
0.243165
0.130217
0.216856
0.264997
0.032478
0.206221
0.168725
0.325665
0.278386
0.151931
0.143623
0.149634
0.183392
0.3073
0.281909
0.119118
0.189884
0.0973714
0.141626
0.0365818
0.30051
0.397477
0.443294
0.149838
0.322556
