0.236189
0.393497
0.16288
0.404539
0.094068
0.102561
0.238679
0.310817
0.158336
0.262873
0.267953
0.261962
0.251194
0.259954
0.238109
0.186262
0.430268
0.267931
0.205466
0.0755524
0.268253
0.156046
0.207096
0.419683
0.171727
0.123155
0.200097
0.0657832
0.123922
0.219405
0.171131
0.429765
0.305172
0.404324
0.0904206
0.302498
0.139356
0.32157
0.220132
0.43232
0.235395
0.229158
0.17378
0.0450864
0.225491
0.0745344
0.256557
0.192312
0.240828
0.418662
0.195952
0.221951
0.0624828
0.217857
0.241138
0.359339
0.253027
0.254885
0.187542
0.350638
0.292293
0.234412
0.307147
0.189451
0.162219
0.210143
0.205289
0.2429
0.112543
0.27127
0.0745438
0.211244
0.189934
0.434647
0.288595
0.250856
0.17369
0.167084
0.375081
0.138931
0.193597
0.27463
0.194568
0.234044
0.340574
0.243077
0.14818
0.216167
0.28016
0.170021
0.131117
0.212763
0.223924
0.249716
0.296202
0.331853
0.243321
0.272261
0.275751
0.256044
