0.244492
0.458558
0.217629
0.357996
0.178677
0.164816
0.457474
0.146359
0.322655
0.462963
0.477658
0.191171
0.169424
0.367298
0.380246
0.0428114
0.464037
0.33847
0.218451
0.309542
0.314655
0.105305
0.286766
0.292628
0.203552
0.237206
0.246212
0.174036
0.298096
0.240298
0.246862
0.3295
0.251844
0.216966
0.194022
0.19522
0.200738
0.181699
0.252699
0.23967
0.163615
0.174738
0.222455
0.0753881
0.305572
0.118235
0.249677
0.0931109
0.182108
0.20922
0.101022
0.302221
0.332464
0.247839
0.271468
0.203155
0.124857
0.246503
0.124609
0.281095
0.153876
0.170724
0.201806
0.29009
0.441395
0.250803
0.128297
0.139516
0.317228
0.154116
0.121331
0.153648
0.259325
0.154764
0.305084
0.187047
0.236793
0.241679
0.222582
0.119843
0.199674
0.173645
0.258463
0.208608
0.357615
0.171325
0.25732
0.330834
0.164892
0.225123
0.159317
0.300726
0.200701
0.18779
0.21509
0.211947
0.258489
0.114469
0.218794
0.15544
