0.261779
0.214862
0.219743
0.302572
0.249098
0.329417
0.158331
0.191429
0.322302
0.157683
0.197658
0.176181
0.258223
0.210139
0.239396
0.145879
0.117285
0.358171
0.241156
0.395923
0.168648
0.165144
0.214478
0.438239
0.221412
0.430359
0.205067
0.114
0.395079
0.366936
0.305976
0.144923
0.173428
0.0951838
0.0745619
0.115593
0.315726
0.198073
0.27064
0.298405
0.197585
0.142619
0.306243
0.230946
0.291707
0.231707
0.575986
0.322792
0.356559
0.32917
0.424763
0.198532
0.222643
0.248374
0.250416
0.163401
0.303704
0.231867
0.227226
0.15431
0.230171
0.0801113
0.201303
0.237143
0.286272
0.257527
0.175659
0.187808
0.355161
0.297743
0.307553
0.209255
0.215371
0.255455
0.227705
0.260284
0.120677
0.386357
0.273451
0.184708
0.102206
0.201865
0.129194
0.133227
0.245581
0.100526
0.19508
0.13954
0.342909
0.158
0.150071
0.125087
0.236688
0.11819
0.163883
0.0896417
0.163504
0.414618
0.260484
0.135108
