0.162595
0.104974
0.137957
0.171421
0.146399
0.436238
0.290076
0.27073
0.17208
0.38752
0.164611
0.299693
0.223963
0.282197
0.394823
0.24972
0.496415
0.208014
0.212271
0.0893494
0.354651
0.0943928
0.275019
0.274509
0.189471
0.151556
0.413309
0.306952
0.279697
0.146215
0.118191
0.236514
0.187342
0.207323
0.103981
0.242125
0.202488
0.207349
0.129252
0.349482
0.303198
0.186605
0.277913
0.270894
0.318464
0.29713
0.189965
0.280804
0.107828
0.269322
0.192561
0.134503
0.340922
0.119753
0.228171
0.278323
0.181551
0.273971
0.111216
0.254587
0.105176
0.243113
0.237015
0.312757
0.145146
0.416176
0.16566
0.196837
0.116069
0.0906429
0.104688
0.371542
0.209176
0.362891
0.212537
0.300483
0.0939142
0.335245
0.234713
0.235188
0.200188
0.359893
0.243128
0.125065
0.370942
0.317926
0.284972
0.166572
0.305474
0.260856
0.249914
0.239487
0.310499
0.14939
0.200986
0.327623
0.257624
0.0657813
0.273081
0.0930508
