0.243361
0.0842293
0.31529
0.168148
0.372792
0.222114
0.129673
0.222381
0.248686
0.470478
0.210242
0.148149
0.121024
0.100259
0.187506
0.402485
0.26289
0.415722
0.178724
0.254488
0.233835
0.510654
0.225253
0.107248
0.359617
0.398132
0.276642
0.218079
0.195078
0.247148
0.306627
0.284981
0.0741222
0.54002
0.230456
0.222206
0.177592
0.227115
0.435945
0.290759
0.110001
0.18744
0.197007
0.383589
0.181245
0.421637
0.228225
0.1552
0.209461
0.149251
0.189732
0.166533
0.324595
0.254634
0.193508
0.247687
0.174495
0.31123
0.453888
0.225552
0.157096
0.237195
0.0789683
0.135171
0.262617
0.272512
0.118978
0.102409
0.120359
0.0874782
0.266395
0.207141
0.26409
0.139625
0.232997
0.139213
0.10728
0.139257
0.192229
0.272236
0.408881
0.325558
0.119907
0.287454
0.155079
0.148138
0.17395
0.208194
0.276118
0.147307
0.20325
0.342758
0.172711
0.141302
0.186664
0.100454
0.135929
0.383069
0.16097
0.143699
