0.265028
0.32007
0.333374
0.204422
0.278473
0.229848
0.277584
0.132889
0.258271
0.237123
0.156328
0.179835
0.338366
0.202077
0.302446
0.338302
0.183483
0.1527
0.301576
0.348931
0.133717
0.251145
0.119526
0.243302
0.120227
0.286238
0.199778
0.220672
0.169528
0.220995
0.296692
0.0955002
0.240019
0.173526
0.300588
0.364446
0.0833894
0.411078
0.318366
0.306508
0.302705
0.248938
0.160074
0.164375
0.152142
0.214136
0.230531
0.282108
0.168688
0.410722
0.223563
0.226664
0.102432
0.363295
0.255841
0.146414
0.153171
0.153895
0.143914
0.403078
0.371408
0.206268
0.0783162
0.161622
0.388592
0.201151
0.295324
0.175436
0.147725
0.29576
0.1413
0.410727
0.289119
0.373093
0.228335
0.468791
0.409546
0.186784
0.110592
0.225013
0.108186
0.147245
0.205488
0.357656
0.21231
0.0671388
0.42544
0.283279
0.129708
0.120338
0.132411
0.117382
0.178713
0.310614
0.117871
0.178974
0.227321
0.0856753
0.227027
0.289792
