0.226106
0.253988
0.161244
0.12075
0.182017
0.277342
0.0872891
0.335011
0.226866
0.393403
0.0872042
0.247596
0.205726
0.368435
0.474395
0.0597182
0.169158
0.307281
0.220078
0.149689
0.270191
0.264644
0.226558
0.287355
0.12741
0.427163
0.286187
0.168652
0.317588
0.0954839
0.290683
0.222118
0.133537
0.325069
0.344007
0.226747
0.346739
0.132513
0.125097
0.137838
0.223507
0.311933
0.520242
0.204371
0.129328
0.276666
0.269382
0.315232
0.211536
0.29733
0.293956
0.207494
0.0361295
0.222885
0.189188
0.246417
0.229337
0.158096
0.250192
0.210576
0.201996
0.332066
0.214862
0.184943
0.0929019
0.145276
0.052475
0.280618
0.203243
0.0397879
0.297393
0.0113534
0.130917
0.268873
0.236525
0.124981
0.345038
0.215475
0.114306
0.268212
0.16777
0.274203
0.328018
0.178375
0.311161
0.197004
0.224427
0.393916
0.296371
0.161394
0.178564
0.287679
0.531681
0.199195
0.0951956
0.29714
0.203645
0.348759
0.234777
0.192756
