0.223177
0.0698342
0.188564
0.321855
0.107591
0.0714307
0.110612
0.180282
0.349841
0.368997
0.0383412
0.227185
0.202903
0.19543
0.179954
0.173699
0.206414
0.1437
0.201135
0.403176
0.0951254
0.442971
0.370063
0.254252
0.111878
0.185284
0.0547971
0.374297
0.322793
0.0932936
0.1546
0.168923
0.291271
0.21076
0.301843
0.218285
0.182574
0.30679
0.204751
0.28991
0.181467
0.177101
0.278433
0.395402
0.393342
0.453166
0.140877
0.169264
0.139294
0.242164
0.054167
0.178246
0.193067
0.296781
0.232532
0.272037
0.395518
0.269315
0.31749
0.27471
0.258771
0.192125
0.425062
0.337448
0.206404
0.222405
0.266286
0.33132
0.185656
0.247332
0.0762482
0.122857
0.439779
0.221939
0.204118
0.347084
0.274285
0.164951
0.240808
0.05928
0.368941
0.122131
0.220502
0.12813
0.187487
0.420786
0.233195
0.288137
0.0987145
0.269037
0.266528
0.135687
0.215954
0.167882
0.223174
0.41909
0.278345
0.0762769
0.162665
0.0973426
