0.193805
0.203532
0.0433328
0.152904
0.250501
0.371574
0.143565
0.242086
0.137332
0.370403
0.338518
0.304066
0.11798
0.342074
0.348521
0.119244
0.165693
0.244316
0.177382
0.200845
0.347213
0.143404
0.157347
0.207949
0.247491
0.293836
0.0713486
0.485153
0.360657
0.232711
0.154859
0.246706
0.306208
0.265101
0.249166
0.150737
0.279682
0.161367
0.13921
0.336563
0.346743
0.182018
0.206162
0.190997
0.176111
0.120623
0.149847
0.116055
0.372722
0.170013
0.338284
0.258538
0.104999
0.281611
0.313701
0.281596
0.431279
0.135867
0.16573
0.147764
0.138643
0.14679
0.211064
0.057514
0.214832
0.231751
0.0986835
0.359739
0.235361
0.150199
0.460005
0.097343
0.0693932
0.450881
0.239368
0.269733
0.336489
0.138764
0.247826
0.28095
0.322393
0.306908
0.306979
0.170911
0.197172
0.269564
0.0802185
0.173394
0.136253
0.20963
0.265324
0.326142
0.303313
0.236789
0.247137
0.135333
0.400412
0.230068
0.258659
0.293458
