0.406769
0.415085
0.187961
0.244574
0.508239
0.190126
0.142057
0.416764
0.347295
0.28828
0.164678
0.346758
0.129775
0.209871
0.0701126
0.412032
0.226344
0.249244
0.234513
0.252055
0.163534
0.134815
0.274943
0.177976
0.259651
0.169639
0.206398
0.0771171
0.220582
0.0984223
0.336473
0.310684
0.297345
0.116932
0.209551
0.189339
0.159195
0.106886
0.282619
0.207859
0.138725
0.047428
0.197696
0.215684
0.0901067
0.181443
0.178177
0.220773
0.177389
0.294051
0.125303
0.244139
0.0834506
0.318108
0.213252
0.103712
0.180597
0.0989261
0.220159
0.144393
0.412173
0.0932085
0.446266
0.376516
0.0855978
0.265006
0.227594
0.104996
0.0722902
0.281243
0.294514
0.228051
0.211453
0.225417
0.372055
0.19506
0.123428
0.134259
0.265384
0.349971
0.383358
0.457527
0.24909
0.176001
0.0652049
0.235264
0.363125
0.362431
0.246495
0.42113
0.181244
0.0970157
0.187621
0.257923
0.138411
0.163385
0.169077
0.371012
0.181878
0.353623
