0.280904
0.451758
0.26576
0.329018
0.276019
0.241881
0.356498
0.430677
0.0224391
0.0516968
0.328459
0.144907
0.186249
0.171526
0.270594
0.218123
0.155851
0.280512
0.216462
0.171904
0.4417
0.0538775
0.278667
0.0816165
0.205643
0.212336
0.254894
0.310904
0.109008
0.354211
0.0513465
0.292242
0.26037
0.399047
0.288762
0.248938
0.185988
0.414375
0.228099
0.194075
0.248275
0.325775
0.130323
0.0755288
0.26384
0.347694
0.158443
0.103496
0.0760174
0.139924
0.238134
0.353014
0.193848
0.225705
0.127584
0.327971
0.421
0.413581
0.297448
0.156031
0.433857
0.248721
0.216434
0.293026
0.174194
0.24351
0.142701
0.34115
0.258657
0.251961
0.241978
0.338884
0.244393
0.29047
0.154481
0.253971
0.246027
0.123022
0.267978
0.212797
0.253653
0.119858
0.213869
0.25887
0.145836
0.0926346
0.1612
0.101737
0.120362
0.169432
0.249889
0.0625594
0.169
0.081454
0.1909
0.0385274
0.331524
0.267924
0.310182
0.257017
