0.0851067
0.10085
0.230495
0.320708
0.285783
0.204032
0.450242
0.218248
0.349817
0.361776
0.311892
0.283901
0.199708
0.21318
0.185574
0.150286
0.122484
0.235309
0.19407
0.306489
0.349791
0.445491
0.502526
0.177264
0.136148
0.145396
0.407979
0.178925
0.423603
0.273304
0.177057
0.173067
0.291511
0.157386
0.21347
0.257207
0.303104
0.0558282
0.340065
0.269213
0.118942
0.272352
0.169038
0.0583413
0.265323
0.382592
0.198803
0.342646
0.237236
0.348095
0.172287
0.166002
0.155261
0.256582
0.0674079
0.381927
0.188113
0.232375
0.0874576
0.272303
0.124033
0.226625
0.291283
0.262262
0.238087
0.237068
0.246143
0.267977
0.235764
0.221805
0.159622
0.240244
0.279148
0.273896
0.112926
0.272511
0.394721
0.32528
0.0951057
0.168143
0.222439
0.286354
0.169112
0.292999
0.149302
0.257437
0.270845
0.0875346
0.298018
0.328159
0.256244
0.081006
0.235937
0.179449
0.156357
0.228398
0.150307
0.0662788
0.187362
0.144984
