0.291657
0.285564
0.0638941
0.478002
0.261263
0.351633
0.268663
0.252715
0.291952
0.198434
0.311217
0.191742
0.294889
0.243109
0.11093
0.271658
0.128403
0.442494
0.143415
0.346939
0.207656
0.144377
0.416358
0.217141
0.0739431
0.158738
0.151392
0.211076
0.168155
0.146572
0.205539
0.16243
0.296692
0.232916
0.360133
0.158643
0.230189
0.269447
0.137435
0.191037
0.337082
0.190868
0.25695
0.371215
0.331428
0.276077
0.341289
0.264946
0.274517
0.277871
0.339731
0.213547
0.0713262
0.280255
0.0338224
0.16432
0.242332
0.149981
0.328087
0.196512
0.303413
0.242717
0.309776
0.193843
0.183992
0.280981
0.27704
0.225082
0.113702
0.215929
0.427259
0.251364
0.353081
0.221073
0.171286
0.144448
0.124279
0.229997
0.174711
0.270619
0.374157
0.111816
0.14669
0.125183
0.155386
0.344861
0.281594
0.313517
0.219319
0.281817
0.0752977
0.124967
0.410651
0.0655694
0.195437
0.150319
0.27008
0.275909
0.176991
0.146798
