0.197307
0.161625
0.178445
0.259463
0.278776
0.043956
0.419387
0.0274455
0.29124
0.231354
0.397275
0.271574
0.259106
0.347377
0.134182
0.268784
0.216107
0.269032
0.331888
0.134119
0.284556
0.27391
0.0369709
0.231761
0.264794
0.205764
0.116812
0.349731
0.417373
0.441472
0.263996
0.0885502
0.274126
0.124314
0.169237
0.266024
0.228685
0.185242
0.309542
0.0534024
0.218323
0.535189
0.178676
0.0465697
0.321685
0.172288
0.133548
0.19793
0.101582
0.247911
0.286043
0.178811
0.232271
0.300907
0.129354
0.183071
0.302835
0.236956
0.190796
0.199873
0.250111
0.171263
0.220478
0.197759
0.173051
0.236508
0.129352
0.264709
0.259785
0.261707
0.322961
0.150022
0.191745
0.190033
0.161709
0.137431
0.479602
0.196093
0.224456
0.0415817
0.285711
0.115209
0.269916
0.10065
0.244353
0.336976
0.186907
0.231597
0.326977
0.254376
0.383557
0.500523
0.342864
0.180501
0.31454
0.203749
0.20843
0.14809
0.241425
0.114885
