0.285108
0.105326
0.200756
0.289763
0.101105
0.174601
0.248216
0.169435
0.341283
0.0797723
0.187627
0.293466
0.37879
0.158624
0.128381
0.232929
0.16998
0.321341
0.232864
0.190382
0.22052
0.450505
0.309638
0.130158
0.160537
0.0501074
0.32471
0.200224
0.40792
0.452007
0.0523033
0.105392
0.165824
0.240257
0.340677
0.247445
0.303654
0.126136
0.286417
0.373106
0.153855
0.337095
0.382207
0.0549207
0.218344
0.188687
0.211619
0.142331
0.221113
0.278481
0.272256
0.164979
0.0619868
0.203704
0.158808
0.171712
0.280014
0.150645
0.172367
0.277616
0.351608
0.180353
0.223264
0.212775
0.259098
0.130158
0.128374
0.187386
0.236634
0.112065
0.261041
0.138544
0.113699
0.358565
0.500008
0.358918
0.342263
0.101896
0.301557
0.131862
0.468891
0.218266
0.155095
0.172838
0.211247
0.12698
0.251353
0.375183
0.130031
0.31882
0.163114
0.197584
0.0617691
0.378378
0.378614
0.266359
0.346014
0.0814663
0.222212
0.32365
