0.391536
0.188472
0.363891
0.285627
0.182017
0.279517
0.262718
0.0866437
0.323714
0.279438
0.0872042
0.12966
0.205726
0.216509
0.2133
0.364594
0.169158
0.26674
0.220078
0.234755
0.270191
0.564769
0.33974
0.295112
0.289371
0.251065
0.18301
0.168652
0.195202
0.29707
0.202247
0.244271
0.192288
0.371164
0.256138
0.31059
0.25482
0.390319
0.429487
0.143957
0.165808
0.311933
0.194022
0.117341
0.129514
0.151647
0.0999926
0.244475
0.176414
0.460269
0.12301
0.149627
0.0361295
0.229443
0.189188
0.305785
0.158739
0.240968
0.199278
0.263396
0.421032
0.216994
0.28989
0.184943
0.0929019
0.3554
0.0978393
0.195295
0.203243
0.223926
0.206109
0.170894
0.116631
0.254115
0.324353
0.0860007
0.345038
0.228038
0.131919
0.271518
0.100652
0.248743
0.345265
0.0705465
0.2915
0.197004
0.191257
0.211161
0.141178
0.161394
0.276596
0.166471
0.266878
0.188209
0.287654
0.224548
0.406956
0.309
0.224775
0.0763832
