0.362559
0.31895
0.436165
0.207013
0.234631
0.128235
0.14587
0.285694
0.298696
0.345234
0.120665
0.197514
0.294575
0.167139
0.146287
0.406887
0.357597
0.117079
0.23844
0.204961
0.182913
0.284918
0.453177
0.108134
0.187322
0.198588
0.331093
0.191713
0.213727
0.0606653
0.260008
0.11015
0.341926
0.261728
0.217272
0.187633
0.265715
0.181662
0.252425
0.391129
0.101217
0.0803211
0.197141
0.30378
0.165982
0.260453
0.0705076
0.445429
0.3746
0.337722
0.205333
0.173272
0.383919
0.195063
0.274721
0.318256
0.132479
0.146947
0.215927
0.269299
0.287085
0.243572
0.298617
0.168141
0.187979
0.0877723
0.13509
0.277897
0.320524
0.0447197
0.235029
0.211209
0.180616
0.134323
0.233823
0.231272
0.131962
0.157192
0.32961
0.141482
0.0647504
0.387601
0.227648
0.274466
0.327228
0.263255
0.364294
0.261914
0.182356
0.146045
0.133893
0.289465
0.262207
0.309397
0.242405
0.0666626
0.280186
0.293968
0.266724
0.174725
