0.145837
0.262778
0.219837
0.191807
0.0416999
0.119797
0.308825
0.141941
0.220075
0.413428
0.251968
0.447189
0.189411
0.248864
0.128381
0.313914
0.122208
0.25467
0.224883
0.289437
0.22052
0.287358
0.309606
0.276924
0.117048
0.348836
0.272233
0.127074
0.285016
0.181561
0.0523033
0.234362
0.201075
0.148038
0.220219
0.29321
0.361775
0.331937
0.194734
0.157703
0.195011
0.145235
0.0531923
0.186569
0.137627
0.291744
0.234
0.196749
0.359548
0.301349
0.329777
0.0667555
0.250548
0.222419
0.199257
0.330381
0.18948
0.40525
0.250331
0.266773
0.094035
0.318774
0.430804
0.473883
0.236081
0.177811
0.221716
0.298534
0.333131
0.350582
0.224036
0.217559
0.274361
0.194757
0.214051
0.364971
0.109901
0.270955
0.120038
0.414447
0.193149
0.247997
0.23359
0.221426
0.154639
0.234436
0.177294
0.21138
0.118133
0.278244
0.218258
0.116705
0.17128
0.129707
0.227952
0.30032
0.279658
0.266657
0.149266
0.311626
