0.300958
0.178364
0.147677
0.274792
0.148653
0.202028
0.293482
0.160391
0.212506
0.260361
0.129123
0.205515
0.319848
0.161222
0.216884
0.163468
0.0664533
0.23765
0.241036
0.315033
0.29537
0.128239
0.253255
0.302605
0.166052
0.214511
0.244677
0.234296
0.247015
0.238834
0.324026
0.0955799
0.164796
0.258332
0.210347
0.24418
0.264238
0.249457
0.310538
0.199763
0.254647
0.168508
0.199289
0.112
0.427853
0.224696
0.241331
0.201123
0.120401
0.162786
0.451934
0.318882
0.170452
0.144561
0.264788
0.15711
0.14753
0.281479
0.370949
0.099738
0.124002
0.281907
0.158339
0.311075
0.413428
0.296873
0.127521
0.271362
0.229457
0.234934
0.279179
0.416869
0.159512
0.215262
0.259482
0.337028
0.123309
0.186004
0.274656
0.130919
0.215178
0.325137
0.36471
0.433408
0.186926
0.298132
0.378245
0.28284
0.182154
0.248723
0.0818155
0.374554
0.268668
0.427998
0.115795
0.235748
0.264867
0.271873
0.206109
0.0796928
