0.0632699
0.448729
0.210266
0.215714
0.207899
0.329491
0.194568
0.306097
0.310405
0.262744
0.247043
0.254164
0.105696
0.355526
0.139626
0.238035
0.269557
0.175583
0.19205
0.380652
0.191369
0.206158
0.294438
0.0556188
0.373754
0.244869
0.287788
0.220787
0.215496
0.382082
0.23782
0.227274
0.375781
0.296299
0.199804
0.108535
0.208843
0.420502
0.526205
0.152009
0.251498
0.151962
0.159568
0.268961
0.225599
0.15523
0.272724
0.188495
0.199494
0.223259
0.304182
0.278876
0.242533
0.245753
0.170429
0.230389
0.130047
0.211412
0.211263
0.32464
0.353152
0.117995
0.374908
0.217624
0.293864
0.139646
0.266155
0.185504
0.390058
0.196755
0.171201
0.198495
0.234362
0.306773
0.290766
0.203704
0.158819
0.381376
0.111239
0.278275
0.126036
0.288868
0.12723
0.112053
0.180093
0.083289
0.162554
0.130698
0.16236
0.220894
0.119664
0.163183
0.262653
0.295808
0.309498
0.34186
0.252186
0.314115
0.0860403
0.194985
