0.17375
0.429851
0.348577
0.202104
0.092948
0.210473
0.314563
0.262281
0.461115
0.152236
0.15757
0.156547
0.162314
0.130274
0.165783
0.375382
0.144567
0.328372
0.288009
0.288619
0.0988005
0.241176
0.134007
0.239599
0.141582
0.0956555
0.347946
0.179321
0.0954707
0.313812
0.175888
0.509559
0.440928
0.278345
0.165636
0.166412
0.100468
0.159912
0.202375
0.12748
0.11314
0.389304
0.288128
0.364468
0.340554
0.0566402
0.276548
0.219761
0.248761
0.209354
0.176723
0.261005
0.190962
0.153497
0.0908128
0.295302
0.335273
0.138293
0.192924
0.117684
0.199105
0.391703
0.210485
0.320436
0.190108
0.159079
0.08165
0.205663
0.365122
0.38063
0.121142
0.261889
0.14943
0.27495
0.235626
0.155924
0.353898
0.243812
0.100242
0.323844
0.187996
0.26289
0.0623353
0.446193
0.334716
0.17356
0.298609
0.0929265
0.15217
0.41235
0.13636
0.228599
0.0802699
0.149186
0.189372
0.270153
0.12903
0.400201
0.36435
0.0353862
