0.261831
0.243021
0.415062
0.16187
0.183843
0.234982
0.284924
0.180137
0.399377
0.188238
0.320941
0.130279
0.144639
0.183078
0.179409
0.346266
0.2663
0.157653
0.316358
0.153604
0.105381
0.252449
0.215948
0.0607634
0.159958
0.244081
0.329819
0.0376199
0.314832
0.10614
0.404739
0.227383
0.135408
0.139188
0.12228
0.169771
0.0998096
0.196136
0.188962
0.42623
0.196908
0.21205
0.176989
0.369618
0.0985578
0.121208
0.144879
0.260772
0.157657
0.192453
0.22254
0.146606
0.199612
0.295903
0.281247
0.222572
0.341436
0.334792
0.208446
0.205967
0.34947
0.46658
0.234735
0.229535
0.273697
0.146674
0.154962
0.253517
0.297652
0.152826
0.290306
0.16762
0.301947
0.422165
0.190374
0.157974
0.114048
0.35107
0.140171
0.0678739
0.155191
0.249373
0.309529
0.53088
0.233343
0.415146
0.377711
0.10742
0.255388
0.404913
0.206957
0.266541
0.311553
0.316757
0.279463
0.0872958
0.0999526
0.174879
0.128017
0.20566
