0.214289
0.338051
0.210052
0.247407
0.258686
0.409404
0.14083
0.0984803
0.182006
0.19645
0.190426
0.109688
0.160844
0.111067
0.227806
0.242347
0.306312
0.119562
0.210717
0.202255
0.198612
0.207417
0.0735614
0.296479
0.366562
0.264833
0.197381
0.15663
0.303841
0.304653
0.253767
0.216357
0.187809
0.172793
0.380444
0.104572
0.14269
0.120015
0.500569
0.299641
0.0670448
0.283737
0.155216
0.296285
0.250805
0.264841
0.281924
0.281683
0.370508
0.23549
0.315139
0.0900372
0.17852
0.288876
0.146055
0.286626
0.147855
0.0802945
0.244529
0.236344
0.210808
0.138395
0.231686
0.384803
0.270766
0.441638
0.235541
0.259466
0.208401
0.0600432
0.150679
0.281367
0.125589
0.155133
0.387765
0.257415
0.432359
0.228972
0.238958
0.272641
0.264528
0.347925
0.296728
0.390518
0.23063
0.155473
0.211859
0.080449
0.229871
0.0814381
0.172566
0.146572
0.21678
0.290663
0.296369
0.249048
0.353466
0.376392
0.171327
0.299037
