0.176069
0.269377
0.224847
0.0531512
0.0827532
0.167353
0.174731
0.320332
0.143313
0.18737
0.0652942
0.23604
0.40048
0.102433
0.379622
0.21042
0.136798
0.0835885
0.246436
0.168701
0.352219
0.229635
0.179254
0.372546
0.187726
0.299934
0.157032
0.184789
0.202587
0.319138
0.130231
0.22683
0.147857
0.233567
0.153983
0.215111
0.193902
0.330462
0.131034
0.214545
0.145349
0.286175
0.0981548
0.287832
0.203833
0.19555
0.205516
0.340804
0.321688
0.251206
0.156214
0.133612
0.183645
0.197746
0.433972
0.425631
0.329239
0.331782
0.0938033
0.225381
0.203352
0.241127
0.20999
0.580286
0.286145
0.404511
0.253038
0.178647
0.170834
0.29488
0.232226
0.196256
0.291617
0.355218
0.155544
0.191532
0.0939348
0.299721
0.478403
0.32736
0.23739
0.245975
0.321253
0.16378
0.316535
0.410855
0.192706
0.0830878
0.131671
0.234728
0.229544
0.217889
0.154506
0.279491
0.247125
0.230879
0.194248
0.0788136
0.356862
0.124939
