0.312499
0.316687
0.155911
0.168332
0.303687
0.185067
0.253366
0.1996
0.211745
0.133604
0.145549
0.258016
0.272037
0.162436
0.264835
0.310554
0.306022
0.178378
0.251264
0.0899293
0.07515
0.33404
0.377297
0.282237
0.171306
0.0631617
0.0594056
0.246287
0.336225
0.136165
0.287024
0.135267
0.102644
0.141884
0.308676
0.290205
0.218888
0.313691
0.137194
0.346535
0.219664
0.136512
0.258073
0.118256
0.302372
0.198892
0.358029
0.326415
0.346936
0.102605
0.162761
0.140338
0.2848
0.219448
0.119167
0.313607
0.409777
0.152253
0.11106
0.168616
0.161437
0.351789
0.199386
0.181798
0.142011
0.326764
0.155491
0.333713
0.25303
0.0867252
0.247583
0.177717
0.286039
0.269543
0.075723
0.121548
0.201505
0.183498
0.380226
0.264894
0.253526
0.163789
0.218443
0.135552
0.16104
0.3455
0.308073
0.469266
0.496038
0.214842
0.231185
0.431586
0.255388
0.378181
0.333537
0.285363
0.145045
0.161593
0.247594
0.23233
