0.315935
0.223553
0.267411
0.178736
0.168478
0.212162
0.178146
0.128494
0.342829
0.143774
0.237882
0.251848
0.188928
0.463586
0.280044
0.184956
0.198978
0.438117
0.342827
0.108174
0.220137
0.278519
0.132777
0.12992
0.235324
0.207854
0.247696
0.388312
0.194284
0.171854
0.38282
0.263155
0.214818
0.0702818
0.121534
0.132101
0.170242
0.253242
0.0846591
0.260913
0.317118
0.133228
0.163224
0.236855
0.369154
0.301986
0.125794
0.406774
0.259659
0.214467
0.198287
0.244819
0.235948
0.102794
0.28209
0.0659048
0.295316
0.163065
0.299222
0.400889
0.198979
0.320905
0.231237
0.188947
0.284095
0.15923
0.381943
0.0601904
0.208185
0.143011
0.147639
0.0253862
0.27775
0.344002
0.127942
0.151936
0.360634
0.183451
0.170393
0.248297
0.318961
0.223148
0.375186
0.266227
0.0984541
0.309395
0.260464
0.0563252
0.235071
0.100571
0.381053
0.377311
0.440553
0.147501
0.182992
0.323977
0.178693
0.375318
0.153536
0.210004
