0.23989
0.406472
0.346312
0.0693125
0.120534
0.261143
0.179518
0.27332
0.41063
0.30329
0.164462
0.0431469
0.295291
0.194431
0.266032
0.148043
0.302539
0.148857
0.306192
0.421832
0.194176
0.204788
0.117622
0.231642
0.113348
0.140779
0.0361948
0.116086
0.236686
0.347517
0.265862
0.210569
0.310908
0.106573
0.216503
0.117443
0.0947863
0.250407
0.207505
0.253959
0.260705
0.307536
0.19312
0.298059
0.144413
0.326851
0.304888
0.0578088
0.287107
0.347347
0.217914
0.274182
0.0459936
0.407911
0.278047
0.141437
0.375232
0.184313
0.313323
0.303806
0.158256
0.244249
0.224675
0.239787
0.349261
0.220843
0.164788
0.176517
0.214735
0.125521
0.267682
0.190753
0.279512
0.294507
0.171073
0.18908
0.285678
0.259494
0.121895
0.276031
0.18403
0.278012
0.311728
0.141991
0.233563
0.232641
0.156291
0.267087
0.493007
0.318525
0.235801
0.204219
0.466287
0.28028
0.194517
0.204792
0.134432
0.300449
0.219408
0.218946
