0.100944
0.261266
0.164366
0.138714
0.254059
0.34446
0.273653
0.127005
0.285798
0.260791
0.411707
0.101318
0.388283
0.239186
0.219302
0.209066
0.262955
0.183379
0.0996844
0.513901
0.104602
0.255519
0.225988
0.38525
0.435761
0.237552
0.226297
0.144328
0.155096
0.0701478
0.233285
0.12578
0.158988
0.409067
0.129203
0.136777
0.124385
0.275982
0.367052
0.251822
0.336171
0.143107
0.307326
0.345395
0.13799
0.350673
0.0798246
0.193837
0.211011
0.214779
0.275474
0.302113
0.156562
0.206243
0.152437
0.306948
0.179246
0.295759
0.128203
0.214355
0.189965
0.322411
0.32516
0.23255
0.185881
0.20264
0.346837
0.170523
0.221001
0.246655
0.166295
0.202956
0.286039
0.33786
0.176924
0.295551
0.125318
0.131032
0.23282
0.209138
0.268604
0.377388
0.201774
0.0797531
0.146668
0.303185
0.208084
0.296967
0.369527
0.375993
0.168481
0.294818
0.140903
0.273946
0.159827
0.140125
0.136287
0.283284
0.323295
0.290583
