0.320566
0.181471
0.20358
0.407854
0.274347
0.322178
0.201185
0.286297
0.237261
0.369618
0.11091
0.264447
0.274398
0.341066
0.21076
0.191635
0.127711
0.260136
0.440094
0.206259
0.099689
0.182335
0.156392
0.19453
0.441116
0.151364
0.111599
0.135197
0.17629
0.109436
0.244334
0.29557
0.398712
0.159805
0.196357
0.231284
0.314021
0.13449
0.295691
0.10469
0.186312
0.143931
0.114943
0.328464
0.205681
0.242658
0.441692
0.186657
0.237893
0.361161
0.13899
0.297017
0.212156
0.22809
0.447874
0.172569
0.193691
0.206603
0.349679
0.190788
0.193788
0.131464
0.153664
0.209886
0.218243
0.194451
0.16176
0.267692
0.13411
0.111262
0.238469
0.188729
0.262961
0.539509
0.149371
0.248083
0.182049
0.262831
0.366404
0.134633
0.43439
0.119028
0.112278
0.312449
0.212194
0.0639867
0.280607
0.323472
0.141851
0.307296
0.196564
0.136485
0.357836
0.330972
0.19311
0.126438
0.207008
0.174677
0.167753
0.309596
