0.321642
0.30557
0.303921
0.192602
0.112235
0.116036
0.208974
0.212897
0.115709
0.450886
0.3063
0.351905
0.26609
0.315186
0.0976546
0.353304
0.225677
0.262043
0.207657
0.192031
0.0947466
0.246271
0.366638
0.1481
0.284177
0.183319
0.327774
0.255806
0.238197
0.18
0.0784027
0.134112
0.274838
0.276628
0.34765
0.260506
0.286107
0.348301
0.161192
0.183885
0.139503
0.209577
0.159151
0.130235
0.213083
0.169427
0.279086
0.0738691
0.273046
0.209632
0.351955
0.288208
0.387491
0.0926003
0.153467
0.247917
0.219949
0.133075
0.333984
0.0592917
0.355101
0.186326
0.190982
0.507354
0.250224
0.276536
0.247918
0.268876
0.147316
0.21608
0.0990326
0.141688
0.219848
0.302014
0.365917
0.127795
0.144417
0.15149
0.191489
0.296483
0.233199
0.309818
0.189534
0.19088
0.351905
0.229724
0.301489
0.0968221
0.0851825
0.357071
0.325321
0.135524
0.272968
0.218435
0.269899
0.396933
0.134852
0.303608
0.186703
0.293503
