0.235099
0.213579
0.17834
0.180829
0.19235
0.223628
0.290375
0.302488
0.147281
0.258649
0.266589
0.290927
0.162603
0.31747
0.294024
0.161525
0.333037
0.136328
0.202848
0.303977
0.180097
0.231797
0.452287
0.1915
0.169031
0.318243
0.236163
0.12126
0.193373
0.306203
0.0538318
0.140031
0.124089
0.256877
0.0612501
0.132518
0.379278
0.139372
0.186391
0.130006
0.458257
0.0664515
0.19161
0.206875
0.30129
0.244985
0.249532
0.225583
0.203067
0.245521
0.332995
0.302926
0.0876151
0.204643
0.150315
0.112337
0.125571
0.365069
0.223699
0.165475
0.11706
0.164857
0.200962
0.448144
0.215427
0.16503
0.281379
0.455195
0.175384
0.166734
0.41644
0.190545
0.300199
0.0992617
0.208907
0.132228
0.129848
0.376535
0.164805
0.140112
0.304211
0.289315
0.254972
0.148882
0.349717
0.162502
0.334489
0.404604
0.374487
0.422236
0.177453
0.326201
0.108186
0.233401
0.268311
0.154628
0.252556
0.258903
0.190411
0.390072
