0.285108
0.16669
0.232448
0.2139
0.101105
0.174601
0.248216
0.169435
0.405647
0.0797723
0.108195
0.291584
0.210868
0.158624
0.161652
0.201088
0.190148
0.138035
0.260963
0.28655
0.400498
0.365089
0.0880701
0.296048
0.136842
0.15937
0.309331
0.262482
0.368697
0.272334
0.325827
0.105392
0.230942
0.240257
0.340677
0.271613
0.384528
0.349118
0.251121
0.155585
0.0959035
0.436362
0.267955
0.0549207
0.227824
0.250742
0.211619
0.25489
0.221113
0.0789955
0.272256
0.299857
0.332267
0.244734
0.206391
0.218345
0.280014
0.19279
0.28426
0.159991
0.175452
0.276591
0.196971
0.220914
0.253451
0.116828
0.21277
0.152331
0.266113
0.204602
0.106711
0.366946
0.257429
0.287179
0.500008
0.192701
0.312719
0.101896
0.301557
0.143806
0.43885
0.218266
0.155095
0.172838
0.211247
0.150637
0.251353
0.416386
0.123176
0.192302
0.261848
0.197584
0.0563506
0.378378
0.287443
0.215429
0.346014
0.0814663
0.269774
0.170797
