0.145837
0.359833
0.219837
0.264771
0.110392
0.105059
0.308825
0.331538
0.220075
0.413428
0.209535
0.25812
0.255296
0.248864
0.128381
0.313914
0.40277
0.155165
0.254049
0.138903
0.271752
0.49089
0.183582
0.23561
0.151711
0.16331
0.203072
0.31744
0.295338
0.201377
0.0523033
0.195228
0.201075
0.148038
0.220219
0.289164
0.280273
0.231807
0.405972
0.157703
0.269602
0.271114
0.0531923
0.231973
0.204875
0.194119
0.32813
0.188539
0.119521
0.320315
0.201974
0.162547
0.273881
0.0986752
0.36836
0.229503
0.18948
0.40525
0.250331
0.266773
0.165321
0.312097
0.163283
0.37615
0.236081
0.264006
0.221716
0.324803
0.336648
0.350582
0.139524
0.173539
0.274361
0.122057
0.214051
0.364971
0.109901
0.231108
0.194588
0.38337
0.285978
0.247997
0.23359
0.279273
0.136706
0.212775
0.177294
0.247978
0.118133
0.0442503
0.200873
0.116705
0.270411
0.276741
0.209364
0.330728
0.279658
0.199581
0.108779
0.314262
