0.0451731
0.152916
0.228546
0.235493
0.435739
0.442677
0.229571
0.150256
0.273798
0.333941
0.296527
0.210868
0.263513
0.100869
0.207751
0.129993
0.194447
0.197161
0.0739711
0.193639
0.373119
0.484777
0.224028
0.205135
0.46394
0.215591
0.254509
0.451449
0.237993
0.126512
0.105486
0.126698
0.272576
0.267193
0.292481
0.293552
0.226809
0.0629515
0.274578
0.255254
0.194205
0.21
0.208365
0.164299
0.269093
0.262041
0.260346
0.295646
0.17467
0.223282
0.189724
0.227411
0.255599
0.181329
0.535511
0.213537
0.190453
0.203821
0.126704
0.286432
0.231342
0.266415
0.370566
0.0792987
0.0990207
0.218274
0.313293
0.316635
0.248967
0.273117
0.192519
0.0317387
0.193531
0.178394
0.205879
0.181353
0.316511
0.190655
0.122196
0.112477
0.14951
0.450364
0.24802
0.296769
0.149722
0.0719699
0.3592
0.303448
0.176331
0.158355
0.203096
0.195347
0.16788
0.164066
0.344382
0.302396
0.271768
0.210774
0.217258
0.218145
