0.169522
0.221217
0.228036
0.0470394
0.122408
0.1325
0.253132
0.288663
0.223941
0.246928
0.280623
0.304352
0.0726013
0.269835
0.190174
0.24709
0.116105
0.299188
0.33531
0.276438
0.262123
0.0704901
0.21314
0.28512
0.252066
0.304698
0.302661
0.28754
0.196626
0.196839
0.254385
0.349886
0.368427
0.254562
0.230085
0.174469
0.264757
0.344771
0.479818
0.277513
0.390248
0.118759
0.105435
0.178576
0.291677
0.311568
0.149345
0.2427
0.0568068
0.0619898
0.11493
0.23818
0.30568
0.276591
0.135282
0.125372
0.330071
0.401934
0.378744
0.321087
0.315867
0.167156
0.136712
0.255207
0.189489
0.369591
0.0978393
0.170566
0.298845
0.439505
0.200756
0.202415
0.333836
0.423207
0.25507
0.209991
0.159717
0.228038
0.130107
0.153597
0.299529
0.204356
0.0381006
0.216715
0.250186
0.251194
0.156164
0.324781
0.237762
0.189357
0.324099
0.272933
0.247289
0.149605
0.122641
0.261276
0.213906
0.0901502
0.324077
0.0686614
