0.115369
0.438236
0.0573425
0.215714
0.25497
0.237643
0.256011
0.306097
0.310405
0.262744
0.100276
0.254164
0.196215
0.141947
0.139626
0.186744
0.145254
0.184174
0.375679
0.207127
0.191369
0.206158
0.212051
0.0556188
0.373754
0.243893
0.185948
0.25129
0.215496
0.382082
0.250364
0.211361
0.313487
0.161547
0.199804
0.208923
0.284232
0.172009
0.526205
0.152009
0.251498
0.255612
0.221825
0.222711
0.225599
0.0987248
0.30155
0.279728
0.199494
0.223259
0.156765
0.247422
0.354245
0.243908
0.2054
0.182474
0.155894
0.211412
0.398848
0.356544
0.431979
0.248802
0.126674
0.341436
0.4089
0.139646
0.139821
0.2867
0.390027
0.153826
0.212461
0.31229
0.234362
0.304151
0.290766
0.320327
0.217379
0.34886
0.111239
0.278275
0.126036
0.189814
0.12723
0.21279
0.180093
0.0996605
0.162554
0.130698
0.16236
0.164095
0.119664
0.115724
0.347961
0.295808
0.235989
0.34186
0.252186
0.314115
0.219833
0.279495
