0.111505
0.15045
0.222304
0.0862944
0.0876524
0.171524
0.0424792
0.306562
0.442552
0.333934
0.211938
0.254224
0.137555
0.139914
0.386941
0.335867
0.281372
0.2137
0.140896
0.233039
0.348955
0.337299
0.286892
0.35668
0.166564
0.258618
0.309852
0.163344
0.164318
0.263893
0.283313
0.294302
0.245092
0.297211
0.27519
0.0457987
0.246102
0.436787
0.366205
0.215109
0.176277
0.3143
0.240231
0.130403
0.35295
0.335477
0.368502
0.31808
0.136136
0.0917312
0.375184
0.327148
0.191927
0.153715
0.28351
0.270069
0.185832
0.281012
0.15544
0.242727
0.185354
0.1742
0.306938
0.210269
0.165236
0.289713
0.296719
0.150948
0.0851845
0.170027
0.259579
0.0896126
0.239029
0.35342
0.197852
0.225678
0.178365
0.160647
0.345786
0.151807
0.148136
0.302674
0.161323
0.354558
0.329927
0.236223
0.0779835
0.290676
0.12054
0.135748
0.291199
0.159861
0.519083
0.0378257
0.209221
0.191958
0.1271
0.154676
0.141449
0.275845
