0.160975
0.228649
0.100419
0.372751
0.241341
0.311436
0.34596
0.221847
0.219446
0.380372
0.234446
0.368622
0.138107
0.117269
0.176642
0.230083
0.150121
0.0649237
0.278114
0.178848
0.211217
0.187387
0.616086
0.0731155
0.13786
0.22829
0.284667
0.142167
0.263402
0.196058
0.180293
0.251784
0.292032
0.117444
0.0407811
0.141468
0.260991
0.102437
0.493687
0.0986777
0.254545
0.22745
0.188782
0.150932
0.162342
0.250863
0.371469
0.0973684
0.240451
0.200233
0.204587
0.308941
0.198995
0.245007
0.0632803
0.1547
0.0402478
0.141782
0.204882
0.306219
0.205658
0.259607
0.223197
0.208115
0.164689
0.173217
0.0445216
0.168415
0.245528
0.310669
0.249865
0.237719
0.364018
0.206548
0.247581
0.469235
0.245413
0.22803
0.249852
0.317715
0.369028
0.265859
0.201757
0.277679
0.170304
0.30895
0.301911
0.292216
0.421476
0.300874
0.0910309
0.283199
0.220897
0.323717
0.183157
0.121741
0.222437
0.16993
0.309453
0.423947
