0.223177
0.0741246
0.188564
0.383359
0.107591
0.121228
0.309139
0.180282
0.353261
0.368997
0.324826
0.227185
0.415478
0.19543
0.179954
0.173699
0.206414
0.1437
0.201135
0.364342
0.0951254
0.39096
0.366799
0.104225
0.111878
0.18361
0.0547971
0.374297
0.101026
0.0932936
0.1546
0.221551
0.291271
0.21076
0.122426
0.218285
0.182574
0.0542639
0.204751
0.28991
0.181467
0.177101
0.278433
0.34947
0.393342
0.453166
0.140877
0.169264
0.218572
0.242164
0.281168
0.14824
0.193067
0.296781
0.232532
0.235692
0.217606
0.269315
0.429403
0.27471
0.258771
0.192125
0.221868
0.24762
0.206404
0.21738
0.206246
0.33132
0.185656
0.247332
0.0762482
0.122857
0.439779
0.199156
0.379453
0.347084
0.274285
0.213687
0.240808
0.05928
0.368941
0.122131
0.220502
0.12813
0.187487
0.43808
0.233195
0.288137
0.0987145
0.331787
0.266528
0.135687
0.215954
0.227255
0.237842
0.41909
0.278345
0.0762769
0.162665
0.0973426
