0.1356
0.172582
0.163832
0.364885
0.0732298
0.161625
0.1986
0.112651
0.151529
0.251013
0.32345
0.238068
0.193096
0.274082
0.170434
0.315349
0.28888
0.25795
0.278433
0.170764
0.13265
0.147575
0.24408
0.176569
0.225659
0.528319
0.280673
0.138029
0.145466
0.248665
0.346889
0.213389
0.462834
0.333579
0.135002
0.106637
0.111007
0.309766
0.206096
0.292108
0.155155
0.121759
0.0913213
0.291064
0.113101
0.133451
0.0792999
0.141799
0.381456
0.445197
0.31755
0.347363
0.399546
0.227433
0.124067
0.4819
0.323266
0.191689
0.0612222
0.127295
0.129407
0.246188
0.42204
0.126347
0.376253
0.419082
0.244441
0.393724
0.233831
0.14316
0.124268
0.13904
0.203261
0.262825
0.112025
0.11935
0.299647
0.270261
0.305357
0.294894
0.31691
0.267305
0.18965
0.214537
0.183106
0.294316
0.0657981
0.356996
0.0900983
0.106503
0.238918
0.27172
0.133531
0.148524
0.205237
0.196165
0.288308
0.250151
0.192983
0.296386
