0.43912
0.460222
0.0873567
0.258692
0.213787
0.269868
0.290019
0.197796
0.326822
0.0714502
0.401575
0.169039
0.267091
0.344609
0.35832
0.318013
0.150065
0.173116
0.152316
0.258963
0.314655
0.312133
0.191309
0.177375
0.0943584
0.26314
0.295162
0.3513
0.222068
0.320085
0.15048
0.284496
0.28374
0.139848
0.0752736
0.237505
0.340254
0.3086
0.222425
0.136062
0.299422
0.164864
0.388719
0.163083
0.316298
0.326437
0.145052
0.232134
0.227115
0.191908
0.209731
0.203363
0.140449
0.163102
0.187609
0.176131
0.209728
0.118007
0.274469
0.227445
0.153876
0.141369
0.191193
0.260528
0.335514
0.223024
0.188877
0.142782
0.205379
0.287183
0.285904
0.2232
0.259325
0.214081
0.323677
0.229645
0.22016
0.258042
0.142308
0.127797
0.242971
0.220434
0.281245
0.330669
0.14585
0.514262
0.39792
0.0723616
0.218821
0.287618
0.214907
0.130449
0.268602
0.177752
0.0594343
0.272768
0.353387
0.119842
0.207569
0.140818
