0.436402
0.178364
0.331097
0.423409
0.220851
0.146086
0.140237
0.160391
0.0477446
0.1869
0.327896
0.138949
0.384809
0.215354
0.225584
0.257407
0.114588
0.147088
0.328756
0.252891
0.26535
0.188512
0.113302
0.307633
0.292589
0.185804
0.234845
0.200736
0.247015
0.455152
0.341754
0.157032
0.256953
0.255338
0.141578
0.190594
0.20217
0.299395
0.0718299
0.258742
0.369905
0.168508
0.141549
0.291609
0.139122
0.0983491
0.241331
0.371845
0.120401
0.428969
0.147353
0.285708
0.147504
0.168959
0.3175
0.396069
0.206468
0.24722
0.213069
0.149106
0.359544
0.147351
0.256513
0.326896
0.141276
0.296873
0.127521
0.309305
0.152556
0.235021
0.365671
0.142976
0.22869
0.215262
0.373815
0.240996
0.414572
0.0644487
0.142735
0.111633
0.131816
0.117356
0.228745
0.140047
0.126419
0.41214
0.256409
0.0921523
0.355682
0.0636394
0.114486
0.294145
0.118633
0.283586
0.310454
0.336856
0.400356
0.164526
0.248908
0.0796928
