0.300958
0.0849985
0.225397
0.274792
0.0864296
0.2203
0.125914
0.160391
0.212506
0.251795
0.207365
0.135631
0.193642
0.161222
0.216884
0.163468
0.0570642
0.369281
0.241036
0.185285
0.29537
0.128239
0.212294
0.238877
0.253475
0.214511
0.258783
0.234296
0.421146
0.238834
0.195785
0.296547
0.164796
0.258332
0.20144
0.240922
0.258053
0.249457
0.248998
0.237889
0.254647
0.410362
0.221446
0.102409
0.170158
0.242123
0.373973
0.201123
0.120401
0.125868
0.118339
0.452651
0.362003
0.398544
0.264788
0.263434
0.195496
0.281479
0.370949
0.364026
0.137993
0.341055
0.223855
0.362217
0.369471
0.311477
0.262925
0.254937
0.259381
0.167566
0.14631
0.416869
0.135669
0.126627
0.189248
0.137044
0.183194
0.299404
0.106448
0.184481
0.181823
0.20945
0.254567
0.378112
0.213948
0.406531
0.257142
0.20814
0.182154
0.356387
0.0818155
0.133131
0.268668
0.427998
0.115795
0.209904
0.264867
0.209219
0.254164
0.100094
