0.516472
0.435408
0.40039
0.348856
0.121358
0.322178
0.201185
0.145555
0.26332
0.141545
0.0809908
0.141423
0.166411
0.265118
0.188405
0.15492
0.244142
0.222812
0.295575
0.309173
0.209299
0.26643
0.148552
0.207581
0.232619
0.292924
0.153605
0.312596
0.103472
0.22487
0.278623
0.218404
0.398712
0.223244
0.207349
0.264142
0.326326
0.172127
0.245141
0.225268
0.199958
0.310681
0.344252
0.127277
0.0522555
0.454086
0.16994
0.211735
0.245739
0.146815
0.092914
0.500018
0.111134
0.273465
0.268953
0.334091
0.153107
0.0910974
0.236066
0.162582
0.136988
0.371856
0.210969
0.209999
0.189661
0.21438
0.253056
0.273839
0.125935
0.164415
0.12867
0.364163
0.184779
0.306973
0.183045
0.236413
0.246614
0.263593
0.390161
0.134633
0.315562
0.186696
0.177056
0.270993
0.288479
0.169263
0.245367
0.186336
0.297438
0.401142
0.232806
0.039947
0.336527
0.179259
0.0785359
0.126438
0.274908
0.220574
0.124369
0.233671
