0.204236
0.266062
0.0936802
0.129074
0.203382
0.120515
0.069619
0.0861724
0.3755
0.238623
0.303277
0.27823
0.236114
0.248806
0.0917137
0.093264
0.382011
0.188783
0.405963
0.20583
0.28991
0.162755
0.352591
0.123716
0.30976
0.135896
0.23659
0.133687
0.445446
0.294034
0.24512
0.121638
0.196505
0.276468
0.106472
0.167073
0.195098
0.412215
0.182971
0.206196
0.100916
0.203814
0.339231
0.226063
0.276436
0.206681
0.222446
0.398373
0.169599
0.275772
0.214586
0.254462
0.399044
0.119044
0.240932
0.316379
0.375091
0.287356
0.308228
0.120687
0.0700006
0.126557
0.240135
0.14306
0.261825
0.19677
0.294168
0.145492
0.163035
0.149533
0.176865
0.240188
0.185053
0.150144
0.301504
0.208132
0.250156
0.164247
0.103239
0.186002
0.241777
0.209979
0.445141
0.120427
0.210684
0.255489
0.182375
0.230058
0.308025
0.615699
0.237609
0.191968
0.519389
0.134417
0.201695
0.29188
0.303085
0.128408
0.138207
0.30682
