0.111505
0.349052
0.193195
0.0862944
0.202881
0.171524
0.154108
0.17876
0.0837211
0.335329
0.0879462
0.144855
0.198375
0.0559406
0.271412
0.169465
0.213012
0.139429
0.306418
0.296554
0.348955
0.245862
0.344855
0.340635
0.298945
0.258618
0.328683
0.279706
0.164318
0.117316
0.283313
0.155846
0.528524
0.285812
0.325908
0.300132
0.204612
0.096968
0.345987
0.2622
0.311453
0.30886
0.115318
0.331724
0.347753
0.211936
0.424554
0.214175
0.15109
0.183555
0.203435
0.249039
0.190339
0.153715
0.28351
0.167724
0.112029
0.0442044
0.177766
0.249692
0.0685049
0.0552612
0.306938
0.144461
0.222849
0.165241
0.505323
0.31087
0.288818
0.336552
0.143515
0.352114
0.135747
0.156244
0.36958
0.348486
0.304294
0.188793
0.334341
0.312328
0.161946
0.302674
0.186107
0.370905
0.201378
0.209056
0.0670655
0.120795
0.12054
0.126198
0.281225
0.0611688
0.430829
0.0378257
0.138411
0.191958
0.138727
0.337197
0.179543
0.334785
