0.290598
0.351474
0.114397
0.39558
0.251943
0.18734
0.118824
0.133484
0.208282
0.220561
0.157658
0.0998221
0.427939
0.248366
0.305095
0.331668
0.392504
0.190046
0.22477
0.289267
0.155132
0.159979
0.127585
0.322404
0.28031
0.0905986
0.156493
0.348973
0.133444
0.21629
0.261323
0.191469
0.179188
0.232956
0.046657
0.252724
0.286068
0.191695
0.168656
0.219573
0.220084
0.241205
0.358352
0.191131
0.39931
0.301617
0.425621
0.12126
0.263379
0.222137
0.357229
0.156953
0.208851
0.115925
0.170594
0.363916
0.321004
0.2361
0.4208
0.140488
0.206621
0.474571
0.263857
0.365859
0.221206
0.134745
0.280621
0.171295
0.115605
0.302924
0.135548
0.245142
0.443603
0.211894
0.163401
0.0550576
0.118418
0.197354
0.251885
0.222763
0.27378
0.158068
0.54047
0.121603
0.225611
0.226606
0.182976
0.270062
0.237225
0.342744
0.134791
0.135542
0.157697
0.0365959
0.077133
0.203275
0.189904
0.220808
0.063135
0.322488
