0.279116
0.347797
0.0543302
0.379728
0.0221464
0.260328
0.147529
0.132053
0.130586
0.223774
0.20468
0.133728
0.38464
0.0576122
0.370775
0.220608
0.0827878
0.175906
0.107131
0.256038
0.511036
0.147473
0.179867
0.266763
0.177577
0.237893
0.278624
0.343513
0.199251
0.346951
0.230006
0.241356
0.141671
0.179834
0.225704
0.142981
0.18016
0.200091
0.354395
0.372664
0.0822265
0.314593
0.192607
0.241765
0.362986
0.296791
0.235323
0.283636
0.16381
0.250473
0.0931833
0.188659
0.316216
0.210408
0.272729
0.159397
0.26015
0.160442
0.088928
0.233733
0.456052
0.273249
0.164643
0.0501061
0.278368
0.376762
0.28573
0.351279
0.0869549
0.289489
0.354883
0.177752
0.210736
0.195443
0.155961
0.138249
0.231869
0.123652
0.284911
0.189887
0.471431
0.0958708
0.105201
0.181776
0.18369
0.328061
0.443303
0.335021
0.216356
0.315304
0.249278
0.0679414
0.289473
0.402655
0.182411
0.12137
0.158288
0.0812276
0.165495
0.367151
