0.333833
0.0807111
0.551764
0.220704
0.157318
0.154578
0.332907
0.17322
0.277465
0.296687
0.0588458
0.196044
0.182859
0.328004
0.187953
0.153719
0.149289
0.256895
0.310857
0.196018
0.216602
0.228114
0.216229
0.205339
0.332079
0.252559
0.28253
0.244279
0.333426
0.153366
0.187891
0.172438
0.243088
0.203716
0.202284
0.193951
0.264634
0.233459
0.268682
0.189019
0.267196
0.305827
0.551739
0.248142
0.191299
0.2372
0.213577
0.1962
0.108877
0.256159
0.259454
0.250894
0.285028
0.352147
0.1276
0.0853094
0.421823
0.272936
0.0934667
0.310924
0.173834
0.165272
0.358225
0.350129
0.26003
0.0590684
0.389611
0.314566
0.211288
0.20743
0.17656
0.100882
0.188605
0.245239
0.309134
0.285937
0.188411
0.120529
0.190054
0.395013
0.277401
0.272908
0.281788
0.131268
0.21514
0.327585
0.145034
0.231686
0.13448
0.0635891
0.211526
0.353521
0.255046
0.242227
0.073276
0.103787
0.334955
0.10865
0.276852
0.246789
