0.208162
0.198608
0.24172
0.308374
0.325996
0.271698
0.16922
0.292967
0.203103
0.221996
0.153267
0.269355
0.160615
0.337121
0.27655
0.145039
0.0766732
0.205075
0.206977
0.246284
0.194123
0.163438
0.524863
0.337068
0.246324
0.0945664
0.171103
0.214411
0.198973
0.220227
0.288842
0.36487
0.1661
0.232231
0.369395
0.215876
0.228593
0.237645
0.14601
0.287793
0.164216
0.250137
0.162105
0.398614
0.168984
0.157558
0.206801
0.22402
0.30391
0.237711
0.172655
0.483204
0.251067
0.253044
0.231124
0.118855
0.372006
0.16628
0.157733
0.132438
0.254179
0.0907577
0.384077
0.209327
0.381672
0.131825
0.179591
0.405208
0.229241
0.154706
0.302855
0.244128
0.184092
0.123614
0.331879
0.0950157
0.335494
0.223947
0.189578
0.247853
0.126951
0.268037
0.167845
0.137357
0.190203
0.434491
0.274396
0.291724
0.273418
0.340579
0.209803
0.169004
0.292867
0.222314
0.165401
0.251895
0.227079
0.195097
0.269545
0.274901
