0.331407
0.10939
0.149906
0.416732
0.341553
0.332574
0.125402
0.401953
0.0692403
0.218118
0.145453
0.197466
0.219822
0.353627
0.23779
0.173538
0.140267
0.121972
0.272955
0.203581
0.1912
0.249273
0.305249
0.158979
0.229126
0.230198
0.444867
0.143709
0.197943
0.20894
0.339991
0.165011
0.179143
0.0681
0.19987
0.240123
0.263985
0.157562
0.27962
0.172879
0.109578
0.182585
0.398428
0.213599
0.268469
0.274465
0.209859
0.444673
0.129835
0.198292
0.262885
0.34234
0.278841
0.180736
0.243903
0.505832
0.154853
0.263817
0.346537
0.0536627
0.153432
0.207502
0.195562
0.2427
0.215499
0.157117
0.454293
0.104869
0.190452
0.174571
0.128377
0.161295
0.214602
0.347947
0.224369
0.197897
0.233832
0.114548
0.168872
0.25636
0.351945
0.213648
0.0789945
0.440992
0.162122
0.148182
0.302496
0.0777226
0.277589
0.167067
0.267776
0.370164
0.487761
0.0867486
0.30366
0.228586
0.276389
0.129651
0.281643
0.0685408
