0.141011
0.0854876
0.323899
0.17242
0.315549
0.043956
0.190264
0.30327
0.29124
0.231354
0.382789
0.335821
0.259106
0.493806
0.384415
0.256446
0.216107
0.269032
0.331888
0.0939718
0.291067
0.33869
0.0369709
0.185051
0.264794
0.277807
0.141864
0.227135
0.238154
0.441472
0.372951
0.286177
0.265259
0.182819
0.169237
0.178173
0.228685
0.174833
0.309542
0.0534024
0.16279
0.451034
0.118172
0.309746
0.401085
0.172288
0.134685
0.133563
0.274653
0.281119
0.216754
0.20737
0.232709
0.127614
0.0969139
0.176306
0.302835
0.266191
0.42613
0.199873
0.275644
0.171263
0.220478
0.197759
0.173051
0.253211
0.180416
0.229135
0.259785
0.433126
0.310605
0.132206
0.321576
0.240909
0.161709
0.137431
0.278643
0.23777
0.224456
0.136264
0.139901
0.143988
0.269916
0.10065
0.244353
0.262381
0.186907
0.230937
0.204447
0.479418
0.275681
0.13734
0.207729
0.180501
0.0485771
0.203749
0.198668
0.14809
0.261651
0.114885
