0.312311
0.283845
0.146841
0.258666
0.313522
0.072741
0.203365
0.256464
0.126579
0.11601
0.403536
0.42319
0.345984
0.208273
0.35036
0.120071
0.429435
0.249135
0.224416
0.248832
0.147388
0.446089
0.13631
0.433212
0.257379
0.186693
0.144929
0.19834
0.443937
0.0993178
0.24651
0.217274
0.295353
0.146682
0.249807
0.128704
0.192998
0.167007
0.351787
0.303934
0.11081
0.276083
0.386388
0.278501
0.0900265
0.283817
0.288017
0.234363
0.308319
0.0957934
0.0932977
0.145295
0.135854
0.180143
0.0176336
0.28629
0.394241
0.198709
0.215119
0.267798
0.199613
0.0936318
0.331277
0.289417
0.162044
0.245463
0.26585
0.191171
0.163697
0.24763
0.15338
0.191167
0.281771
0.268145
0.22805
0.125933
0.15935
0.247765
0.218967
0.424986
0.155476
0.066608
0.11819
0.284773
0.283708
0.188968
0.185984
0.174571
0.192308
0.150809
0.361184
0.0517447
0.305819
0.208699
0.0961981
0.342596
0.24657
0.222148
0.353368
0.364512
