0.24656
0.218627
0.226997
0.20532
0.148072
0.220718
0.304533
0.456645
0.179593
0.277623
0.259793
0.355361
0.309875
0.360044
0.139719
0.158958
0.222148
0.240016
0.175774
0.230855
0.303324
0.18689
0.176393
0.380404
0.145374
0.191943
0.298794
0.12976
0.0964775
0.320875
0.318096
0.191693
0.379534
0.143796
0.239387
0.127078
0.037631
0.0887014
0.0680578
0.267984
0.221465
0.174768
0.116106
0.181308
0.292618
0.163877
0.226252
0.38989
0.0636726
0.140951
0.31512
0.219421
0.191349
0.296021
0.284987
0.081794
0.256761
0.309236
0.216166
0.190251
0.168299
0.352183
0.28194
0.120641
0.300848
0.255291
0.288321
0.175072
0.195156
0.222054
0.0996182
0.355193
0.267199
0.159652
0.341059
0.312484
0.151856
0.201538
0.282714
0.303656
0.146236
0.43408
0.151101
0.303144
0.250935
0.0889104
0.444579
0.413503
0.191606
0.361155
0.113869
0.0914809
0.260865
0.319663
0.234939
0.198417
0.20394
0.210831
0.398583
0.228695
