0.191567
0.435278
0.320736
0.0639847
0.408315
0.309017
0.328218
0.541419
0.345215
0.226063
0.225092
0.155778
0.326093
0.166077
0.158178
0.193772
0.233031
0.145706
0.219312
0.149974
0.366573
0.187627
0.186418
0.246476
0.1592
0.285942
0.18886
0.319583
0.183741
0.214601
0.215143
0.431067
0.048864
0.154389
0.0925346
0.429259
0.141887
0.385417
0.341311
0.26023
0.243731
0.155869
0.300864
0.207889
0.155087
0.219943
0.151012
0.165249
0.132471
0.116973
0.269375
0.218917
0.246493
0.267925
0.342981
0.273243
0.272945
0.337573
0.12767
0.361938
0.194917
0.107851
0.105933
0.0913051
0.111967
0.234425
0.346688
0.270881
0.185101
0.367746
0.145792
0.214329
0.18636
0.14892
0.102728
0.312381
0.214643
0.339766
0.435875
0.128779
0.241669
0.267872
0.262686
0.245798
0.239763
0.110371
0.147734
0.0732075
0.395251
0.226319
0.302531
0.191745
0.143317
0.217753
0.300115
0.20019
0.142841
0.0833956
0.128178
0.292776
