0.241602
0.32064
0.190006
0.0762523
0.226202
0.282937
0.237416
0.18722
0.12241
0.289217
0.250003
0.134437
0.347519
0.188628
0.389929
0.337694
0.181042
0.193063
0.204315
0.0842963
0.146449
0.268359
0.163421
0.18081
0.297065
0.204104
0.14762
0.115338
0.229277
0.286637
0.389575
0.214097
0.301403
0.152705
0.214666
0.186
0.294934
0.173753
0.264892
0.212646
0.174909
0.202487
0.200981
0.206139
0.162764
0.290689
0.292991
0.284078
0.183835
0.317677
0.433518
0.424669
0.227438
0.277041
0.39966
0.244679
0.116351
0.139757
0.165108
0.0443015
0.27132
0.172261
0.123893
0.414712
0.173509
0.138677
0.263493
0.484583
0.496895
0.324807
0.394242
0.208076
0.118428
0.229931
0.133642
0.106105
0.189043
0.175009
0.157324
0.236222
0.365993
0.240416
0.512492
0.342782
0.139196
0.216822
0.203308
0.250001
0.165953
0.205021
0.321293
0.220488
0.207564
0.346964
0.105362
0.104762
0.166583
0.0347307
0.187911
0.170676
