0.102666
0.308052
0.116528
0.304055
0.481248
0.172268
0.266657
0.285828
0.105146
0.391793
0.344332
0.205592
0.442697
0.278051
0.174745
0.245018
0.109063
0.146667
0.131015
0.0665176
0.135205
0.279919
0.238405
0.35178
0.221237
0.146397
0.34699
0.13871
0.203224
0.242905
0.22998
0.17618
0.231057
0.20964
0.281463
0.112814
0.257802
0.0804265
0.268848
0.0875238
0.139906
0.24497
0.129066
0.203922
0.292668
0.252073
0.265896
0.443612
0.278963
0.246017
0.318189
0.54139
0.145871
0.23974
0.359419
0.219719
0.232309
0.288993
0.174826
0.249571
0.0754838
0.22113
0.145175
0.280354
0.175697
0.491488
0.268547
0.192377
0.209264
0.0944511
0.216848
0.129799
0.307213
0.354073
0.135495
0.0707901
0.359519
0.22078
0.255277
0.251883
0.229081
0.166684
0.276047
0.152002
0.185513
0.156821
0.241646
0.157983
0.337481
0.269393
0.338015
0.130271
0.406471
0.0695386
0.0899838
0.199629
0.294995
0.301232
0.225078
0.0681528
