0.184313
0.198681
0.299287
0.317181
0.34042
0.278007
0.265499
0.260647
0.199486
0.258083
0.166282
0.206907
0.164562
0.0881726
0.331902
0.31044
0.248834
0.273497
0.0933537
0.183527
0.159094
0.165307
0.155158
0.439983
0.157995
0.144327
0.173949
0.215876
0.394076
0.245597
0.570963
0.165051
0.326125
0.248368
0.124713
0.300336
0.222649
0.426049
0.123416
0.20757
0.4907
0.260926
0.238422
0.0834511
0.369038
0.183404
0.343077
0.304989
0.210285
0.131973
0.0874747
0.330843
0.287154
0.195013
0.0978114
0.335103
0.306315
0.295015
0.267332
0.210236
0.354842
0.201044
0.152536
0.246809
0.269566
0.110634
0.26845
0.177715
0.20328
0.175096
0.201319
0.253073
0.231271
0.096989
0.130281
0.160163
0.136902
0.136083
0.278904
0.143499
0.117724
0.126436
0.178915
0.258987
0.136194
0.146831
0.0872045
0.19602
0.120693
0.276927
0.410212
0.138364
0.225198
0.234198
0.326306
0.361555
0.366684
0.244456
0.376199
0.180367
