0.228966
0.314178
0.20937
0.405898
0.197953
0.322178
0.201185
0.145555
0.245704
0.293547
0.11091
0.141423
0.315143
0.173137
0.246039
0.191635
0.220829
0.260136
0.342523
0.309173
0.197626
0.295768
0.148552
0.207581
0.441116
0.213166
0.365708
0.0957047
0.17629
0.109436
0.330696
0.177015
0.398712
0.214907
0.207349
0.231284
0.302572
0.178875
0.295691
0.10469
0.233779
0.312129
0.185283
0.28053
0.057924
0.203438
0.176366
0.152913
0.246073
0.373566
0.39858
0.258574
0.212972
0.212943
0.136024
0.167852
0.193691
0.110599
0.191322
0.162582
0.11401
0.0759232
0.174452
0.148871
0.189661
0.170489
0.217755
0.283231
0.140243
0.111262
0.238469
0.188729
0.185832
0.355108
0.340723
0.231619
0.47645
0.15929
0.431944
0.134633
0.629121
0.160269
0.177056
0.301755
0.150893
0.169263
0.296419
0.186336
0.121727
0.35923
0.20452
0.142246
0.32418
0.304956
0.19311
0.126438
0.207008
0.330309
0.172067
0.309596
