0.416828
0.188902
0.069394
0.359671
0.192402
0.277013
0.290019
0.195491
0.322655
0.44519
0.132038
0.189526
0.169424
0.243114
0.35832
0.347578
0.192783
0.300124
0.152316
0.244337
0.314655
0.312133
0.421746
0.176707
0.0943584
0.0864434
0.246212
0.0644896
0.192443
0.368749
0.15048
0.288908
0.276429
0.240786
0.252452
0.200511
0.200738
0.181699
0.368037
0.136062
0.43085
0.174738
0.445877
0.190093
0.307021
0.326437
0.249677
0.0931109
0.281102
0.139388
0.209731
0.31695
0.283151
0.247839
0.271468
0.25881
0.124857
0.246503
0.185078
0.126641
0.153876
0.294134
0.373024
0.165173
0.20567
0.223024
0.155484
0.139516
0.205379
0.252497
0.285904
0.153648
0.259325
0.233921
0.303219
0.187047
0.22016
0.190784
0.142308
0.358412
0.0753996
0.355289
0.105729
0.208608
0.167235
0.176914
0.208856
0.275761
0.164892
0.189762
0.198296
0.30518
0.254561
0.185548
0.149752
0.211947
0.258489
0.424703
0.245936
0.140818
