0.206201
0.12867
0.244089
0.245623
0.39915
0.271996
0.148177
0.246157
0.0670376
0.386261
0.339658
0.137428
0.233261
0.178747
0.440595
0.222308
0.15482
0.286158
0.0965868
0.156461
0.203849
0.43136
0.252543
0.124694
0.27282
0.272643
0.114836
0.287133
0.14378
0.12621
0.261731
0.304724
0.360118
0.253822
0.226936
0.238588
0.236644
0.270804
0.158475
0.23732
0.262111
0.197747
0.175858
0.0703301
0.27047
0.277784
0.224478
0.282723
0.229385
0.189459
0.137115
0.160795
0.275976
0.395073
0.416282
0.265468
0.264006
0.158531
0.0880211
0.16341
0.14701
0.334493
0.415227
0.221835
0.192708
0.268126
0.193464
0.17464
0.131262
0.368228
0.221141
0.182938
0.189728
0.180779
0.377056
0.157273
0.274939
0.247574
0.274446
0.181686
0.243744
0.388688
0.213231
0.269718
0.282072
0.210259
0.294058
0.403155
0.15218
0.276737
0.178406
0.314904
0.267498
0.307287
0.118471
0.309318
0.12964
0.167719
0.191704
0.185975
