0.362057
0.246331
0.101737
0.312315
0.15366
0.164845
0.27093
0.305761
0.0574175
0.317771
0.131087
0.208866
0.255904
0.25255
0.273078
0.330901
0.37849
0.133597
0.291773
0.113131
0.226053
0.329317
0.24792
0.338028
0.179806
0.130481
0.201964
0.456565
0.163384
0.284793
0.336818
0.111876
0.17953
0.180021
0.274869
0.242285
0.141878
0.213912
0.310122
0.220412
0.245973
0.307521
0.265443
0.223555
0.162142
0.303729
0.204921
0.300239
0.399066
0.286131
0.103011
0.166116
0.193937
0.212639
0.232304
0.174093
0.219071
0.328063
0.388188
0.28086
0.123075
0.340982
0.164931
0.253297
0.3479
0.174039
0.118742
0.211513
0.271443
0.193968
0.0876307
0.19272
0.324849
0.432715
0.0787809
0.220621
0.224205
0.152303
0.184568
0.219305
0.218105
0.40445
0.2049
0.419297
0.0675257
0.262033
0.478512
0.129129
0.189362
0.223263
0.262701
0.161093
0.33745
0.147285
0.128546
0.0597195
0.185971
0.265266
0.214027
0.181662
