0.259057
0.207729
0.17009
0.224337
0.227297
0.166938
0.309618
0.0879336
0.105873
0.212974
0.264196
0.188655
0.148479
0.476446
0.096741
0.172733
0.317331
0.213714
0.177382
0.362357
0.251407
0.152743
0.325719
0.438687
0.266951
0.238296
0.264733
0.316553
0.3723
0.109038
0.373397
0.229873
0.286344
0.29794
0.292537
0.341153
0.202144
0.399553
0.104165
0.217828
0.302712
0.135346
0.213509
0.121036
0.125165
0.248603
0.149847
0.250702
0.300566
0.101542
0.284023
0.31625
0.104999
0.122463
0.193683
0.332118
0.3317
0.222661
0.28583
0.213835
0.314888
0.299268
0.308953
0.205731
0.196051
0.325446
0.334741
0.430013
0.24251
0.169182
0.237486
0.241915
0.192287
0.22611
0.239368
0.160566
0.342634
0.203161
0.131746
0.165985
0.335649
0.300963
0.0719672
0.302863
0.20572
0.228622
0.0802185
0.215299
0.169767
0.32285
0.250184
0.216099
0.191954
0.305852
0.18406
0.142303
0.0749647
0.0440976
0.258659
0.302275
