0.350574
0.20763
0.202429
0.195688
0.225695
0.205932
0.18624
0.14536
0.276832
0.208308
0.249263
0.172406
0.327436
0.184638
0.268724
0.168235
0.26389
0.2544
0.274389
0.26567
0.0807028
0.138914
0.306313
0.0862375
0.141559
0.214128
0.126902
0.303828
0.261655
0.292472
0.270779
0.272731
0.32773
0.131884
0.176444
0.0942063
0.553479
0.149418
0.19001
0.226562
0.121128
0.138671
0.264472
0.061337
0.121382
0.222463
0.146773
0.126848
0.316097
0.207437
0.227078
0.224425
0.108521
0.417431
0.208281
0.293877
0.448762
0.310697
0.213253
0.374658
0.240007
0.169071
0.247117
0.202637
0.349539
0.22475
0.294968
0.120847
0.292067
0.256956
0.110195
0.305617
0.253502
0.485976
0.188294
0.14815
0.209642
0.244021
0.178344
0.284945
0.196761
0.105646
0.42303
0.199635
0.137234
0.148674
0.155675
0.18206
0.217792
0.068316
0.301585
0.279889
0.42616
0.387838
0.257154
0.425889
0.307652
0.158483
0.28411
0.146637
