0.169449
0.128668
0.279119
0.33079
0.191604
0.384387
0.304895
0.214523
0.207702
0.264103
0.375591
0.237158
0.332091
0.162935
0.18022
0.291261
0.134905
0.292247
0.210267
0.0893905
0.25716
0.259152
0.201916
0.201463
0.138976
0.319081
0.29337
0.183935
0.280556
0.323783
0.271829
0.286958
0.253232
0.307764
0.24852
0.286199
0.363476
0.243415
0.122729
0.0722433
0.211425
0.367412
0.212845
0.390679
0.16483
0.471228
0.177326
0.337393
0.229672
0.159455
0.233662
0.349588
0.249407
0.247338
0.084412
0.0693122
0.208175
0.284527
0.0822943
0.217824
0.188824
0.447442
0.223094
0.101536
0.366612
0.200991
0.161722
0.207221
0.124202
0.0600932
0.21239
0.195965
0.425171
0.416763
0.122202
0.207542
0.139349
0.286644
0.124642
0.10973
0.24335
0.317227
0.24456
0.407078
0.07996
0.242342
0.0789013
0.199451
0.393425
0.396137
0.159601
0.264829
0.117481
0.0910458
0.233828
0.0871039
0.169113
0.296283
0.139661
0.123159
