0.107214
0.213748
0.490447
0.137351
0.33009
0.247632
0.206555
0.265742
0.299955
0.154489
0.155116
0.43709
0.142311
0.213083
0.306426
0.193391
0.253984
0.262849
0.183534
0.123748
0.105185
0.467801
0.125965
0.388067
0.233752
0.144023
0.0883648
0.319436
0.279495
0.194255
0.153886
0.366465
0.160419
0.193311
0.184616
0.211611
0.36869
0.201851
0.376999
0.157415
0.111389
0.411894
0.261602
0.301091
0.183575
0.23186
0.160162
0.0675092
0.188622
0.186133
0.0874747
0.277616
0.299888
0.11326
0.40453
0.208296
0.0928612
0.286809
0.239287
0.061095
0.221113
0.433078
0.246981
0.330216
0.0717263
0.343144
0.244673
0.155239
0.249814
0.225933
0.109189
0.249534
0.25348
0.131067
0.128142
0.318655
0.220566
0.228838
0.108614
0.346201
0.163697
0.0758622
0.127853
0.498754
0.224897
0.269445
0.11085
0.205013
0.205957
0.448963
0.233204
0.23634
0.417866
0.180527
0.198863
0.244608
0.30236
0.152266
0.0917482
0.181405
