0.224248
0.27092
0.341939
0.132279
0.281749
0.14021
0.239104
0.200497
0.392757
0.282931
0.157658
0.0998221
0.427939
0.239042
0.307575
0.248486
0.262358
0.112957
0.432823
0.151065
0.247354
0.187424
0.0306379
0.322404
0.284845
0.377145
0.156493
0.182344
0.133444
0.391744
0.461377
0.116554
0.244085
0.222683
0.046657
0.283709
0.128047
0.0609672
0.168656
0.14971
0.250467
0.221781
0.179381
0.342204
0.238465
0.287595
0.421862
0.211006
0.246784
0.372322
0.129816
0.311747
0.208851
0.233535
0.314828
0.17555
0.390072
0.0459505
0.181312
0.288946
0.145813
0.182234
0.217361
0.122991
0.345969
0.327418
0.221198
0.203393
0.219541
0.264206
0.219142
0.125708
0.211442
0.211894
0.163401
0.106545
0.208509
0.197354
0.0704963
0.112151
0.206258
0.192032
0.292413
0.409075
0.386789
0.226606
0.298978
0.262244
0.160119
0.241016
0.119504
0.208442
0.157697
0.141782
0.172965
0.426212
0.189904
0.433165
0.125407
0.29545
