0.404962
0.278359
0.265032
0.23031
0.250345
0.221306
0.186906
0.225665
0.288042
0.164134
0.071124
0.156687
0.19548
0.321096
0.119702
0.463745
0.210889
0.131675
0.128104
0.315444
0.29685
0.111188
0.265901
0.180295
0.28504
0.344382
0.249032
0.250525
0.162633
0.349736
0.32506
0.292436
0.0639129
0.212536
0.0721013
0.199441
0.15608
0.329575
0.0949379
0.114257
0.251725
0.14387
0.20672
0.130621
0.451073
0.423232
0.205878
0.230415
0.314393
0.130882
0.0755461
0.143578
0.312457
0.231817
0.329601
0.0648948
0.34426
0.168254
0.269535
0.302721
0.217335
0.146484
0.222937
0.132147
0.271079
0.294191
0.19201
0.283337
0.223685
0.402026
0.195874
0.232788
0.219305
0.202818
0.318999
0.0333289
0.150289
0.327814
0.242376
0.35499
0.375341
0.324449
0.128774
0.216206
0.187803
0.164879
0.362846
0.490727
0.28925
0.238169
0.0558089
0.381177
0.23585
0.232291
0.223496
0.152793
0.161963
0.108446
0.127839
0.219313
