0.260128
0.149299
0.3498
0.327201
0.263271
0.205303
0.316702
0.240034
0.293035
0.260799
0.176878
0.204366
0.257862
0.214874
0.121995
0.367441
0.363312
0.124251
0.200901
0.165984
0.193605
0.214833
0.277237
0.254887
0.247417
0.18591
0.209874
0.229834
0.235799
0.113916
0.278161
0.19083
0.192524
0.104556
0.33652
0.122518
0.230342
0.143643
0.346966
0.304056
0.159883
0.459747
0.292453
0.203908
0.255955
0.384016
0.296882
0.295659
0.153261
0.21194
0.199392
0.196181
0.178175
0.24414
0.243475
0.188304
0.251206
0.378896
0.209813
0.377609
0.131169
0.241824
0.267825
0.221288
0.181861
0.367214
0.240889
0.312952
0.421826
0.130453
0.1982
0.218585
0.403139
0.0973089
0.266853
0.270421
0.16549
0.335435
0.0938156
0.414589
0.200292
0.181285
0.246668
0.182319
0.0983967
0.0717903
0.237618
0.149939
0.315767
0.11554
0.0816173
0.200037
0.181053
0.311833
0.241584
0.181895
0.185423
0.316756
0.361925
0.259991
