0.332613
0.396897
0.113082
0.211524
0.25893
0.305267
0.167134
0.316107
0.283973
0.192734
0.242514
0.376929
0.146344
0.213752
0.360363
0.194206
0.163002
0.178054
0.168715
0.253589
0.139385
0.296575
0.237577
0.233734
0.398499
0.289798
0.252847
0.167151
0.174232
0.250642
0.0912433
0.263817
0.131986
0.139582
0.225358
0.171532
0.284099
0.347629
0.159307
0.410909
0.133021
0.254303
0.234993
0.200914
0.191029
0.318631
0.207293
0.465703
0.236944
0.245656
0.04076
0.246205
0.303685
0.299358
0.29543
0.18476
0.244039
0.506563
0.198954
0.225501
0.229275
0.130319
0.235818
0.362876
0.126169
0.301631
0.136752
0.213106
0.149671
0.220194
0.233706
0.346488
0.180494
0.249403
0.143701
0.207388
0.498069
0.312997
0.284598
0.153331
0.24563
0.276684
0.186795
0.177513
0.331381
0.132472
0.0879385
0.145038
0.296877
0.263071
0.252122
0.203168
0.22169
0.14872
0.280149
0.169586
0.182329
0.208113
0.240601
0.115361
