0.34749
0.139248
0.23215
0.355138
0.128206
0.51046
0.20251
0.0606576
0.225412
0.156665
0.126402
0.392808
0.185691
0.352711
0.282265
0.179189
0.332425
0.135873
0.152986
0.117098
0.225699
0.32087
0.195713
0.108242
0.311362
0.17965
0.0926592
0.186662
0.224434
0.235721
0.149667
0.299021
0.277718
0.266467
0.230993
0.298384
0.174045
0.0638569
0.272507
0.241336
0.0942705
0.401055
0.354799
0.0979307
0.187951
0.181729
0.130744
0.350121
0.0963045
0.113509
0.434293
0.196194
0.239447
0.262245
0.115364
0.254714
0.265661
0.225166
0.344107
0.333235
0.163697
0.182847
0.0620698
0.42205
0.14821
0.263748
0.293176
0.306689
0.218079
0.212581
0.194189
0.202241
0.240206
0.38441
0.170452
0.376804
0.146135
0.489017
0.354049
0.201818
0.037577
0.367618
0.0808041
0.187397
0.152586
0.313549
0.372676
0.204732
0.046914
0.221356
0.101827
0.112841
0.338827
0.21079
0.410847
0.140495
0.199217
0.301901
0.178954
0.0530992
