0.20065
0.231861
0.302
0.167712
0.118634
0.257367
0.125669
0.0821293
0.175161
0.189222
0.269251
0.263639
0.12735
0.260676
0.376299
0.448233
0.235023
0.218459
0.164132
0.388336
0.290995
0.213794
0.165215
0.209878
0.148516
0.159079
0.376206
0.130787
0.233811
0.176373
0.18261
0.308793
0.479365
0.200741
0.200226
0.160879
0.302112
0.0565176
0.349842
0.0264345
0.18853
0.294786
0.234015
0.234753
0.19837
0.170411
0.244552
0.433106
0.368479
0.137663
0.232259
0.143383
0.203877
0.23215
0.286197
0.327596
0.178526
0.203495
0.110549
0.255892
0.26027
0.142002
0.362623
0.081284
0.177798
0.340069
0.168526
0.188394
0.227701
0.178855
0.252238
0.309874
0.151394
0.29175
0.173769
0.220593
0.137779
0.11103
0.185594
0.143715
0.495051
0.35427
0.130437
0.334219
0.207778
0.285258
0.268822
0.274165
0.23831
0.319807
0.240775
0.143946
0.313402
0.447204
0.236138
0.180992
0.306909
0.148876
0.327262
0.236514
