0.393681
0.189625
0.183389
0.372879
0.243317
0.183544
0.0889081
0.0913478
0.192902
0.19282
0.211441
0.23961
0.366829
0.320945
0.145387
0.168666
0.307411
0.183065
0.280104
0.136623
0.412657
0.235011
0.0567518
0.362225
0.512591
0.256593
0.308935
0.140998
0.19213
0.192806
0.188176
0.193534
0.240151
0.218667
0.0659836
0.240384
0.202197
0.126663
0.240414
0.249678
0.143951
0.150782
0.0767125
0.107866
0.121749
0.149868
0.240948
0.0580941
0.440524
0.193593
0.178701
0.271824
0.263081
0.254971
0.294876
0.252428
0.350334
0.153101
0.311428
0.219175
0.28029
0.28548
0.33219
0.198973
0.304895
0.189663
0.0904335
0.160191
0.17666
0.0739255
0.154388
0.167496
0.305082
0.598547
0.288151
0.247302
0.22688
0.127304
0.281635
0.273431
0.199829
0.146969
0.216762
0.227762
0.252543
0.316787
0.174561
0.310938
0.222383
0.173354
0.259551
0.371038
0.316872
0.386518
0.179033
0.204898
0.229682
0.210037
0.33193
0.272148
