0.36533
0.178364
0.321095
0.423409
0.220851
0.146086
0.174577
0.160391
0.30751
0.1869
0.327896
0.138949
0.384809
0.215354
0.225584
0.257407
0.114588
0.200721
0.328756
0.230528
0.26535
0.188512
0.0870208
0.307633
0.221167
0.218012
0.234845
0.218417
0.247015
0.443515
0.27289
0.157032
0.445971
0.232417
0.124713
0.190594
0.260524
0.299395
0.0718299
0.194488
0.369905
0.168508
0.258783
0.291609
0.1602
0.124386
0.260635
0.371845
0.120401
0.428969
0.171976
0.332793
0.147504
0.168959
0.3175
0.396069
0.206468
0.234112
0.227863
0.149106
0.21216
0.0933078
0.144332
0.389652
0.141276
0.315139
0.127521
0.282741
0.244881
0.235021
0.365671
0.142976
0.22869
0.215262
0.373815
0.25014
0.197496
0.0644487
0.142735
0.111633
0.131816
0.0797587
0.218323
0.140047
0.203286
0.239786
0.256409
0.188535
0.355682
0.0636394
0.313607
0.294145
0.0909646
0.356941
0.2034
0.336856
0.400356
0.164526
0.248908
0.0796928
