0.296009
0.390755
0.129576
0.349896
0.235375
0.223628
0.290375
0.302488
0.147281
0.132618
0.16297
0.220016
0.162603
0.218006
0.319609
0.0898406
0.274461
0.277966
0.156287
0.253956
0.100256
0.124502
0.452287
0.254126
0.205231
0.231765
0.24383
0.185823
0.254477
0.306203
0.224636
0.140031
0.152129
0.256877
0.24508
0.132518
0.439605
0.139372
0.167139
0.130006
0.472158
0.0897628
0.19161
0.290284
0.310588
0.244985
0.454373
0.225583
0.277167
0.267737
0.145458
0.302926
0.0876151
0.296021
0.257375
0.0315051
0.125571
0.142103
0.215406
0.165475
0.11706
0.253668
0.0797434
0.393807
0.166716
0.16503
0.172549
0.331378
0.175384
0.166734
0.41644
0.190545
0.300199
0.0992617
0.179553
0.132228
0.129848
0.300241
0.164805
0.15433
0.155098
0.289315
0.254972
0.209455
0.392569
0.266304
0.334489
0.404604
0.445115
0.0943209
0.1475
0.326201
0.108186
0.208419
0.268311
0.313217
0.245162
0.258903
0.31504
0.313495
