0.0813308
0.170178
0.150817
0.215642
0.322399
0.214772
0.353663
0.250321
0.198584
0.176646
0.294063
0.21436
0.20587
0.237975
0.519604
0.325407
0.268294
0.298077
0.231814
0.273156
0.145833
0.301093
0.353738
0.384852
0.436394
0.194041
0.176965
0.0900438
0.116913
0.0908787
0.321611
0.170232
0.0515456
0.299158
0.226902
0.295524
0.133143
0.300861
0.381011
0.129812
0.15924
0.14623
0.298064
0.202701
0.195877
0.335007
0.194675
0.231364
0.122732
0.228339
0.159378
0.296047
0.409619
0.252992
0.392886
0.226499
0.424316
0.244546
0.100423
0.331537
0.177964
0.269309
0.160808
0.095638
0.180139
0.143678
0.143554
0.164068
0.0356897
0.220438
0.380956
0.200375
0.300131
0.259186
0.0976458
0.119565
0.123891
0.118421
0.0943905
0.239034
0.272825
0.206344
0.132216
0.215643
0.0864534
0.172968
0.304905
0.152142
0.466393
0.343409
0.14551
0.403482
0.314357
0.262751
0.284081
0.252086
0.319341
0.134879
0.245942
0.193815
