0.25912
0.115454
0.183102
0.197131
0.214238
0.332698
0.220322
0.328302
0.383655
0.23081
0.328631
0.160113
0.309832
0.112817
0.341413
0.29431
0.152204
0.151612
0.192342
0.137792
0.292227
0.149861
0.281291
0.132153
0.321369
0.188617
0.192719
0.210112
0.233527
0.365128
0.356913
0.252336
0.215009
0.277958
0.27544
0.199943
0.353828
0.133545
0.176597
0.199119
0.262111
0.197747
0.224882
0.305365
0.31042
0.14097
0.243714
0.184372
0.340631
0.122163
0.261967
0.29647
0.136679
0.191011
0.18133
0.283139
0.222537
0.192207
0.13593
0.332183
0.235611
0.115903
0.238066
0.167633
0.192622
0.264642
0.136443
0.123761
0.302171
0.421365
0.26924
0.182938
0.377109
0.271132
0.293514
0.146004
0.245205
0.412956
0.133848
0.313617
0.372301
0.278465
0.298437
0.19391
0.282072
0.160009
0.0674424
0.133453
0.243083
0.299949
0.269692
0.338314
0.267498
0.270396
0.298746
0.222457
0.210746
0.25261
0.210136
0.255075
