0.350574
0.20763
0.202429
0.195688
0.225695
0.205932
0.18624
0.14536
0.276832
0.208308
0.249263
0.172406
0.327436
0.0904556
0.268724
0.168235
0.26389
0.2544
0.274389
0.26567
0.0807028
0.138914
0.306313
0.0862375
0.141559
0.214128
0.271831
0.303828
0.261655
0.292472
0.315008
0.272731
0.293615
0.131884
0.176444
0.0942063
0.553479
0.149418
0.19001
0.226562
0.121128
0.138671
0.264472
0.061337
0.121382
0.222463
0.146773
0.126848
0.316097
0.207437
0.227078
0.224425
0.108521
0.417431
0.208281
0.293877
0.448762
0.258725
0.213253
0.374658
0.240007
0.169071
0.321975
0.202637
0.349539
0.22475
0.294968
0.120847
0.25919
0.256956
0.110195
0.305617
0.253502
0.485976
0.128403
0.14815
0.120244
0.0419283
0.178344
0.279132
0.196761
0.204168
0.42303
0.263531
0.137234
0.148674
0.155675
0.18206
0.217792
0.215729
0.281775
0.279889
0.42616
0.387838
0.257154
0.425889
0.307652
0.112854
0.28411
0.146637
