0.423754
0.20763
0.358327
0.153624
0.27986
0.20356
0.18624
0.14536
0.276832
0.156494
0.249263
0.172406
0.339959
0.184638
0.268724
0.217604
0.26389
0.319749
0.278448
0.26567
0.0807028
0.138914
0.260128
0.110721
0.243514
0.172516
0.126902
0.303828
0.261655
0.292472
0.270779
0.272731
0.32773
0.0950573
0.0597466
0.246357
0.553479
0.302958
0.19001
0.226562
0.227633
0.109066
0.492972
0.061337
0.121382
0.222463
0.146773
0.0389344
0.403628
0.207437
0.227078
0.224425
0.108521
0.417431
0.225201
0.14427
0.233486
0.402595
0.213253
0.26629
0.240007
0.169071
0.247117
0.293408
0.307886
0.22475
0.294968
0.149703
0.241676
0.256956
0.110195
0.119631
0.252693
0.485976
0.316654
0.247647
0.209642
0.175035
0.19093
0.313455
0.257444
0.105646
0.076666
0.250136
0.173325
0.148674
0.155675
0.18206
0.131876
0.068316
0.301585
0.279889
0.42616
0.215275
0.23435
0.290563
0.314479
0.158483
0.28411
0.146637
