0.333825
0.100483
0.180843
0.287188
0.251999
0.27339
0.221113
0.36308
0.119638
0.330418
0.202727
0.168683
0.156596
0.223619
0.218358
0.115359
0.191813
0.271326
0.166303
0.243258
0.281996
0.204459
0.207556
0.134962
0.232044
0.171951
0.205157
0.150519
0.286516
0.0762601
0.367137
0.0961054
0.215438
0.182683
0.331403
0.132073
0.213076
0.358947
0.291107
0.431785
0.291725
0.286992
0.130757
0.228522
0.257941
0.190125
0.18735
0.254269
0.117096
0.303879
0.31043
0.221512
0.217621
0.316742
0.309014
0.126752
0.258586
0.271406
0.178236
0.371211
0.343375
0.217056
0.246277
0.177618
0.238724
0.359524
0.219847
0.293877
0.44783
0.0785249
0.176799
0.250515
0.216441
0.226651
0.233182
0.0690752
0.232204
0.0872344
0.24114
0.439745
0.423251
0.26328
0.306011
0.228491
0.11599
0.319057
0.301355
0.145356
0.090954
0.158607
0.158074
0.241286
0.167472
0.315881
0.30125
0.442386
0.1935
0.271083
0.178999
0.220412
