0.0992357
0.159873
0.248041
0.243276
0.294862
0.301245
0.203631
0.232241
0.174646
0.281911
0.118844
0.201446
0.286073
0.0709101
0.266676
0.321758
0.239865
0.202285
0.26203
0.220238
0.20807
0.31528
0.279066
0.312903
0.354763
0.321613
0.243391
0.193563
0.257742
0.0906836
0.193088
0.237852
0.264599
0.136564
0.156623
0.101802
0.178751
0.316255
0.29419
0.452136
0.371164
0.342577
0.247973
0.192272
0.274039
0.223599
0.266291
0.367439
0.308651
0.258537
0.218891
0.0932887
0.273483
0.0883483
0.313322
0.30667
0.24592
0.101255
0.252833
0.178531
0.0893495
0.193766
0.157998
0.243728
0.126205
0.356519
0.371352
0.106667
0.200569
0.294968
0.183
0.48645
0.174942
0.0940783
0.274587
0.0969583
0.224261
0.255997
0.135801
0.130083
0.305537
0.161853
0.344128
0.284509
0.320817
0.114015
0.255705
0.227883
0.387276
0.312782
0.308219
0.251127
0.230362
0.32945
0.197101
0.168331
0.181697
0.120804
0.305508
0.228151
