0.334337
0.0313613
0.242637
0.14721
0.37299
0.162259
0.378454
0.192279
0.248792
0.384237
0.321326
0.470233
0.162143
0.236289
0.248161
0.119656
0.346044
0.186068
0.18029
0.215187
0.19139
0.193544
0.165876
0.247425
0.195455
0.333964
0.267653
0.400756
0.0741296
0.105375
0.350471
0.201372
0.229104
0.259343
0.244857
0.158821
0.0539085
0.0704098
0.256573
0.275818
0.083606
0.0168476
0.109108
0.465892
0.286823
0.187051
0.219166
0.255027
0.121179
0.346349
0.0471284
0.267627
0.422329
0.15321
0.434414
0.195715
0.390057
0.364657
0.335643
0.222545
0.0925158
0.135012
0.261394
0.49631
0.286674
0.154694
0.136892
0.121894
0.277918
0.0988854
0.347649
0.127446
0.208237
0.236394
0.286133
0.130553
0.232223
0.27892
0.275578
0.114744
0.135659
0.0471459
0.0850732
0.0693088
0.223999
0.177992
0.147038
0.261083
0.11171
0.105176
0.371879
0.342105
0.376547
0.243575
0.26969
0.268128
0.219162
0.160419
0.260596
0.245754
