0.115612
0.288703
0.341311
0.298703
0.109883
0.339237
0.205829
0.250849
0.227395
0.282455
0.201653
0.174035
0.14246
0.449107
0.182294
0.110435
0.121964
0.343742
0.0754876
0.352348
0.325701
0.244836
0.466233
0.167274
0.159241
0.325717
0.338731
0.175663
0.287578
0.171407
0.179624
0.335496
0.201058
0.351895
0.071101
0.301444
0.330955
0.29579
0.0975186
0.175737
0.306344
0.089631
0.24242
0.258226
0.158253
0.23449
0.297974
0.337393
0.266156
0.163228
0.192782
0.277742
0.135864
0.182256
0.142562
0.216825
0.298905
0.366193
0.234566
0.265339
0.30646
0.319528
0.463227
0.240177
0.327128
0.245758
0.149507
0.176966
0.287485
0.150036
0.20672
0.184323
0.350693
0.26821
0.245146
0.224112
0.123047
0.155611
0.271523
0.238469
0.3038
0.105309
0.42717
0.248239
0.140448
0.0785497
0.260339
0.287699
0.280009
0.300981
0.059497
0.223351
0.140537
0.0678655
0.308051
0.193461
0.120697
0.242529
0.139661
0.0864456
