0.244439
0.293585
0.331628
0.203568
0.359245
0.233567
0.18398
0.152267
0.257648
0.312416
0.283261
0.239644
0.164483
0.252126
0.213103
0.188401
0.26174
0.260857
0.322682
0.183383
0.215904
0.340084
0.176508
0.206246
0.24358
0.19888
0.377428
0.319892
0.227027
0.246894
0.233905
0.470789
0.146282
0.175311
0.200857
0.109847
0.368171
0.100374
0.120691
0.171485
0.242737
0.224189
0.217985
0.345482
0.148037
0.263502
0.246852
0.213913
0.215404
0.111762
0.248574
0.339621
0.117364
0.313714
0.14427
0.246183
0.110746
0.168875
0.217296
0.419944
0.151569
0.271172
0.400139
0.203296
0.269026
0.197622
0.1921
0.424627
0.279806
0.252292
0.0698745
0.0547225
0.141493
0.392413
0.172967
0.137152
0.187435
0.09761
0.234046
0.289133
0.218397
0.205555
0.204932
0.151356
0.284003
0.369563
0.158701
0.377499
0.244277
0.317579
0.224335
0.296436
0.176107
0.243788
0.122206
0.229954
0.0650461
0.358487
0.343113
0.323079
