0.455616
0.236336
0.0729487
0.25283
0.229988
0.0881863
0.195681
0.381215
0.443855
0.411899
0.221752
0.269852
0.268002
0.404104
0.169279
0.241319
0.186332
0.330536
0.160721
0.0778154
0.110461
0.260895
0.158054
0.349538
0.172294
0.254446
0.214362
0.172744
0.176669
0.322408
0.138784
0.188898
0.2158
0.327763
0.195269
0.394624
0.200929
0.205923
0.346841
0.0867238
0.290928
0.295246
0.136737
0.298232
0.126863
0.244973
0.337514
0.204921
0.1668
0.291828
0.236311
0.194106
0.274899
0.260006
0.222989
0.214321
0.129368
0.193555
0.318908
0.152096
0.206298
0.249656
0.155585
0.224869
0.446713
0.157329
0.202611
0.162364
0.290471
0.269135
0.264358
0.20891
0.194034
0.260821
0.046267
0.408369
0.335408
0.112906
0.242897
0.216399
0.262113
0.213788
0.182145
0.192821
0.205954
0.305107
0.249249
0.348014
0.199838
0.240545
0.201942
0.202593
0.244115
0.309312
0.2914
0.199244
0.318263
0.0883173
0.216529
0.195186
