0.249012
0.268131
0.100749
0.111787
0.144143
0.132597
0.203365
0.103775
0.390685
0.33071
0.355889
0.240188
0.345984
0.312913
0.259236
0.404908
0.336753
0.253182
0.135104
0.186675
0.0583345
0.284797
0.145225
0.120227
0.0537035
0.324683
0.137507
0.218469
0.304735
0.225587
0.346763
0.152372
0.412717
0.111962
0.249807
0.237633
0.19049
0.187379
0.324615
0.175649
0.319393
0.403072
0.234754
0.191351
0.252061
0.215463
0.198674
0.420014
0.100001
0.101716
0.275139
0.29766
0.155367
0.290616
0.169954
0.0541269
0.21189
0.107504
0.355918
0.148145
0.276718
0.0936318
0.257538
0.39506
0.162044
0.262406
0.281791
0.212247
0.163697
0.0912193
0.288804
0.310097
0.506651
0.238621
0.22805
0.125933
0.179746
0.42994
0.174045
0.274379
0.308279
0.161789
0.0905323
0.266727
0.189637
0.125149
0.341883
0.0818022
0.128407
0.301631
0.270235
0.170522
0.214071
0.231749
0.215211
0.269141
0.228579
0.205905
0.452295
0.156262
