0.256177
0.156374
0.262656
0.193892
0.427201
0.337769
0.293537
0.206641
0.275349
0.335045
0.34077
0.218207
0.162978
0.20436
0.24282
0.388521
0.246475
0.220613
0.178712
0.170901
0.269921
0.267335
0.369898
0.23043
0.23595
0.185686
0.478572
0.135199
0.21053
0.188837
0.200681
0.28451
0.309316
0.245537
0.141893
0.237948
0.0429183
0.26725
0.125134
0.127793
0.277422
0.357147
0.0532431
0.188685
0.161401
0.0730319
0.170974
0.187247
0.240738
0.12885
0.199623
0.328439
0.305883
0.172872
0.326754
0.0546037
0.107158
0.334115
0.234137
0.329689
0.0547861
0.350663
0.0872334
0.261767
0.0865931
0.427821
0.202037
0.333665
0.14862
0.239411
0.22542
0.132469
0.146586
0.198075
0.177228
0.127389
0.196491
0.066154
0.294015
0.357386
0.284882
0.106188
0.344833
0.149578
0.226757
0.250788
0.31043
0.295721
0.291443
0.208683
0.226499
0.35872
0.221189
0.352537
0.259187
0.337692
0.280322
0.307259
0.294067
0.152941
