0.0800638
0.248861
0.182839
0.175986
0.256891
0.0777846
0.321933
0.272084
0.0846117
0.16815
0.210994
0.159517
0.265787
0.226094
0.24199
0.239563
0.239499
0.220162
0.275354
0.211243
0.117612
0.391963
0.102553
0.118326
0.21924
0.281687
0.244303
0.2488
0.176717
0.171569
0.160268
0.22528
0.138797
0.330418
0.138834
0.163464
0.245871
0.389084
0.233986
0.145159
0.128079
0.276075
0.108703
0.298965
0.207679
0.12757
0.354593
0.10836
0.410263
0.372272
0.149124
0.274113
0.210371
0.328376
0.252429
0.322554
0.203685
0.293282
0.279468
0.105512
0.140817
0.376283
0.403369
0.341336
0.251002
0.195716
0.264335
0.271761
0.143372
0.241962
0.242035
0.186828
0.221173
0.283119
0.427515
0.187136
0.0971351
0.255366
0.467493
0.293906
0.288035
0.224151
0.076666
0.296225
0.299795
0.203207
0.308799
0.241895
0.300409
0.169131
0.213211
0.121331
0.350265
0.283469
0.321265
0.244328
0.208655
0.288827
0.282925
0.279031
