0.296009
0.13084
0.221539
0.203619
0.223088
0.319865
0.13521
0.295247
0.194606
0.285807
0.370371
0.195126
0.122293
0.248394
0.242524
0.0476708
0.231563
0.143336
0.309118
0.168594
0.283049
0.124502
0.379661
0.341351
0.196202
0.18155
0.208626
0.15644
0.226981
0.447013
0.247243
0.140031
0.254319
0.256877
0.26908
0.127804
0.163248
0.139372
0.10147
0.352226
0.432018
0.0412201
0.18933
0.257489
0.383663
0.339622
0.389389
0.241115
0.26877
0.252921
0.15427
0.227992
0.189907
0.296021
0.144357
0.279248
0.125571
0.49309
0.334887
0.325217
0.158974
0.18008
0.271218
0.289751
0.231555
0.159188
0.240235
0.197309
0.175384
0.166734
0.0996182
0.190545
0.114906
0.0992617
0.207727
0.239639
0.178127
0.30756
0.143954
0.202438
0.146236
0.271879
0.17032
0.178867
0.158446
0.383661
0.315768
0.296321
0.320291
0.364885
0.390265
0.356246
0.252419
0.260083
0.301075
0.189641
0.21775
0.210831
0.236538
0.14359
