0.463956
0.264185
0.0373619
0.233734
0.351716
0.218754
0.312687
0.373584
0.105193
0.173309
0.323852
0.34553
0.181337
0.236362
0.163771
0.335129
0.221248
0.12407
0.258891
0.0795797
0.0912974
0.108639
0.304296
0.102588
0.205129
0.256269
0.211217
0.362521
0.145458
0.0449522
0.155031
0.214026
0.394771
0.133623
0.518507
0.299062
0.169001
0.323357
0.307695
0.267222
0.43064
0.241159
0.162376
0.122779
0.276005
0.422885
0.150286
0.110127
0.199716
0.319701
0.324472
0.216251
0.155043
0.234382
0.314115
0.263513
0.303393
0.221256
0.267588
0.399457
0.0701214
0.420388
0.293659
0.188444
0.153958
0.292904
0.201503
0.318076
0.203935
0.208791
0.141284
0.32834
0.195428
0.193407
0.226776
0.0969583
0.254819
0.103781
0.281463
0.197017
0.315272
0.241331
0.339792
0.27818
0.224962
0.21986
0.13691
0.116481
0.0743993
0.150721
0.205043
0.147003
0.269585
0.0590226
0.254399
0.204628
0.220569
0.284875
0.147946
0.209239
