0.130597
0.182903
0.265032
0.23031
0.250345
0.100486
0.351245
0.225665
0.116568
0.173192
0.104285
0.103705
0.19548
0.321096
0.286917
0.304513
0.210889
0.191527
0.128104
0.398397
0.271174
0.264979
0.264717
0.17347
0.28504
0.327333
0.15574
0.386075
0.14121
0.303394
0.199963
0.205042
0.0639129
0.157993
0.256817
0.347182
0.163772
0.197987
0.161027
0.114704
0.382663
0.350709
0.308038
0.083356
0.20008
0.357905
0.205878
0.035424
0.225589
0.130882
0.341796
0.284082
0.247204
0.408748
0.217195
0.392735
0.472068
0.15294
0.22342
0.267117
0.20725
0.166096
0.223339
0.130935
0.549192
0.0353496
0.212724
0.0509296
0.36036
0.207777
0.371842
0.179291
0.131326
0.141894
0.14193
0.182049
0.345696
0.153226
0.220784
0.161796
0.375341
0.405113
0.128774
0.114408
0.187803
0.214188
0.456648
0.167912
0.290335
0.246896
0.15019
0.28887
0.201043
0.194487
0.27973
0.298206
0.248724
0.107615
0.235502
0.08308
