0.27223
0.153568
0.349653
0.142435
0.120883
0.149922
0.269987
0.285007
0.209165
0.201964
0.0819665
0.204574
0.220266
0.177397
0.20774
0.160843
0.0951326
0.228723
0.420268
0.253589
0.439997
0.343578
0.134097
0.313656
0.198639
0.24897
0.172286
0.167151
0.201151
0.312471
0.261302
0.228457
0.269498
0.302477
0.139393
0.179065
0.43163
0.123858
0.313981
0.0597758
0.351674
0.258141
0.122093
0.106756
0.407227
0.343144
0.393125
0.307782
0.272368
0.151731
0.323634
0.211779
0.205138
0.15768
0.15857
0.271019
0.271688
0.255338
0.230332
0.21908
0.120105
0.207651
0.194571
0.184135
0.213127
0.18308
0.326365
0.187097
0.322207
0.325201
0.55925
0.247329
0.330012
0.249391
0.121328
0.247702
0.210093
0.179584
0.295058
0.137144
0.187833
0.108657
0.187241
0.224019
0.468878
0.286847
0.357218
0.201254
0.179236
0.263071
0.184067
0.0773343
0.158438
0.223815
0.274993
0.0225819
0.182329
0.172232
0.276547
0.264606
