0.282064
0.212047
0.137957
0.322818
0.170932
0.274403
0.274367
0.107974
0.203276
0.0874472
0.153732
0.249773
0.230263
0.304564
0.394823
0.257359
0.215857
0.301856
0.192878
0.0820029
0.263306
0.334962
0.288091
0.253314
0.16488
0.151556
0.178628
0.293744
0.270528
0.104833
0.240955
0.382508
0.351261
0.276554
0.120245
0.284821
0.0956354
0.149804
0.246095
0.342601
0.303198
0.323541
0.232273
0.094544
0.138689
0.335977
0.169391
0.280804
0.140642
0.199259
0.320722
0.339645
0.289798
0.4245
0.520262
0.214804
0.388047
0.273971
0.058028
0.139879
0.227869
0.116116
0.18166
0.453066
0.0906902
0.292409
0.322217
0.246258
0.116069
0.298188
0.345178
0.220373
0.150338
0.248003
0.119379
0.311169
0.0939142
0.254071
0.275589
0.235188
0.126987
0.377968
0.167506
0.168514
0.202075
0.119388
0.116052
0.166572
0.205267
0.260856
0.187036
0.107492
0.40744
0.309531
0.243169
0.222937
0.257624
0.0657813
0.283963
0.083835
