0.132772
0.241525
0.0692564
0.234981
0.259116
0.221809
0.272286
0.130976
0.152059
0.11641
0.13727
0.136227
0.214127
0.2379
0.317918
0.23188
0.171388
0.155515
0.314078
0.12081
0.136819
0.376257
0.291731
0.200173
0.191127
0.240969
0.314922
0.160122
0.250016
0.237826
0.177057
0.154198
0.498478
0.190357
0.295147
0.322627
0.165764
0.19617
0.296326
0.33895
0.14907
0.117184
0.21799
0.106768
0.298599
0.435207
0.150261
0.32602
0.28189
0.204714
0.0545343
0.170416
0.0504419
0.241871
0.243324
0.167686
0.432485
0.3529
0.465085
0.15922
0.124033
0.140706
0.290908
0.260213
0.218491
0.364141
0.188126
0.0972234
0.159879
0.270246
0.133867
0.445077
0.222291
0.288683
0.183428
0.336472
0.116534
0.14509
0.157128
0.11516
0.214827
0.261161
0.352842
0.112585
0.526699
0.398662
0.204731
0.222591
0.0885318
0.343175
0.276509
0.216114
0.155888
0.340307
0.0878314
0.269894
0.392825
0.109834
0.136503
0.337647
