0.280911
0.119014
0.142924
0.364885
0.149173
0.157466
0.163353
0.323505
0.274462
0.254364
0.200585
0.238068
0.111294
0.304748
0.170434
0.315349
0.231175
0.168759
0.309003
0.0697858
0.11002
0.356904
0.228115
0.176569
0.262272
0.346754
0.498177
0.0661916
0.119258
0.255858
0.300033
0.135738
0.306484
0.368623
0.194256
0.259734
0.111007
0.228827
0.226808
0.24364
0.415622
0.429938
0.319136
0.134799
0.310024
0.183018
0.19059
0.162935
0.213331
0.16481
0.230647
0.226161
0.260601
0.228841
0.258781
0.426914
0.339053
0.337275
0.160546
0.141733
0.113808
0.203826
0.224545
0.51788
0.44511
0.186372
0.244441
0.210735
0.225816
0.285271
0.111466
0.217069
0.203261
0.294822
0.198081
0.11935
0.110378
0.283199
0.192313
0.32392
0.310419
0.304294
0.18215
0.132431
0.141312
0.241009
0.151341
0.149995
0.430081
0.182992
0.238918
0.18626
0.161794
0.103453
0.268185
0.232945
0.140738
0.212473
0.192983
0.247428
