0.437833
0.126143
0.267386
0.322497
0.12755
0.22231
0.235949
0.242782
0.319091
0.144144
0.185329
0.246713
0.227459
0.248886
0.412332
0.328636
0.249349
0.162986
0.143636
0.147129
0.181499
0.257351
0.246006
0.116383
0.235998
0.118795
0.0968715
0.232147
0.160164
0.11317
0.110637
0.13388
0.131376
0.245993
0.245406
0.216504
0.290786
0.0979305
0.267784
0.253099
0.220958
0.239622
0.129343
0.207445
0.42011
0.141581
0.204491
0.184084
0.212939
0.310102
0.0861507
0.329103
0.225995
0.466365
0.127334
0.181857
0.109382
0.119013
0.314148
0.275658
0.15367
0.304589
0.323169
0.199955
0.201358
0.159759
0.220902
0.236557
0.300906
0.351728
0.23091
0.205551
0.19468
0.198305
0.270324
0.220562
0.182292
0.258015
0.185009
0.373744
0.308268
0.0787342
0.326101
0.114123
0.233535
0.282989
0.191051
0.150044
0.484497
0.409587
0.39323
0.381629
0.159436
0.429061
0.338462
0.087413
0.301909
0.401313
0.117893
0.115112
