0.249252
0.216203
0.130646
0.184852
0.211514
0.160152
0.259844
0.511348
0.215454
0.186716
0.358421
0.257106
0.403115
0.309915
0.236087
0.26633
0.124433
0.153944
0.205253
0.24754
0.327626
0.344761
0.277269
0.171348
0.421123
0.32268
0.148274
0.242199
0.274586
0.165598
0.215669
0.30464
0.0964206
0.302364
0.334491
0.232447
0.302481
0.257874
0.24313
0.254327
0.239489
0.32986
0.111771
0.388435
0.270445
0.313241
0.326748
0.0665314
0.255668
0.214492
0.133633
0.22034
0.279841
0.205904
0.222902
0.301237
0.268602
0.0823152
0.266684
0.104986
0.15367
0.262221
0.179876
0.224503
0.0946506
0.399094
0.161435
0.177907
0.135095
0.266786
0.244863
0.194025
0.130113
0.211371
0.157997
0.172421
0.167408
0.277262
0.294052
0.319707
0.240436
0.152341
0.254084
0.0540647
0.146977
0.114914
0.202895
0.267587
0.331488
0.277384
0.24935
0.30246
0.222368
0.205817
0.30378
0.410016
0.219475
0.166323
0.27286
0.229636
