0.152891
0.168444
0.16988
0.217196
0.151302
0.349111
0.286744
0.227952
0.551396
0.373932
0.155985
0.333655
0.224044
0.269331
0.159797
0.306138
0.27963
0.187873
0.268886
0.118994
0.0781051
0.171705
0.331622
0.123851
0.245909
0.156561
0.398819
0.112242
0.22883
0.128825
0.315707
0.106117
0.0911093
0.268822
0.385429
0.286403
0.140871
0.0509932
0.255703
0.279288
0.235265
0.250938
0.328942
0.148688
0.501504
0.128978
0.24719
0.125914
0.249821
0.340791
0.163766
0.361348
0.268264
0.228826
0.297906
0.32965
0.351482
0.261614
0.100732
0.189742
0.332549
0.190959
0.317086
0.391188
0.16219
0.132126
0.260878
0.19076
0.263552
0.214554
0.251587
0.148019
0.307173
0.249377
0.174572
0.131027
0.265573
0.157415
0.2065
0.24626
0.282509
0.278451
0.275685
0.212593
0.232392
0.150912
0.176963
0.161234
0.17865
0.308148
0.0946619
0.27555
0.171684
0.241251
0.39488
0.0758368
0.117087
0.356312
0.24926
0.170255
