0.282094
0.195571
0.347368
0.23426
0.129103
0.126041
0.402491
0.271052
0.149605
0.120735
0.2089
0.267796
0.107802
0.32386
0.188933
0.119424
0.150274
0.0645451
0.254774
0.105246
0.207785
0.319659
0.333939
0.152331
0.119316
0.128197
0.281315
0.17126
0.15798
0.209808
0.340918
0.107348
0.127303
0.131168
0.329992
0.189085
0.289405
0.102268
0.169011
0.279346
0.0214004
0.176229
0.278201
0.346492
0.428039
0.27535
0.170172
0.212993
0.104458
0.482768
0.143333
0.0876785
0.125457
0.223208
0.0787404
0.249476
0.065573
0.428884
0.34401
0.335647
0.377765
0.174158
0.139889
0.344182
0.22562
0.312575
0.185405
0.238083
0.404579
0.365594
0.270009
0.175892
0.232587
0.328708
0.337763
0.271365
0.176004
0.191689
0.293886
0.217521
0.147016
0.367967
0.212423
0.146989
0.19842
0.327754
0.369922
0.394356
0.289869
0.327708
0.333845
0.191481
0.260181
0.235524
0.14192
0.285343
0.2695
0.150299
0.188666
0.152784
