0.127461
0.298715
0.343561
0.194233
0.122949
0.198215
0.256187
0.117264
0.503284
0.136916
0.221807
0.206018
0.135158
0.335022
0.335339
0.132734
0.274336
0.372736
0.194087
0.18616
0.403406
0.122318
0.186293
0.355593
0.0514606
0.218413
0.1415
0.237809
0.12458
0.275726
0.272931
0.192706
0.17953
0.223161
0.145723
0.359787
0.525076
0.168257
0.276139
0.0448368
0.15534
0.307521
0.216992
0.220099
0.0909009
0.127026
0.217127
0.100103
0.297561
0.109012
0.278045
0.100298
0.193937
0.340589
0.248353
0.129143
0.408119
0.143278
0.275402
0.227365
0.0727328
0.460219
0.27837
0.270718
0.220876
0.365604
0.319133
0.144346
0.307721
0.190063
0.390088
0.094571
0.117333
0.174288
0.227981
0.120973
0.179493
0.295791
0.319907
0.229697
0.0823772
0.223516
0.327088
0.118276
0.251738
0.334811
0.278736
0.293228
0.22134
0.272115
0.205787
0.228709
0.113675
0.346424
0.223352
0.126595
0.357506
0.168528
0.133916
0.41475
