0.162008
0.197603
0.150817
0.182103
0.304058
0.111023
0.156239
0.151946
0.207501
0.184545
0.315781
0.150593
0.375551
0.361953
0.287817
0.264301
0.418445
0.129766
0.22965
0.15685
0.293111
0.139451
0.267218
0.358609
0.290365
0.194041
0.170927
0.139165
0.248493
0.116035
0.238805
0.361029
0.200905
0.147211
0.310669
0.0900884
0.157697
0.249464
0.186583
0.309489
0.231289
0.215876
0.185963
0.121392
0.133042
0.340457
0.184697
0.180531
0.184698
0.223889
0.159378
0.462144
0.264881
0.162088
0.240445
0.198354
0.162145
0.316467
0.253339
0.230933
0.330895
0.395635
0.0742563
0.228313
0.298057
0.143678
0.385862
0.121711
0.432042
0.173872
0.41144
0.271854
0.168758
0.14233
0.196736
0.301594
0.162625
0.386665
0.0814938
0.126788
0.188186
0.3029
0.231177
0.215479
0.520923
0.301141
0.313125
0.20449
0.284003
0.13253
0.22719
0.252447
0.110378
0.267345
0.204722
0.199855
0.225083
0.253923
0.282654
0.335546
