0.1783
0.243933
0.257731
0.317181
0.37084
0.278007
0.270826
0.145214
0.142824
0.226369
0.215132
0.326653
0.164562
0.0881726
0.327928
0.313531
0.347612
0.273497
0.327571
0.18617
0.159094
0.246045
0.155158
0.221831
0.106607
0.259396
0.173949
0.321132
0.394076
0.612247
0.195584
0.165051
0.211447
0.286652
0.0851695
0.300336
0.222649
0.426049
0.137774
0.337487
0.381893
0.204306
0.215053
0.0834511
0.294579
0.207002
0.347203
0.277979
0.28396
0.157882
0.0874747
0.23369
0.284918
0.134168
0.242856
0.335103
0.145955
0.295015
0.267332
0.146761
0.265377
0.13341
0.169969
0.249179
0.230558
0.110634
0.336506
0.177715
0.15281
0.175096
0.201319
0.465302
0.0930686
0.140833
0.0487019
0.158163
0.136902
0.136083
0.567338
0.143499
0.117724
0.140071
0.154464
0.292343
0.184429
0.146831
0.25875
0.177092
0.120693
0.187906
0.410212
0.138364
0.225198
0.202878
0.168705
0.42247
0.14285
0.244456
0.2015
0.164042
