0.218712
0.27193
0.372061
0.225539
0.170454
0.149818
0.165053
0.168629
0.138626
0.544233
0.108048
0.179835
0.492291
0.227844
0.345876
0.389863
0.177587
0.13568
0.244653
0.157885
0.311398
0.316534
0.204284
0.136434
0.180253
0.159697
0.168089
0.20341
0.0848448
0.189199
0.175136
0.0187333
0.369913
0.36174
0.136728
0.196601
0.102734
0.376375
0.235872
0.229972
0.180823
0.0915146
0.109108
0.126949
0.320142
0.248225
0.302354
0.256422
0.165453
0.357298
0.223195
0.145439
0.102432
0.134616
0.295727
0.279749
0.153171
0.427439
0.395597
0.408437
0.325683
0.121162
0.237664
0.199081
0.140787
0.201151
0.213639
0.269674
0.0546554
0.319429
0.177335
0.2792
0.259387
0.322591
0.302292
0.0439568
0.338432
0.309953
0.372896
0.245567
0.0464042
0.313031
0.274465
0.441133
0.316687
0.20698
0.0686854
0.229225
0.121166
0.0313622
0.231277
0.214199
0.292443
0.173945
0.267142
0.0866655
0.114501
0.303517
0.163342
0.29995
