0.319401
0.125121
0.1575
0.393607
0.228894
0.23379
0.0889081
0.244406
0.192902
0.164447
0.151969
0.262093
0.156564
0.401701
0.0913517
0.299623
0.205824
0.216741
0.221762
0.244607
0.361147
0.232402
0.255447
0.3974
0.224857
0.309948
0.27966
0.251715
0.19213
0.323883
0.254703
0.283257
0.264363
0.293494
0.150217
0.471877
0.19788
0.245711
0.251369
0.265264
0.107884
0.150692
0.112674
0.119292
0.0306526
0.334922
0.0993853
0.19983
0.228885
0.221666
0.126866
0.201147
0.243134
0.121833
0.376573
0.253981
0.265276
0.305639
0.452949
0.173586
0.231216
0.161408
0.338156
0.182909
0.170168
0.150004
0.143633
0.149085
0.160833
0.0739255
0.262176
0.192476
0.357091
0.359017
0.447748
0.090748
0.463803
0.12025
0.0891843
0.209769
0.199829
0.146969
0.22138
0.192911
0.256515
0.143824
0.188497
0.481969
0.338753
0.0886001
0.150637
0.26727
0.377881
0.161342
0.194528
0.25655
0.187067
0.120903
0.258474
0.384339
