0.170802
0.134828
0.246228
0.253056
0.483565
0.260756
0.19207
0.172857
0.0792747
0.277123
0.354316
0.13117
0.169537
0.319378
0.382693
0.249857
0.284793
0.318408
0.203985
0.349497
0.382811
0.173765
0.367361
0.337068
0.147375
0.119741
0.115113
0.284943
0.222545
0.161269
0.0771374
0.3825
0.128501
0.177428
0.256938
0.153554
0.16204
0.21071
0.140346
0.279438
0.297666
0.24935
0.221071
0.105295
0.291149
0.334611
0.16894
0.105673
0.381573
0.279741
0.21112
0.23736
0.324249
0.32015
0.231124
0.212025
0.125395
0.178605
0.12703
0.240947
0.317269
0.192186
0.21577
0.201314
0.315457
0.370408
0.184342
0.328796
0.235873
0.290155
0.110509
0.129928
0.377728
0.126565
0.378144
0.305018
0.234552
0.199372
0.203776
0.0469745
0.246241
0.222888
0.135919
0.122334
0.187246
0.178904
0.246766
0.244228
0.221621
0.416631
0.187181
0.203649
0.261533
0.17065
0.274511
0.303433
0.429647
0.130379
0.173143
0.274901
