0.121429
0.249166
0.0381363
0.229577
0.270181
0.268597
0.313041
0.268386
0.169341
0.211416
0.0899059
0.170006
0.286229
0.395165
0.199663
0.190967
0.17094
0.414013
0.121707
0.211389
0.305591
0.337014
0.128651
0.192374
0.37826
0.318679
0.349821
0.299999
0.188707
0.176443
0.222102
0.353625
0.113885
0.0723524
0.377288
0.143229
0.241666
0.25612
0.258686
0.447389
0.096875
0.291245
0.21758
0.35359
0.250805
0.0787595
0.174731
0.223528
0.206826
0.276378
0.140101
0.125411
0.237683
0.368876
0.107734
0.28906
0.168695
0.158531
0.160566
0.248022
0.212212
0.178259
0.221951
0.199966
0.411422
0.257267
0.240636
0.118154
0.273797
0.217698
0.197852
0.337311
0.302772
0.183948
0.144355
0.212011
0.0900581
0.247574
0.128676
0.235001
0.194635
0.162843
0.1996
0.208054
0.235219
0.102202
0.275852
0.344869
0.208863
0.435208
0.364294
0.239322
0.191972
0.223649
0.253028
0.389311
0.297684
0.121586
0.217919
0.472237
