0.216165
0.253988
0.213635
0.12075
0.265883
0.473472
0.0872891
0.351315
0.267788
0.306629
0.0554154
0.247596
0.103773
0.168927
0.323523
0.0360598
0.151842
0.112333
0.292447
0.280367
0.14363
0.342927
0.285123
0.312802
0.327327
0.427163
0.286187
0.191863
0.130558
0.0930631
0.1393
0.222118
0.133537
0.223375
0.448856
0.246742
0.346739
0.152046
0.129908
0.224953
0.223507
0.311933
0.0509194
0.204371
0.309239
0.243583
0.0919306
0.315232
0.176169
0.174043
0.286128
0.138196
0.129677
0.250031
0.0524928
0.177599
0.236353
0.235286
0.101018
0.154616
0.317508
0.332066
0.129998
0.331399
0.301818
0.14099
0.29407
0.305622
0.233684
0.227278
0.297393
0.0132992
0.130917
0.286426
0.200131
0.245688
0.309297
0.215363
0.114306
0.303931
0.387375
0.187283
0.328018
0.178375
0.329507
0.326184
0.224427
0.185492
0.219353
0.161394
0.178564
0.359128
0.354903
0.145742
0.165272
0.268521
0.298656
0.322291
0.17534
0.490285
