0.149687
0.198178
0.288025
0.338854
0.294178
0.213178
0.161391
0.295658
0.167143
0.233439
0.288175
0.0928672
0.326927
0.301748
0.165704
0.167635
0.19708
0.135873
0.080914
0.219056
0.271688
0.252989
0.291062
0.164465
0.171801
0.223826
0.0926592
0.173392
0.187185
0.245787
0.116831
0.138086
0.204052
0.288159
0.138225
0.136033
0.293338
0.208772
0.0641082
0.242868
0.246355
0.32657
0.133564
0.0878971
0.285404
0.253887
0.321601
0.222618
0.335167
0.346562
0.26397
0.206154
0.561243
0.345838
0.233425
0.195531
0.0681012
0.25618
0.162578
0.195058
0.212848
0.138952
0.261557
0.166794
0.144293
0.20162
0.408186
0.440983
0.429583
0.321661
0.183267
0.207642
0.0281383
0.360357
0.0734616
0.309352
0.162167
0.322649
0.336633
0.307149
0.312586
0.140721
0.147284
0.25971
0.141473
0.323024
0.229801
0.245644
0.157255
0.533521
0.257206
0.36597
0.159196
0.0818552
0.500701
0.0547845
0.114675
0.206342
0.125671
0.165361
