0.27122
0.410511
0.186189
0.0622425
0.0878627
0.305331
0.341555
0.382363
0.257694
0.0506241
0.351199
0.181762
0.134248
0.326114
0.102516
0.179131
0.300768
0.154459
0.14363
0.149298
0.205467
0.237802
0.383846
0.167016
0.109271
0.0985968
0.23411
0.174962
0.144856
0.402532
0.320437
0.20602
0.182546
0.195103
0.0331326
0.204854
0.235898
0.239067
0.182426
0.176397
0.262521
0.200188
0.301182
0.0753881
0.265113
0.27083
0.230785
0.238687
0.246536
0.336232
0.249401
0.163619
0.181538
0.200505
0.205056
0.169875
0.313505
0.161393
0.485821
0.287563
0.184268
0.449201
0.114499
0.309832
0.292996
0.228737
0.518759
0.373511
0.217422
0.122862
0.266866
0.3006
0.344785
0.444638
0.136234
0.265357
0.0909236
0.120921
0.305784
0.216659
0.20504
0.119732
0.188069
0.138015
0.297734
0.0729292
0.308971
0.269849
0.255036
0.176432
0.400154
0.153326
0.352582
0.234381
0.207724
0.116953
0.21359
0.0607083
0.289054
0.199338
