0.24656
0.123671
0.239582
0.191465
0.284297
0.222493
0.304533
0.456645
0.179593
0.277623
0.259793
0.355361
0.309875
0.360044
0.139719
0.158958
0.267025
0.240016
0.175774
0.230855
0.303324
0.18689
0.176393
0.274441
0.145374
0.191943
0.298794
0.12976
0.0964775
0.219665
0.318096
0.191693
0.368099
0.244798
0.239387
0.127078
0.228083
0.0887014
0.0680578
0.267984
0.221465
0.174768
0.116106
0.104499
0.292618
0.163877
0.226252
0.38989
0.0636726
0.140951
0.31512
0.219421
0.191349
0.296021
0.284987
0.081794
0.256761
0.309236
0.0958192
0.30676
0.168299
0.352183
0.28194
0.143476
0.300848
0.14551
0.290692
0.280534
0.195156
0.222054
0.0996182
0.190545
0.274809
0.240816
0.353369
0.312484
0.151856
0.201538
0.282714
0.226791
0.146236
0.43408
0.151101
0.253993
0.250935
0.0889104
0.328224
0.49028
0.191606
0.361155
0.113869
0.0914809
0.260865
0.319663
0.234939
0.186957
0.20394
0.210831
0.398583
0.416538
