0.286663
0.222004
0.286082
0.296424
0.239451
0.417061
0.235545
0.27846
0.21533
0.219758
0.361469
0.176491
0.237979
0.267874
0.228299
0.0888428
0.0823534
0.0889095
0.0616896
0.197369
0.245436
0.208641
0.222686
0.155747
0.271065
0.305759
0.341534
0.229834
0.0986193
0.191447
0.318352
0.28945
0.160266
0.202927
0.234634
0.122518
0.267894
0.158394
0.0630106
0.241476
0.118694
0.396502
0.231099
0.24242
0.345176
0.295837
0.276621
0.330305
0.183756
0.0920806
0.237905
0.395355
0.26358
0.291779
0.29334
0.251881
0.303301
0.316311
0.286966
0.378183
0.146505
0.248311
0.415266
0.180713
0.231417
0.0688684
0.29612
0.276215
0.306713
0.137033
0.395728
0.217599
0.0818104
0.220567
0.21569
0.209102
0.263737
0.30975
0.177429
0.191398
0.220115
0.186405
0.341952
0.182319
0.0764916
0.221876
0.22028
0.273818
0.274687
0.16786
0.349131
0.17385
0.321846
0.180462
0.204567
0.293739
0.128377
0.256373
0.271031
0.306601
