0.34749
0.416912
0.23215
0.355138
0.128206
0.26439
0.20251
0.0606576
0.297805
0.306258
0.126402
0.152635
0.185691
0.255175
0.282265
0.179189
0.203117
0.132314
0.152986
0.117098
0.225699
0.246253
0.220193
0.232451
0.311362
0.17965
0.216128
0.186662
0.224434
0.235721
0.272769
0.33784
0.277718
0.266467
0.230993
0.458755
0.158277
0.0638569
0.265935
0.241336
0.309754
0.352075
0.354799
0.0979307
0.245672
0.165365
0.276378
0.350121
0.0963045
0.21277
0.113888
0.196194
0.239447
0.262245
0.0761636
0.254714
0.265661
0.225166
0.354849
0.333235
0.163697
0.182847
0.178672
0.15395
0.159702
0.264019
0.293176
0.306689
0.218079
0.0855169
0.194189
0.436327
0.240206
0.359373
0.170452
0.376804
0.146135
0.403005
0.311897
0.201818
0.037577
0.367618
0.0808041
0.475168
0.152586
0.313549
0.132152
0.061561
0.046914
0.221356
0.431287
0.112841
0.299624
0.21079
0.285893
0.140495
0.201599
0.301901
0.19304
0.0530992
