0.223091
0.263497
0.313077
0.350118
0.241379
0.306852
0.329612
0.188346
0.268167
0.0954161
0.443927
0.0766569
0.215826
0.240467
0.219882
0.336381
0.201444
0.144305
0.171678
0.276721
0.202641
0.181787
0.246998
0.172245
0.260126
0.172652
0.479109
0.0868345
0.401846
0.343605
0.279258
0.295456
0.163928
0.0609971
0.219733
0.0738787
0.362499
0.105265
0.221479
0.130852
0.148708
0.131884
0.182076
0.370551
0.33398
0.205894
0.15739
0.0747494
0.243115
0.116283
0.258696
0.29934
0.235115
0.252361
0.210902
0.185637
0.389286
0.496788
0.387124
0.164841
0.179673
0.160844
0.26688
0.318612
0.239607
0.205607
0.250564
0.139627
0.248343
0.122279
0.386875
0.197944
0.184175
0.302676
0.246196
0.234333
0.243001
0.140832
0.383283
0.244916
0.155192
0.296469
0.428833
0.205549
0.380659
0.173542
0.135608
0.149642
0.362293
0.312419
0.181241
0.165947
0.171375
0.15512
0.17429
0.11573
0.201442
0.0997645
0.177633
0.18666
