0.104441
0.225524
0.265016
0.293547
0.325422
0.282017
0.16929
0.370342
0.458732
0.139516
0.23767
0.242188
0.294889
0.119664
0.152501
0.159443
0.298228
0.291028
0.260591
0.135276
0.119344
0.109927
0.320264
0.153409
0.287343
0.23889
0.229435
0.343309
0.262702
0.234626
0.35183
0.189563
0.380959
0.0447355
0.411949
0.198991
0.484835
0.275385
0.213481
0.191037
0.153188
0.317371
0.346647
0.257052
0.29081
0.343143
0.100918
0.294717
0.281383
0.201313
0.243405
0.297127
0.188407
0.297471
0.0338224
0.281011
0.0891619
0.21751
0.258846
0.397834
0.151987
0.166256
0.283046
0.300171
0.396947
0.155787
0.27704
0.376007
0.0604355
0.130062
0.350623
0.175197
0.146429
0.383289
0.171286
0.140389
0.228359
0.229997
0.139453
0.331218
0.38722
0.100232
0.156361
0.266453
0.185902
0.213953
0.0730299
0.345851
0.0431634
0.238987
0.0836353
0.216199
0.155342
0.0655694
0.199174
0.178689
0.27008
0.19333
0.102609
0.165232
