0.289457
0.105594
0.113955
0.233378
0.322889
0.245115
0.275374
0.200032
0.239941
0.233865
0.0953812
0.128791
0.247459
0.105441
0.123521
0.262615
0.246024
0.377632
0.167628
0.259405
0.0642798
0.274792
0.117165
0.238061
0.256835
0.258884
0.0859553
0.178581
0.326885
0.301377
0.294252
0.181301
0.143095
0.494552
0.187045
0.375348
0.11468
0.263706
0.36501
0.112433
0.405653
0.262022
0.0648776
0.141099
0.199539
0.184441
0.300639
0.353988
0.25599
0.245878
0.227041
0.45386
0.249409
0.360195
0.182481
0.240282
0.189942
0.201426
0.218212
0.189407
0.180389
0.102661
0.254196
0.31939
0.237966
0.314927
0.24221
0.222776
0.230318
0.276638
0.243597
0.122375
0.217992
0.251402
0.338805
0.356167
0.244543
0.139463
0.218711
0.127032
0.191768
0.270537
0.038878
0.33267
0.103961
0.239398
0.292748
0.209904
0.397276
0.286889
0.121861
0.302964
0.216637
0.154705
0.256615
0.33365
0.193669
0.266395
0.473586
0.105172
