0.238506
0.392091
0.349653
0.142435
0.087138
0.149922
0.257723
0.285007
0.377054
0.201964
0.160393
0.176169
0.197981
0.19014
0.256052
0.167208
0.0951326
0.254666
0.246803
0.128893
0.439997
0.375421
0.316518
0.313656
0.416671
0.188156
0.197038
0.276889
0.201151
0.109128
0.104024
0.342199
0.115804
0.302477
0.265149
0.289217
0.173541
0.123858
0.167991
0.226423
0.429779
0.28253
0.109703
0.106756
0.372461
0.358557
0.393125
0.34905
0.26139
0.151731
0.284124
0.211779
0.21856
0.21598
0.191873
0.251428
0.282347
0.255338
0.239324
0.21908
0.120105
0.3478
0.194571
0.252414
0.213127
0.18308
0.291725
0.187097
0.250344
0.218686
0.217151
0.168835
0.330012
0.279275
0.311839
0.0451723
0.352675
0.167413
0.295058
0.137144
0.187833
0.108657
0.304304
0.286452
0.421006
0.243692
0.21498
0.201254
0.242299
0.214164
0.243686
0.0773343
0.229935
0.223815
0.154616
0.0225819
0.182329
0.103231
0.276547
0.338783
