0.30767
0.170649
0.303118
0.132566
0.255324
0.261751
0.0623685
0.327546
0.0419329
0.241204
0.254009
0.299636
0.172491
0.250089
0.169672
0.339749
0.292707
0.320857
0.23915
0.12832
0.17936
0.157007
0.135542
0.181609
0.357189
0.120272
0.292958
0.236209
0.139022
0.140937
0.244006
0.287831
0.447324
0.10307
0.133672
0.139743
0.270773
0.29089
0.239562
0.201729
0.486357
0.219026
0.353501
0.178678
0.362808
0.255845
0.117136
0.140416
0.223218
0.135482
0.280013
0.161039
0.288247
0.239532
0.272014
0.0662932
0.134297
0.455386
0.0998363
0.21296
0.311596
0.26636
0.367955
0.176013
0.117957
0.145335
0.189281
0.232326
0.319221
0.192593
0.206327
0.225593
0.280594
0.190515
0.375414
0.524556
0.187948
0.174864
0.108944
0.334996
0.158391
0.107213
0.0972734
0.116826
0.376495
0.266127
0.245757
0.310459
0.219485
0.233382
0.172722
0.24016
0.206724
0.185943
0.329974
0.397986
0.292187
0.33989
0.242283
0.0323719
