0.130998
0.180261
0.217164
0.127978
0.150726
0.42173
0.34024
0.28783
0.178916
0.260753
0.220384
0.292181
0.14558
0.119066
0.14576
0.0360822
0.272782
0.291183
0.369814
0.178473
0.426455
0.205661
0.306786
0.175284
0.330763
0.192339
0.163162
0.24334
0.150432
0.212937
0.239108
0.2008
0.325419
0.0828027
0.160484
0.22177
0.209813
0.293756
0.214089
0.318795
0.126967
0.312548
0.263259
0.460397
0.238269
0.260885
0.0947616
0.0983856
0.116766
0.276905
0.23339
0.337839
0.291893
0.152903
0.349481
0.252187
0.128626
0.319821
0.320675
0.0723053
0.35198
0.372083
0.252489
0.119207
0.346163
0.19518
0.137031
0.433415
0.390371
0.113111
0.284786
0.15685
0.216673
0.160416
0.323452
0.359672
0.246714
0.299182
0.330297
0.281321
0.135459
0.198333
0.105759
0.207788
0.159597
0.299487
0.249647
0.248319
0.138153
0.187778
0.322456
0.0996367
0.278373
0.127772
0.197683
0.0886802
0.112504
0.318472
0.422631
0.114718
