0.311606
0.217107
0.0791325
0.335315
0.100808
0.14064
0.0943371
0.105905
0.302449
0.269318
0.286659
0.377726
0.297831
0.313172
0.337456
0.332818
0.325107
0.162035
0.204206
0.427103
0.291732
0.202864
0.361396
0.199762
0.279263
0.15412
0.244343
0.232539
0.174048
0.164421
0.242262
0.164499
0.165367
0.19222
0.32543
0.420493
0.249924
0.241213
0.319938
0.260752
0.260327
0.172625
0.149607
0.298523
0.180773
0.235392
0.25213
0.190055
0.141622
0.254533
0.0974138
0.180827
0.103778
0.113939
0.351724
0.0703015
0.194327
0.142045
0.176046
0.170287
0.286741
0.295975
0.192601
0.179899
0.159971
0.349183
0.489444
0.106442
0.192689
0.321194
0.33758
0.291072
0.118927
0.058388
0.140759
0.290429
0.0631707
0.115523
0.256048
0.193287
0.333411
0.22194
0.37677
0.150752
0.104215
0.114036
0.379153
0.211024
0.211573
0.250397
0.208746
0.283611
0.255124
0.478175
0.239358
0.18031
0.205132
0.357934
0.325896
0.213913
