0.128844
0.178113
0.404856
0.258222
0.279529
0.272184
0.260878
0.171976
0.166538
0.281911
0.18737
0.349983
0.24575
0.265234
0.175766
0.135052
0.198978
0.211086
0.329646
0.318222
0.240384
0.261505
0.30535
0.124304
0.0312785
0.186739
0.16338
0.20588
0.159283
0.263715
0.469938
0.15161
0.357592
0.208833
0.156623
0.144639
0.418315
0.320905
0.411349
0.306261
0.107499
0.130503
0.159012
0.245448
0.224608
0.122293
0.584143
0.460916
0.21738
0.368593
0.481273
0.167815
0.328359
0.135605
0.347772
0.171794
0.24592
0.122101
0.271946
0.234544
0.262144
0.389063
0.28535
0.195643
0.265351
0.15923
0.192527
0.244389
0.17864
0.189524
0.13794
0.111911
0.196768
0.161426
0.350461
0.164031
0.211074
0.121825
0.338251
0.203692
0.218823
0.249565
0.146258
0.140195
0.226877
0.120764
0.141518
0.268126
0.203165
0.209845
0.270476
0.116902
0.317503
0.134044
0.22681
0.183479
0.193007
0.16907
0.203793
0.186605
