0.149687
0.24573
0.351847
0.338854
0.215048
0.213178
0.161391
0.263929
0.167143
0.233439
0.206091
0.0665736
0.326927
0.197931
0.165704
0.179705
0.19708
0.135873
0.080914
0.219056
0.237157
0.252989
0.170302
0.29364
0.171801
0.223826
0.27319
0.188468
0.187185
0.245787
0.116831
0.138086
0.204052
0.0853225
0.138225
0.136033
0.0815318
0.208772
0.24459
0.113966
0.326631
0.25906
0.133564
0.0878971
0.285404
0.253887
0.388699
0.222618
0.28075
0.346562
0.26397
0.206154
0.561243
0.345838
0.233425
0.195531
0.0681012
0.25618
0.256841
0.236226
0.212848
0.244702
0.261557
0.166794
0.144293
0.20162
0.401448
0.460474
0.429583
0.17163
0.183267
0.241776
0.0281383
0.360357
0.0734616
0.309352
0.137601
0.322649
0.355304
0.307149
0.291188
0.186106
0.312167
0.223944
0.141473
0.323024
0.229801
0.245644
0.157255
0.580104
0.257206
0.36597
0.159196
0.0818552
0.441047
0.191096
0.114675
0.124179
0.272184
0.0758446
