0.24656
0.218627
0.327038
0.298075
0.148072
0.17178
0.304533
0.515196
0.179593
0.419754
0.259793
0.400345
0.341598
0.260668
0.214738
0.0678282
0.186332
0.240016
0.160721
0.230855
0.129496
0.18689
0.0991775
0.36687
0.185121
0.254446
0.177425
0.12976
0.126663
0.320875
0.318096
0.191693
0.414024
0.284726
0.239387
0.239585
0.037631
0.0887014
0.266486
0.244393
0.174817
0.348155
0.297854
0.168265
0.266949
0.11713
0.118816
0.232392
0.220447
0.140951
0.258802
0.124337
0.191349
0.321306
0.260115
0.081794
0.258476
0.309236
0.216166
0.190251
0.364217
0.352183
0.186943
0.316395
0.300848
0.255291
0.235007
0.187345
0.195156
0.0897549
0.0996182
0.145002
0.186406
0.159652
0.391655
0.167351
0.151856
0.112906
0.382406
0.303656
0.130141
0.43408
0.207683
0.252236
0.155384
0.230176
0.123302
0.208331
0.191606
0.28077
0.113869
0.0914809
0.191135
0.279827
0.293946
0.499686
0.20394
0.210831
0.398583
0.204248
