0.0703591
0.240393
0.2615
0.390031
0.225593
0.212717
0.194285
0.171369
0.168992
0.219913
0.315522
0.287025
0.327147
0.138524
0.193254
0.204704
0.261142
0.31648
0.17707
0.33863
0.177539
0.123725
0.251244
0.301405
0.114214
0.396906
0.225924
0.149911
0.191595
0.178951
0.256452
0.272583
0.127218
0.0771386
0.195559
0.0975937
0.256921
0.14737
0.290025
0.325258
0.179647
0.413009
0.235502
0.403708
0.400362
0.259153
0.172854
0.243539
0.225298
0.320452
0.2524
0.29166
0.45353
0.167469
0.406436
0.289005
0.217063
0.173865
0.0942099
0.193696
0.304618
0.126917
0.281502
0.421342
0.0709231
0.347894
0.125866
0.317813
0.32966
0.246
0.263333
0.284997
0.109511
0.326008
0.156058
0.257888
0.258667
0.20505
0.152923
0.115561
0.180279
0.401279
0.123617
0.151778
0.273339
0.359459
0.181703
0.151498
0.226507
0.177183
0.247123
0.166879
0.124513
0.227216
0.177586
0.296857
0.135448
0.226802
0.28223
0.307374
