0.300958
0.0849985
0.259787
0.274792
0.0864296
0.2203
0.125914
0.160391
0.212506
0.251795
0.207365
0.205515
0.288052
0.161222
0.216884
0.163468
0.0570642
0.301483
0.241036
0.388867
0.29537
0.128239
0.212294
0.238877
0.253475
0.214511
0.258783
0.234296
0.245922
0.238834
0.195785
0.296547
0.164796
0.258332
0.20144
0.184939
0.258053
0.249457
0.248998
0.199763
0.254647
0.3985
0.221446
0.112
0.170158
0.242123
0.397758
0.201123
0.120401
0.125868
0.118339
0.301419
0.170452
0.398544
0.264788
0.263434
0.195496
0.281479
0.370949
0.364026
0.137993
0.341055
0.223855
0.362217
0.369471
0.311477
0.112231
0.254937
0.259381
0.167566
0.279179
0.416869
0.135669
0.126627
0.259482
0.137044
0.123309
0.299404
0.354077
0.184481
0.139591
0.20945
0.254567
0.378112
0.213948
0.406531
0.257142
0.20814
0.182154
0.369603
0.0818155
0.133131
0.268668
0.427998
0.115795
0.235748
0.264867
0.338007
0.254164
0.100094
