0.123514
0.422285
0.113082
0.243945
0.289529
0.305267
0.12496
0.224214
0.283973
0.205048
0.212313
0.436099
0.171688
0.314356
0.225808
0.194206
0.178933
0.202711
0.168715
0.565253
0.124267
0.267683
0.237577
0.233734
0.0853992
0.217637
0.206394
0.0934312
0.174232
0.138091
0.429753
0.263607
0.131986
0.153196
0.173174
0.226652
0.18951
0.185989
0.159307
0.47023
0.246572
0.268563
0.252655
0.108009
0.35762
0.216768
0.25397
0.45943
0.291956
0.195962
0.120686
0.246205
0.200018
0.364842
0.155413
0.254255
0.244039
0.0374544
0.466652
0.155789
0.267912
0.130319
0.179447
0.362876
0.00898327
0.180852
0.136752
0.144086
0.161507
0.264957
0.225034
0.294818
0.204949
0.249074
0.0939991
0.207388
0.294421
0.184466
0.284598
0.291633
0.127405
0.276684
0.174691
0.18266
0.260319
0.132472
0.262432
0.211727
0.184396
0.233323
0.282555
0.476122
0.22169
0.167095
0.396681
0.164029
0.358285
0.208113
0.277889
0.115361
