0.353841
0.244061
0.289396
0.181255
0.128474
0.182258
0.313935
0.203655
0.258749
0.216866
0.270212
0.20343
0.239895
0.141401
0.15284
0.197031
0.229227
0.360947
0.186941
0.266112
0.23799
0.272513
0.265229
0.243156
0.329512
0.121404
0.271313
0.161719
0.252935
0.19941
0.329756
0.0876047
0.111385
0.29261
0.284947
0.120941
0.245
0.102221
0.138909
0.180392
0.324399
0.140972
0.160699
0.178375
0.400893
0.415036
0.150869
0.235786
0.230719
0.357084
0.211698
0.398514
0.132562
0.11973
0.128976
0.143126
0.253525
0.224279
0.0798917
0.0999247
0.234572
0.184086
0.29443
0.261332
0.137765
0.495957
0.0852129
0.106016
0.488999
0.200521
0.0840093
0.14762
0.247584
0.141307
0.115633
0.508464
0.123428
0.303005
0.281294
0.183675
0.127476
0.163012
0.20419
0.302429
0.113089
0.471583
0.407457
0.412729
0.408647
0.284839
0.283427
0.177891
0.186975
0.0593358
0.255115
0.190429
0.333296
0.322994
0.163424
0.0762202
