0.253823
0.14564
0.312625
0.103779
0.203696
0.230654
0.133237
0.179952
0.288222
0.0828573
0.208661
0.113135
0.195765
0.245463
0.415706
0.125505
0.150366
0.254228
0.227339
0.17059
0.228489
0.315629
0.301922
0.187842
0.412293
0.160485
0.182491
0.304606
0.365879
0.178486
0.273624
0.159324
0.268755
0.0844476
0.267429
0.139314
0.171541
0.267928
0.276178
0.228736
0.396016
0.387378
0.13679
0.354195
0.184048
0.0747591
0.179787
0.284555
0.128084
0.251061
0.358394
0.153115
0.128966
0.256581
0.145865
0.0860322
0.291147
0.201561
0.21206
0.17523
0.221395
0.344736
0.0872334
0.27046
0.37725
0.270242
0.101791
0.284348
0.183543
0.282671
0.111125
0.488727
0.272354
0.382399
0.151841
0.302704
0.167494
0.171495
0.156555
0.171649
0.244701
0.315675
0.348027
0.268639
0.163098
0.14205
0.132662
0.303098
0.184835
0.207773
0.319952
0.438152
0.365817
0.178622
0.304268
0.35907
0.244254
0.225513
0.294067
0.254142
