0.278119
0.286316
0.313109
0.290587
0.101545
0.128458
0.268073
0.115341
0.130586
0.322732
0.20468
0.133728
0.302515
0.0576122
0.323801
0.0846017
0.0827878
0.162365
0.210814
0.15738
0.0971774
0.167466
0.179867
0.335135
0.107584
0.291873
0.174514
0.108329
0.303203
0.249876
0.128074
0.196897
0.216817
0.17756
0.178835
0.142981
0.51404
0.200091
0.221306
0.372664
0.126977
0.314593
0.264022
0.175705
0.282085
0.296791
0.379996
0.169537
0.256454
0.0807084
0.100281
0.240806
0.316216
0.328186
0.272729
0.253951
0.279042
0.173671
0.196747
0.233733
0.504945
0.226523
0.208521
0.0435139
0.32669
0.23197
0.360746
0.269138
0.269801
0.227129
0.206074
0.240153
0.342043
0.210703
0.222976
0.378153
0.29847
0.0791794
0.398072
0.293551
0.178318
0.275041
0.0983449
0.276052
0.213795
0.189716
0.123004
0.560568
0.271233
0.315304
0.11247
0.18518
0.289473
0.067217
0.17784
0.214327
0.158288
0.0812276
0.237285
0.442677
