0.220393
0.253539
0.224388
0.341273
0.364654
0.425609
0.219725
0.31131
0.355238
0.43805
0.155031
0.170501
0.11258
0.285387
0.0873056
0.297329
0.357775
0.331655
0.0913872
0.2947
0.254307
0.376978
0.0641745
0.272511
0.178701
0.251
0.121993
0.29964
0.290159
0.242194
0.174305
0.226129
0.103295
0.162785
0.0490112
0.138894
0.136699
0.29579
0.0975186
0.199845
0.189846
0.0782996
0.187135
0.100091
0.294974
0.354677
0.258887
0.232188
0.12885
0.164555
0.345779
0.181172
0.369757
0.126009
0.19056
0.238953
0.263415
0.307383
0.192758
0.397843
0.147645
0.197607
0.127328
0.198057
0.418841
0.258579
0.227915
0.257144
0.468382
0.166807
0.119214
0.24001
0.378615
0.233663
0.210352
0.243898
0.210695
0.144378
0.213469
0.238469
0.317578
0.193226
0.388711
0.165901
0.286272
0.337515
0.221535
0.236193
0.211068
0.205269
0.108786
0.199737
0.139724
0.253248
0.174313
0.196781
0.17656
0.272303
0.348465
0.264637
