0.161513
0.0443884
0.34585
0.108682
0.175561
0.323529
0.195336
0.238199
0.286792
0.283809
0.318283
0.162703
0.153938
0.155792
0.291607
0.22478
0.191813
0.217547
0.255629
0.0933545
0.330092
0.283869
0.130465
0.132755
0.32152
0.159583
0.293373
0.277112
0.165709
0.121881
0.216445
0.271413
0.219486
0.187244
0.172385
0.0986701
0.209445
0.29265
0.221804
0.158434
0.160871
0.295682
0.26161
0.334928
0.243865
0.156564
0.371103
0.240548
0.207062
0.254183
0.460581
0.330195
0.102803
0.272496
0.0965563
0.199311
0.258586
0.301278
0.424992
0.0857402
0.398397
0.212365
0.257186
0.177618
0.336906
0.449331
0.20849
0.312005
0.359955
0.215317
0.345854
0.0829928
0.265561
0.100871
0.104905
0.222538
0.388306
0.237583
0.185399
0.191229
0.205125
0.193573
0.16436
0.127495
0.32233
0.101235
0.069884
0.155368
0.198563
0.214296
0.272991
0.0741795
0.261349
0.297457
0.227107
0.362311
0.360251
0.265038
0.282861
0.45874
