0.192014
0.174256
0.258762
0.089782
0.31625
0.103787
0.354096
0.303425
0.118464
0.182865
0.420372
0.102625
0.221101
0.14315
0.205555
0.259946
0.236523
0.344529
0.0692363
0.546572
0.256756
0.212859
0.205684
0.0844397
0.111201
0.260867
0.114528
0.366441
0.0792303
0.172844
0.289722
0.180969
0.191581
0.154855
0.49472
0.350086
0.475376
0.323492
0.117428
0.160472
0.0968527
0.184319
0.37163
0.281746
0.197752
0.202269
0.204243
0.416079
0.0974283
0.491928
0.318679
0.174772
0.109601
0.268829
0.217341
0.158891
0.225141
0.25359
0.238582
0.381737
0.218319
0.102999
0.261054
0.160585
0.164792
0.193189
0.34712
0.141873
0.321496
0.225973
0.155831
0.137229
0.0844149
0.21945
0.307055
0.12924
0.271209
0.229564
0.1624
0.142134
0.0942158
0.302697
0.141484
0.313066
0.266376
0.111152
0.306672
0.303376
0.374165
0.194043
0.207559
0.22676
0.147629
0.29679
0.225778
0.149155
0.289369
0.130226
0.33706
0.287766
