0.152891
0.246842
0.16988
0.217196
0.151302
0.343437
0.286744
0.227952
0.551396
0.193082
0.123987
0.333655
0.224044
0.160944
0.159797
0.306138
0.295214
0.187873
0.380396
0.145892
0.443376
0.171705
0.319301
0.123851
0.202144
0.156561
0.44843
0.112242
0.22883
0.128825
0.315707
0.106117
0.0911093
0.268822
0.385429
0.286403
0.140871
0.21031
0.255703
0.293295
0.290932
0.250938
0.313434
0.163168
0.247032
0.308803
0.237881
0.125914
0.473833
0.279346
0.163766
0.241186
0.268264
0.218981
0.297906
0.32965
0.308854
0.261614
0.100732
0.167798
0.332549
0.190959
0.317086
0.123767
0.16219
0.117754
0.260878
0.19076
0.263552
0.214554
0.251587
0.148019
0.366144
0.143384
0.174572
0.131027
0.283709
0.157415
0.102733
0.153181
0.282509
0.154418
0.275685
0.206564
0.232392
0.150912
0.176963
0.301872
0.17865
0.308148
0.0946619
0.276855
0.171684
0.127561
0.39488
0.0758368
0.117087
0.356312
0.405802
0.170255
