0.162592
0.0767326
0.230118
0.169044
0.228874
0.043956
0.419387
0.0274455
0.18832
0.251917
0.294947
0.123527
0.190722
0.489327
0.134182
0.290454
0.205622
0.167297
0.217873
0.400956
0.0918448
0.165718
0.15891
0.231761
0.284595
0.100924
0.116812
0.349731
0.279548
0.50834
0.263996
0.0885502
0.269761
0.218368
0.191901
0.258005
0.0357023
0.149703
0.385048
0.232108
0.322638
0.287453
0.196682
0.141606
0.364642
0.172288
0.286575
0.102054
0.406425
0.37916
0.286043
0.296385
0.289153
0.270287
0.23882
0.0662932
0.181375
0.27685
0.190796
0.199873
0.250111
0.171263
0.470256
0.263785
0.323816
0.323255
0.207111
0.312406
0.253022
0.165521
0.322961
0.226447
0.191745
0.147797
0.372894
0.0823894
0.341804
0.167451
0.108944
0.184405
0.394343
0.206825
0.114079
0.10065
0.244353
0.114551
0.0870997
0.231597
0.293437
0.292299
0.227645
0.236598
0.248244
0.263757
0.22797
0.140716
0.247473
0.311044
0.241425
0.172068
