0.284291
0.24568
0.331588
0.309096
0.146388
0.194449
0.208952
0.347116
0.295357
0.160918
0.387005
0.165066
0.383071
0.259398
0.107704
0.221426
0.265729
0.156776
0.136575
0.149236
0.182793
0.209228
0.253145
0.333455
0.332131
0.230837
0.308316
0.161624
0.244696
0.344189
0.220598
0.32606
0.406168
0.303333
0.272493
0.138614
0.203999
0.367117
0.220805
0.271725
0.401907
0.340826
0.197485
0.153756
0.117853
0.301794
0.145283
0.145464
0.0551837
0.0796233
0.0994218
0.178419
0.383776
0.215855
0.240204
0.171782
0.171198
0.158343
0.137682
0.33282
0.183967
0.05939
0.0453885
0.341733
0.386845
0.158747
0.164823
0.404287
0.236762
0.0678908
0.125333
0.283968
0.41981
0.145994
0.314121
0.347737
0.0688683
0.15443
0.215788
0.233177
0.211554
0.214683
0.121166
0.174142
0.410972
0.389565
0.305322
0.231045
0.129561
0.164789
0.207828
0.222895
0.107864
0.367035
0.0548996
0.207965
0.303419
0.265715
0.0979957
0.353526
