0.179177
0.0877798
0.153024
0.213631
0.223529
0.212662
0.08024
0.150967
0.282229
0.232107
0.200178
0.172799
0.134604
0.234049
0.124792
0.0902478
0.209359
0.190407
0.308748
0.318972
0.164718
0.153861
0.350589
0.130852
0.24203
0.393331
0.222186
0.248998
0.425644
0.0935521
0.28062
0.380313
0.280928
0.228019
0.349872
0.266748
0.240533
0.183769
0.338404
0.179464
0.0835288
0.239685
0.283877
0.225648
0.223041
0.051187
0.530067
0.357188
0.219004
0.347555
0.222153
0.201808
0.407043
0.311694
0.0624476
0.193436
0.243111
0.160821
0.120523
0.260128
0.21792
0.220495
0.175941
0.148414
0.270499
0.326546
0.163951
0.273211
0.215067
0.246421
0.340424
0.267801
0.298075
0.25172
0.26467
0.299999
0.271831
0.475547
0.435796
0.226252
0.278046
0.137774
0.184169
0.299388
0.213073
0.282382
0.278
0.202554
0.24247
0.321177
0.202728
0.056363
0.261764
0.161701
0.162413
0.197269
0.190136
0.16433
0.22084
0.202592
