0.333825
0.100483
0.225273
0.141413
0.266895
0.27339
0.381775
0.255568
0.372815
0.214888
0.202727
0.168683
0.156596
0.315169
0.377281
0.115359
0.191813
0.186854
0.166303
0.147366
0.385265
0.204459
0.382563
0.127911
0.219016
0.171951
0.205157
0.127451
0.286516
0.247145
0.367137
0.230587
0.215438
0.209671
0.243435
0.133585
0.112984
0.101275
0.126292
0.227496
0.3645
0.355537
0.127091
0.228522
0.346734
0.167407
0.18735
0.254269
0.117096
0.162266
0.31043
0.221512
0.217621
0.316742
0.240537
0.115313
0.258586
0.121553
0.178236
0.310302
0.377347
0.193477
0.246277
0.177618
0.238724
0.364151
0.219847
0.293877
0.44783
0.224395
0.176799
0.184717
0.216441
0.226651
0.233182
0.243958
0.232204
0.169668
0.214238
0.407165
0.0665003
0.26328
0.306011
0.127495
0.272524
0.319057
0.203688
0.398881
0.14769
0.158607
0.138604
0.315799
0.306691
0.315881
0.30125
0.440436
0.213459
0.115878
0.178999
0.250307
