0.405774
0.260375
0.184935
0.289407
0.263468
0.149741
0.35098
0.514285
0.154694
0.259053
0.101333
0.132839
0.141233
0.309156
0.0547139
0.115129
0.307622
0.275024
0.325412
0.282407
0.186826
0.183719
0.125553
0.225872
0.170487
0.139277
0.268052
0.133796
0.0868655
0.277423
0.190522
0.262843
0.215877
0.287804
0.170517
0.367331
0.194278
0.289784
0.232428
0.120999
0.165016
0.274444
0.173516
0.153508
0.283654
0.243217
0.329165
0.25877
0.264828
0.299692
0.435799
0.246077
0.131193
0.316877
0.327692
0.225472
0.141371
0.148143
0.413166
0.277581
0.0890585
0.300752
0.181098
0.311501
0.304071
0.271585
0.221165
0.262916
0.23115
0.157209
0.250585
0.207659
0.13984
0.261122
0.287405
0.387474
0.0929794
0.137716
0.277641
0.180499
0.180214
0.605579
0.125543
0.250948
0.316512
0.332267
0.199311
0.253034
0.192851
0.17716
0.315861
0.203386
0.0967371
0.237313
0.0365818
0.259605
0.174351
0.0374201
0.0395667
0.308098
