0.206884
0.149299
0.195674
0.327201
0.263271
0.202737
0.296799
0.114689
0.232931
0.134619
0.176878
0.204609
0.257862
0.316699
0.314797
0.301959
0.363312
0.124251
0.200901
0.0831048
0.288953
0.214833
0.184707
0.0695083
0.425998
0.18591
0.209874
0.290677
0.235799
0.266035
0.309737
0.19083
0.240228
0.104556
0.33652
0.122518
0.230342
0.143643
0.346966
0.168714
0.159883
0.459747
0.292453
0.203908
0.255955
0.164954
0.236194
0.295659
0.270892
0.21194
0.227965
0.196181
0.178175
0.24414
0.434105
0.188304
0.308959
0.312332
0.2119
0.377609
0.131169
0.163736
0.16662
0.318891
0.181861
0.367214
0.240889
0.312952
0.353856
0.31801
0.1982
0.244536
0.353693
0.0973089
0.266853
0.318401
0.0939348
0.261963
0.324273
0.414589
0.316627
0.0807817
0.0552046
0.182319
0.0983967
0.0717903
0.237618
0.149939
0.315767
0.11554
0.0816173
0.200037
0.181053
0.311833
0.241584
0.181895
0.185156
0.316756
0.361925
0.258293
