0.188579
0.0807111
0.0939854
0.263198
0.267036
0.154578
0.253697
0.224773
0.337805
0.309311
0.267457
0.347915
0.266288
0.189126
0.103854
0.192678
0.170022
0.399374
0.227568
0.282679
0.31651
0.206164
0.3919
0.234716
0.32587
0.278417
0.289304
0.203257
0.0867229
0.236636
0.0724171
0.157274
0.236167
0.213515
0.525898
0.294938
0.176897
0.250308
0.274143
0.213867
0.114728
0.140708
0.232412
0.277606
0.141538
0.271663
0.44694
0.288217
0.246786
0.274497
0.39514
0.26817
0.145635
0.265338
0.300429
0.245539
0.115049
0.141907
0.178946
0.0900934
0.123269
0.255228
0.124646
0.3869
0.16707
0.384128
0.221165
0.312392
0.124456
0.19558
0.239303
0.149838
0.122297
0.1751
0.0920701
0.472511
0.0642852
0.137716
0.27049
0.224877
0.17239
0.378978
0.0985548
0.389332
0.333723
0.205336
0.195476
0.282323
0.1321
0.255347
0.315821
0.348978
0.175474
0.242227
0.187543
0.101509
0.136412
0.188764
0.314096
0.255688
