0.410935
0.28738
0.179425
0.225684
0.122454
0.486928
0.18936
0.250321
0.40483
0.232345
0.211173
0.330338
0.26578
0.256841
0.138398
0.300145
0.268294
0.214586
0.0789728
0.256959
0.239762
0.270703
0.283635
0.310258
0.212629
0.263998
0.199538
0.0900438
0.116913
0.0908787
0.40425
0.233596
0.162722
0.104981
0.226902
0.309822
0.106386
0.423631
0.399861
0.125866
0.0442329
0.151392
0.321165
0.109276
0.195877
0.129616
0.286638
0.269048
0.122732
0.206798
0.182601
0.0911622
0.305507
0.373061
0.290448
0.226499
0.372938
0.314785
0.100423
0.281693
0.216943
0.258475
0.247427
0.125865
0.180139
0.143678
0.078197
0.164068
0.0356897
0.0673656
0.247482
0.155603
0.395682
0.278464
0.305301
0.232649
0.371759
0.187406
0.0943905
0.374693
0.413702
0.0625089
0.304085
0.38152
0.0864534
0.1646
0.293174
0.130124
0.200869
0.192343
0.144057
0.25833
0.353815
0.0609119
0.272041
0.0758368
0.341235
0.226829
0.245942
0.354445
