0.270343
0.0770773
0.246273
0.282839
0.238078
0.245355
0.291173
0.138426
0.208421
0.288115
0.160511
0.241587
0.165138
0.273241
0.141745
0.174036
0.0253651
0.26077
0.174168
0.443896
0.247596
0.122884
0.257994
0.197488
0.22877
0.282498
0.536761
0.312889
0.18298
0.347843
0.0784027
0.203557
0.184378
0.242242
0.343113
0.348357
0.427904
0.114282
0.222799
0.311792
0.0847257
0.13491
0.166625
0.137725
0.281274
0.341339
0.293039
0.139702
0.307139
0.072965
0.10038
0.294765
0.316814
0.263292
0.0923583
0.205449
0.100295
0.171319
0.370447
0.245939
0.225798
0.351515
0.293623
0.138038
0.18041
0.166336
0.262617
0.196604
0.251805
0.300532
0.177567
0.158606
0.27072
0.226577
0.243812
0.129552
0.301154
0.280354
0.427848
0.294656
0.25362
0.235156
0.137102
0.246754
0.292731
0.26305
0.079528
0.11427
0.237502
0.343295
0.19722
0.130344
0.310995
0.216391
0.0829384
0.36657
0.123553
0.208562
0.315296
0.448949
