0.160975
0.228649
0.100419
0.372751
0.241341
0.311436
0.425233
0.221847
0.219446
0.380372
0.234446
0.368622
0.138107
0.357012
0.176642
0.20257
0.150121
0.0649237
0.173809
0.178848
0.211217
0.178532
0.420496
0.0731155
0.13786
0.221689
0.284667
0.142167
0.218852
0.196058
0.0984583
0.251784
0.292032
0.117444
0.0407811
0.252444
0.299334
0.102437
0.235214
0.0986777
0.254545
0.22745
0.488246
0.150932
0.204873
0.122005
0.197569
0.0973684
0.240451
0.200233
0.249675
0.259016
0.198995
0.220379
0.0632803
0.216203
0.0402478
0.228283
0.204882
0.306219
0.205658
0.259607
0.2084
0.118442
0.164689
0.270703
0.0764438
0.168415
0.297723
0.310669
0.243714
0.202218
0.317014
0.206548
0.247581
0.517907
0.124787
0.388528
0.249852
0.317715
0.369028
0.265859
0.201757
0.283094
0.170304
0.30895
0.301911
0.17235
0.421476
0.300874
0.142092
0.283199
0.220897
0.208945
0.298717
0.262744
0.312049
0.187784
0.309453
0.423947
