0.292441
0.0961639
0.10431
0.103568
0.455639
0.177965
0.259045
0.215862
0.236757
0.264889
0.220981
0.189168
0.341992
0.212645
0.231633
0.201109
0.209365
0.201988
0.381519
0.160294
0.244972
0.292042
0.357258
0.301916
0.192015
0.378401
0.25437
0.453673
0.373154
0.15578
0.287024
0.38198
0.102644
0.199909
0.110188
0.201939
0.234419
0.307017
0.272185
0.186863
0.166688
0.354654
0.0827537
0.353767
0.35361
0.172607
0.323102
0.101218
0.190973
0.379293
0.203967
0.340601
0.149891
0.0722581
0.187662
0.539164
0.248462
0.0710305
0.121371
0.250464
0.143385
0.224287
0.230613
0.181798
0.386648
0.172467
0.226728
0.177076
0.220379
0.0867252
0.254733
0.213738
0.0736634
0.155799
0.213994
0.243165
0.304455
0.165376
0.153484
0.0664131
0.315433
0.343914
0.289349
0.135552
0.178893
0.20021
0.272324
0.282842
0.340109
0.271997
0.127314
0.293344
0.177468
0.158218
0.336227
0.274404
0.111807
0.237101
0.236201
0.15135
