0.252705
0.0807111
0.214546
0.256586
0.293954
0.120369
0.383054
0.392256
0.139747
0.196611
0.255588
0.112464
0.270041
0.335145
0.291503
0.208101
0.15468
0.176072
0.0835422
0.480105
0.216602
0.1856
0.230296
0.306528
0.0534868
0.252559
0.0772377
0.336474
0.241135
0.275726
0.266529
0.172438
0.146164
0.210985
0.19053
0.224785
0.410026
0.2372
0.194897
0.255667
0.280337
0.277177
0.28248
0.229743
0.253796
0.187156
0.309002
0.0613418
0.192239
0.109319
0.175213
0.313329
0.349079
0.175387
0.0995299
0.175617
0.305154
0.192822
0.082175
0.158267
0.0677995
0.115798
0.151707
0.233134
0.255466
0.0590684
0.266939
0.269234
0.297758
0.329828
0.219106
0.402746
0.23585
0.15628
0.221317
0.186588
0.403472
0.25357
0.213132
0.474651
0.17166
0.163576
0.404338
0.126319
0.307772
0.271586
0.213206
0.172027
0.330726
0.337315
0.166063
0.265969
0.143248
0.123631
0.28312
0.367024
0.0631429
0.293034
0.172309
0.476035
