0.317719
0.105594
0.290119
0.220752
0.205877
0.238815
0.172463
0.314495
0.239941
0.235164
0.136505
0.140628
0.273585
0.214222
0.123521
0.240921
0.246024
0.184511
0.312938
0.229771
0.0642798
0.209929
0.138092
0.254759
0.262909
0.176718
0.232468
0.034585
0.264311
0.265658
0.340614
0.181301
0.143095
0.258504
0.238544
0.401196
0.203941
0.394798
0.14669
0.184985
0.178202
0.127148
0.0648776
0.314582
0.241701
0.218156
0.212489
0.148457
0.113874
0.336208
0.329975
0.356061
0.264548
0.360195
0.0670014
0.484584
0.229815
0.213922
0.465485
0.134504
0.432857
0.217116
0.255733
0.123297
0.17948
0.273836
0.335498
0.228542
0.068409
0.240676
0.381753
0.122375
0.250059
0.112326
0.133282
0.292443
0.244543
0.139463
0.117019
0.127032
0.380541
0.292694
0.362234
0.204269
0.0547892
0.283227
0.348529
0.420545
0.397276
0.290715
0.191992
0.26982
0.165444
0.159707
0.176414
0.305636
0.132928
0.266395
0.131855
0.272388
