0.316234
0.126027
0.159849
0.200265
0.0759694
0.481426
0.302713
0.16216
0.269187
0.163592
0.201527
0.222909
0.492417
0.108153
0.351507
0.166333
0.0749976
0.324144
0.345591
0.332523
0.308289
0.334723
0.183885
0.326756
0.101441
0.16657
0.180231
0.104231
0.183358
0.204336
0.237453
0.52026
0.11249
0.291962
0.181304
0.0942063
0.264969
0.269824
0.337938
0.22455
0.228331
0.228146
0.203205
0.285351
0.120056
0.287579
0.166816
0.125895
0.347382
0.0898178
0.356915
0.326129
0.141202
0.316379
0.248974
0.145153
0.134626
0.258929
0.13369
0.138551
0.271047
0.26454
0.448137
0.146141
0.244241
0.387684
0.341876
0.0739647
0.422811
0.259186
0.277721
0.224737
0.272332
0.24081
0.157266
0.141496
0.120244
0.0858901
0.155092
0.224139
0.23849
0.358924
0.300155
0.141407
0.229686
0.181247
0.16715
0.135477
0.142336
0.220391
0.279655
0.259062
0.278484
0.250756
0.0700128
0.280446
0.131249
0.322107
0.224984
0.247217
