0.394658
0.200473
0.262388
0.14721
0.242592
0.135814
0.338308
0.113895
0.152675
0.195513
0.371771
0.105875
0.223327
0.250965
0.255344
0.119656
0.192029
0.271997
0.326846
0.226934
0.304716
0.380346
0.192124
0.122075
0.195455
0.159697
0.303526
0.228939
0.0523783
0.177955
0.350471
0.359106
0.30368
0.259343
0.289895
0.0968841
0.0539085
0.408688
0.173747
0.451768
0.083606
0.0168476
0.109108
0.12957
0.305215
0.202485
0.219166
0.255027
0.276965
0.346349
0.0471284
0.433926
0.192207
0.166871
0.19866
0.307393
0.44482
0.194287
0.097467
0.218363
0.0925158
0.179195
0.569712
0.0856841
0.382794
0.212095
0.176148
0.121894
0.236662
0.338241
0.266422
0.127588
0.125439
0.236394
0.286133
0.130553
0.333768
0.307346
0.363565
0.114776
0.0633383
0.0471459
0.0725164
0.225368
0.404546
0.154359
0.147038
0.449192
0.2439
0.195357
0.359264
0.0722805
0.115223
0.333904
0.26969
0.104284
0.267727
0.155055
0.250065
0.149464
