0.273328
0.278359
0.285847
0.23031
0.250345
0.182714
0.145964
0.225665
0.288042
0.164134
0.0954267
0.156687
0.19548
0.2816
0.436812
0.196426
0.398717
0.131675
0.128104
0.315444
0.29685
0.111188
0.286172
0.180295
0.430614
0.344382
0.349464
0.250525
0.162633
0.283223
0.318773
0.220814
0.0639129
0.212536
0.0721013
0.199441
0.15608
0.329575
0.0949379
0.114257
0.251725
0.14387
0.20672
0.130621
0.362945
0.269342
0.205878
0.399589
0.314393
0.130882
0.0755461
0.143578
0.312457
0.259552
0.329601
0.0648948
0.34426
0.156044
0.269535
0.302721
0.222348
0.146484
0.327708
0.132147
0.271079
0.294191
0.0665171
0.283337
0.116597
0.402026
0.195874
0.232788
0.219305
0.228012
0.242606
0.118575
0.243612
0.327814
0.242376
0.107315
0.434878
0.306269
0.128774
0.216206
0.107715
0.264741
0.295598
0.490727
0.28925
0.238169
0.281079
0.381177
0.23585
0.232291
0.223496
0.152793
0.161963
0.108446
0.127839
0.219313
