0.306271
0.257284
0.228577
0.352436
0.3113
0.16731
0.254149
0.194268
0.125443
0.086781
0.292609
0.0880379
0.261271
0.337813
0.23779
0.354938
0.344534
0.034472
0.16823
0.391557
0.0791356
0.249273
0.121977
0.258164
0.273389
0.449051
0.33022
0.218045
0.365533
0.231392
0.219429
0.293897
0.136125
0.198647
0.310476
0.151926
0.263985
0.157562
0.283739
0.318835
0.190277
0.357628
0.398428
0.317909
0.291478
0.464998
0.155562
0.146168
0.129835
0.237562
0.12233
0.185839
0.331261
0.112986
0.204697
0.529494
0.154853
0.249908
0.069817
0.0536627
0.253215
0.272932
0.217419
0.154496
0.224411
0.137431
0.141256
0.107636
0.391936
0.149213
0.0865659
0.161295
0.106692
0.288196
0.165283
0.197897
0.294221
0.163738
0.135775
0.278077
0.29765
0.439629
0.102188
0.15436
0.365465
0.227795
0.195756
0.130123
0.174486
0.167067
0.179198
0.237286
0.353647
0.383354
0.280279
0.145178
0.270749
0.20817
0.128585
0.116983
