0.277119
0.422285
0.113082
0.211524
0.289529
0.305267
0.167847
0.224214
0.283973
0.316658
0.242514
0.376929
0.282295
0.272747
0.360363
0.194206
0.131541
0.178054
0.168715
0.253589
0.139385
0.322487
0.237577
0.233734
0.0853992
0.289798
0.206394
0.0934312
0.174232
0.250642
0.0912433
0.263817
0.131986
0.139582
0.173174
0.238054
0.474689
0.347629
0.159307
0.375831
0.246572
0.218832
0.252655
0.108009
0.191029
0.216768
0.229665
0.45943
0.236944
0.245656
0.15164
0.246205
0.200018
0.299076
0.155413
0.254255
0.244039
0.506563
0.198954
0.155789
0.267912
0.130319
0.237366
0.362876
0.126837
0.180852
0.136752
0.144086
0.333222
0.264957
0.233706
0.207764
0.0887808
0.348479
0.0939991
0.207388
0.498069
0.184466
0.284598
0.153331
0.175916
0.276684
0.186795
0.18266
0.315661
0.132472
0.262432
0.145038
0.184396
0.263071
0.166053
0.478306
0.22169
0.167095
0.280149
0.164029
0.208364
0.208113
0.292381
0.115361
