0.195403
0.261428
0.31529
0.383084
0.139281
0.222114
0.353431
0.339636
0.251359
0.119054
0.0677892
0.357819
0.129547
0.463973
0.234829
0.261212
0.366429
0.253685
0.379193
0.100068
0.150663
0.224921
0.319997
0.107248
0.137703
0.241548
0.193841
0.160422
0.187459
0.261548
0.291622
0.206004
0.147394
0.0901754
0.361227
0.155137
0.21894
0.297497
0.320604
0.14562
0.262123
0.0987472
0.281772
0.190364
0.192724
0.082868
0.240279
0.169305
0.137517
0.235438
0.217599
0.178151
0.218825
0.28327
0.0822781
0.0725246
0.368818
0.147643
0.294785
0.115263
0.223044
0.291998
0.0789683
0.116325
0.181501
0.360789
0.167815
0.125115
0.178698
0.15156
0.296073
0.168405
0.280756
0.309499
0.284785
0.144649
0.246915
0.223653
0.192229
0.209599
0.238667
0.21538
0.121321
0.218242
0.219512
0.369831
0.212842
0.263736
0.205499
0.237289
0.329131
0.233745
0.572206
0.393612
0.347244
0.25821
0.0716044
0.480924
0.302008
0.255576
