0.199303
0.0741246
0.123531
0.377818
0.206681
0.121228
0.309139
0.180282
0.441276
0.287658
0.274715
0.227185
0.334398
0.19543
0.179954
0.173699
0.206414
0.22628
0.193534
0.364342
0.0951254
0.387425
0.439573
0.104225
0.237421
0.201834
0.0547971
0.342528
0.101026
0.257296
0.1546
0.215398
0.291271
0.206385
0.233369
0.367409
0.181479
0.30811
0.204751
0.28991
0.160953
0.177101
0.353578
0.224975
0.18505
0.453166
0.15115
0.169264
0.218572
0.456112
0.300907
0.14824
0.193067
0.296781
0.154434
0.400832
0.217606
0.293579
0.25361
0.27471
0.178449
0.192125
0.244433
0.24762
0.206404
0.218867
0.206246
0.373203
0.185656
0.247332
0.0925479
0.122857
0.42998
0.199156
0.346349
0.1025
0.274285
0.170587
0.165636
0.05928
0.368941
0.156057
0.264791
0.229749
0.224745
0.43808
0.233195
0.338286
0.0987145
0.331787
0.32079
0.137148
0.215954
0.142233
0.237842
0.16199
0.141346
0.0762769
0.117057
0.0973426
