0.123623
0.161625
0.178445
0.312162
0.315549
0.043956
0.319007
0.0274455
0.29124
0.231354
0.388753
0.335821
0.259106
0.493806
0.343135
0.256446
0.216107
0.269032
0.331888
0.0939718
0.291067
0.27391
0.0369709
0.0384613
0.264794
0.277807
0.141864
0.227135
0.238154
0.441472
0.263996
0.276125
0.265259
0.299289
0.169237
0.178173
0.228685
0.174833
0.309542
0.0534024
0.218323
0.451034
0.178676
0.277719
0.447832
0.172288
0.133548
0.0897706
0.101582
0.281119
0.216754
0.20737
0.232709
0.300907
0.280697
0.176306
0.302835
0.266191
0.404508
0.199873
0.359175
0.171263
0.220478
0.197759
0.173051
0.236508
0.361456
0.229135
0.259785
0.261707
0.299323
0.132206
0.19454
0.240909
0.161709
0.137431
0.372774
0.212487
0.224456
0.136264
0.139901
0.143988
0.269916
0.10065
0.244353
0.262381
0.186907
0.231597
0.326977
0.254376
0.12117
0.412157
0.327041
0.180501
0.0485771
0.203749
0.198668
0.14809
0.190868
0.114885
