0.214289
0.338051
0.210052
0.225193
0.258686
0.409404
0.322901
0.124614
0.182006
0.19645
0.190426
0.109688
0.160844
0.111067
0.322976
0.274228
0.139457
0.279371
0.210717
0.430294
0.17574
0.207417
0.0735614
0.296479
0.366562
0.264833
0.197381
0.15663
0.303841
0.304653
0.121295
0.168342
0.187809
0.172793
0.380444
0.104572
0.131506
0.3134
0.501566
0.227885
0.0670448
0.293487
0.155216
0.117971
0.250805
0.128559
0.281924
0.246359
0.432533
0.207846
0.350104
0.0900372
0.17852
0.0954588
0.124506
0.0835816
0.147855
0.0802945
0.156025
0.236344
0.210808
0.138395
0.183762
0.408321
0.153315
0.441638
0.223276
0.210652
0.376162
0.161258
0.182216
0.29933
0.176664
0.313759
0.369686
0.238975
0.468558
0.228972
0.238958
0.272641
0.264528
0.347925
0.10595
0.233158
0.23063
0.365363
0.141744
0.370456
0.224392
0.0984817
0.172566
0.288993
0.191972
0.274266
0.203015
0.249048
0.368675
0.099532
0.171327
0.181621
