0.0967909
0.486117
0.131612
0.106199
0.078557
0.177953
0.182522
0.214515
0.342226
0.120256
0.333926
0.248441
0.481014
0.315724
0.241521
0.289378
0.306252
0.124221
0.149823
0.351284
0.212004
0.275273
0.153264
0.169516
0.307878
0.316206
0.14122
0.432464
0.315806
0.149914
0.25147
0.278506
0.303464
0.0783309
0.23124
0.050402
0.23942
0.0730448
0.0548515
0.233063
0.172722
0.113662
0.254955
0.142913
0.285537
0.231313
0.319378
0.449793
0.442846
0.0999396
0.11076
0.142958
0.20476
0.414149
0.280273
0.144928
0.280044
0.212628
0.378039
0.337942
0.238684
0.155535
0.259638
0.119409
0.242479
0.36565
0.144775
0.360808
0.418523
0.2678
0.319096
0.202793
0.110368
0.154383
0.226673
0.120833
0.274586
0.132178
0.124032
0.29058
0.398713
0.233224
0.284683
0.22859
0.271304
0.191032
0.0961037
0.108628
0.0946266
0.274943
0.198731
0.204718
0.269705
0.211471
0.123733
0.253265
0.289964
0.187872
0.0850635
0.235103
