0.387657
0.195957
0.193377
0.289317
0.182017
0.275556
0.258238
0.1905
0.186198
0.136129
0.0872042
0.187991
0.205726
0.145649
0.235741
0.126996
0.169158
0.259869
0.220078
0.414622
0.270191
0.564769
0.23173
0.333401
0.289371
0.251065
0.332989
0.168652
0.14625
0.29707
0.112906
0.244271
0.192288
0.371164
0.207668
0.172094
0.232763
0.284361
0.125918
0.137838
0.223507
0.311933
0.362637
0.117341
0.129514
0.151647
0.299863
0.244475
0.232995
0.194648
0.391155
0.149627
0.0361295
0.229443
0.189188
0.42979
0.215307
0.240968
0.118545
0.263396
0.421032
0.222003
0.214862
0.184943
0.0929019
0.145276
0.0978393
0.316014
0.203243
0.196157
0.0804422
0.15982
0.398093
0.447729
0.324353
0.208851
0.345038
0.24585
0.131919
0.271518
0.100652
0.248743
0.220372
0.080025
0.311161
0.197004
0.224427
0.0695946
0.141178
0.161394
0.215663
0.360703
0.36494
0.199195
0.0951956
0.29714
0.406956
0.368755
0.201113
0.192756
