0.358219
0.246508
0.32155
0.225342
0.312069
0.306852
0.321351
0.188346
0.246179
0.0954161
0.171639
0.205756
0.0721788
0.0712977
0.161331
0.242853
0.201444
0.144305
0.171678
0.183515
0.0532295
0.181787
0.0850342
0.172245
0.457532
0.210766
0.271964
0.0868345
0.401846
0.346093
0.350074
0.295456
0.163928
0.402545
0.244114
0.0738787
0.362499
0.52377
0.303119
0.192153
0.269136
0.0776319
0.182076
0.370551
0.38688
0.205894
0.17196
0.0518942
0.419018
0.116283
0.307038
0.14585
0.130377
0.252361
0.210902
0.185637
0.446851
0.170175
0.267046
0.0704251
0.179673
0.160844
0.230543
0.318612
0.276615
0.327923
0.218151
0.144986
0.263261
0.237325
0.148604
0.197944
0.184175
0.222485
0.246196
0.0937507
0.243001
0.140832
0.443167
0.263366
0.155192
0.296469
0.348433
0.205549
0.331451
0.215515
0.135608
0.149642
0.407797
0.312419
0.178994
0.236266
0.171375
0.279708
0.144911
0.11573
0.218492
0.0997645
0.275961
0.18666
