0.27122
0.0889128
0.441906
0.155465
0.0878627
0.305331
0.341555
0.382363
0.257694
0.268237
0.351199
0.181762
0.134248
0.431122
0.102516
0.179131
0.300768
0.154459
0.119933
0.149298
0.205467
0.237802
0.267831
0.167016
0.22521
0.0985968
0.23411
0.174962
0.113941
0.287258
0.294805
0.315388
0.182546
0.232024
0.168709
0.204854
0.375258
0.315691
0.182426
0.176397
0.28838
0.200188
0.146021
0.0753881
0.281312
0.39546
0.230785
0.10193
0.246536
0.567793
0.249401
0.163619
0.181538
0.143669
0.205056
0.169875
0.313505
0.371116
0.264086
0.287563
0.184268
0.34459
0.114499
0.309832
0.195488
0.324935
0.244489
0.165188
0.143352
0.122862
0.300722
0.3006
0.344785
0.444638
0.322031
0.265357
0.0909236
0.120921
0.305784
0.216659
0.20504
0.163477
0.122779
0.138015
0.297734
0.0729292
0.199442
0.269849
0.255036
0.241263
0.409018
0.153326
0.359262
0.234381
0.207724
0.116953
0.21359
0.0607083
0.231183
0.199338
