0.122607
0.226745
0.126893
0.0955071
0.28867
0.172268
0.0905558
0.237733
0.228514
0.266931
0.10651
0.128014
0.25711
0.278051
0.0524964
0.0983626
0.109063
0.146667
0.217278
0.23827
0.135205
0.315061
0.238405
0.383923
0.342813
0.40837
0.34699
0.134204
0.27737
0.275521
0.22998
0.339149
0.203718
0.20964
0.281463
0.0592017
0.277758
0.0804265
0.158023
0.282819
0.180152
0.226714
0.291947
0.16942
0.292668
0.252073
0.0461093
0.264409
0.193324
0.246017
0.296351
0.393157
0.233324
0.22183
0.321836
0.507516
0.128809
0.0323955
0.174826
0.237893
0.0754838
0.22113
0.212421
0.288927
0.175697
0.169879
0.254085
0.271128
0.209601
0.29891
0.216848
0.0924661
0.361314
0.263072
0.30166
0.272915
0.236709
0.22078
0.255277
0.133966
0.262572
0.166684
0.268226
0.177605
0.127873
0.24471
0.122115
0.128528
0.337481
0.336828
0.572109
0.186839
0.406471
0.0695386
0.292864
0.257231
0.294995
0.382518
0.24594
0.386035
