0.166284
0.567127
0.445296
0.23705
0.163492
0.282937
0.213359
0.194329
0.405897
0.212772
0.41094
0.15576
0.25767
0.273335
0.274648
0.310928
0.195377
0.400529
0.353408
0.276566
0.137866
0.245016
0.18312
0.403757
0.274918
0.140401
0.138241
0.288885
0.0848995
0.238927
0.299697
0.400707
0.301403
0.106631
0.221412
0.320944
0.218544
0.252879
0.189533
0.178771
0.350701
0.0636491
0.187392
0.322979
0.162764
0.221132
0.270216
0.18061
0.0667439
0.22288
0.109024
0.0978662
0.119712
0.192186
0.186382
0.177358
0.406534
0.178516
0.0625375
0.34029
0.263528
0.181722
0.195596
0.284645
0.207705
0.138677
0.264877
0.329984
0.255124
0.309522
0.202957
0.256437
0.232366
0.246648
0.118251
0.116842
0.1777
0.190734
0.3651
0.236222
0.39332
0.368581
0.163481
0.238907
0.0715398
0.224283
0.126645
0.176556
0.185665
0.216172
0.243109
0.208935
0.10303
0.235735
0.268254
0.256056
0.136689
0.211141
0.269936
0.170676
