0.185153
0.279055
0.160044
0.174459
0.343798
0.307417
0.140884
0.211315
0.172793
0.400331
0.163826
0.19023
0.166014
0.390976
0.255239
0.166241
0.102339
0.262476
0.0980252
0.259489
0.302647
0.142021
0.190157
0.304927
0.18349
0.188248
0.273708
0.161563
0.110476
0.204461
0.304642
0.202831
0.16888
0.338867
0.130561
0.328339
0.413273
0.16105
0.0929
0.334566
0.508078
0.220997
0.234717
0.120738
0.279147
0.273363
0.294386
0.240138
0.137432
0.0800624
0.162105
0.421793
0.208902
0.331217
0.0707651
0.187662
0.116014
0.299248
0.407069
0.150313
0.0702871
0.0576404
0.25763
0.138344
0.282635
0.0953322
0.166588
0.138446
0.200878
0.106195
0.340608
0.400233
0.0945837
0.488831
0.196994
0.213168
0.191418
0.359119
0.292543
0.151941
0.19824
0.0839416
0.153585
0.31437
0.315067
0.253652
0.250349
0.222647
0.266384
0.265279
0.262049
0.170621
0.517754
0.257036
0.338199
0.187505
0.206258
0.17026
0.378386
0.0584534
