0.223839
0.184835
0.23083
0.159369
0.17615
0.284679
0.236784
0.157296
0.326411
0.200615
0.301356
0.14476
0.235264
0.246282
0.311343
0.223325
0.0754957
0.26751
0.358363
0.116897
0.202968
0.236501
0.371251
0.233202
0.144159
0.286064
0.265917
0.356615
0.384669
0.258968
0.409926
0.200716
0.466004
0.341207
0.0921594
0.162424
0.25966
0.240878
0.372925
0.439472
0.155005
0.223075
0.236319
0.265878
0.234458
0.0751769
0.066303
0.236614
0.405898
0.2087
0.368332
0.270331
0.202525
0.199816
0.246648
0.115795
0.282549
0.268923
0.132212
0.213901
0.209874
0.280005
0.25065
0.207788
0.0523382
0.318105
0.501251
0.225063
0.169141
0.184644
0.264586
0.328868
0.189722
0.244805
0.162543
0.240536
0.106045
0.198211
0.191403
0.069087
0.235762
0.186076
0.226942
0.242091
0.126591
0.243169
0.367154
0.258018
0.0798279
0.143164
0.327077
0.30994
0.291055
0.128259
0.152166
0.190411
0.176901
0.330768
0.160151
0.155547
