0.275842
0.0538639
0.237674
0.359532
0.209109
0.255433
0.304605
0.163036
0.206993
0.137175
0.0867672
0.346833
0.370995
0.232554
0.138565
0.203318
0.110377
0.105113
0.213887
0.368876
0.0814569
0.322903
0.398798
0.291304
0.310315
0.0362514
0.13806
0.26807
0.353037
0.0961489
0.382858
0.3497
0.0882026
0.134717
0.143945
0.116421
0.18071
0.194266
0.248146
0.204496
0.182163
0.170604
0.332697
0.240963
0.241535
0.408015
0.258727
0.296957
0.157153
0.166781
0.128187
0.407478
0.279784
0.262488
0.374878
0.213246
0.172703
0.139734
0.394739
0.261856
0.259415
0.127534
0.0708001
0.168737
0.0433576
0.208893
0.172839
0.368618
0.110855
0.39454
0.149077
0.195156
0.251018
0.266269
0.119015
0.247417
0.405908
0.158744
0.258855
0.4438
0.10981
0.152129
0.248262
0.334271
0.435812
0.0814833
0.217925
0.218498
0.244531
0.29946
0.205396
0.3139
0.264489
0.287928
0.148943
0.329261
0.134195
0.331133
0.169172
0.164557
