0.130988
0.190106
0.280389
0.168591
0.123653
0.268744
0.238679
0.194424
0.0582634
0.254763
0.290657
0.300953
0.345277
0.207671
0.149638
0.230414
0.445656
0.281702
0.366263
0.168486
0.0999533
0.318391
0.207096
0.163128
0.178504
0.195315
0.127279
0.265515
0.109358
0.252345
0.145537
0.161943
0.198652
0.116729
0.179114
0.21691
0.178627
0.256101
0.22206
0.239188
0.223801
0.120978
0.25932
0.142169
0.292062
0.210517
0.291728
0.189706
0.119774
0.113169
0.138779
0.360551
0.263522
0.473999
0.275149
0.0977914
0.163265
0.317168
0.264369
0.502641
0.176253
0.269955
0.22273
0.253658
0.249782
0.284255
0.192776
0.1168
0.207671
0.240661
0.432852
0.270727
0.178581
0.363884
0.257514
0.228763
0.178445
0.385948
0.352146
0.138931
0.28129
0.344884
0.255091
0.262307
0.16537
0.283176
0.244742
0.163135
0.140774
0.239352
0.282151
0.196327
0.218561
0.318989
0.296781
0.382812
0.406341
0.205203
0.213886
0.203354
