0.224545
0.223892
0.162483
0.120611
0.22345
0.110943
0.341538
0.234345
0.23133
0.235573
0.19206
0.188867
0.288607
0.153139
0.227081
0.364291
0.358253
0.118759
0.121738
0.19632
0.405463
0.146548
0.0892543
0.0502843
0.154636
0.263312
0.145287
0.491773
0.317994
0.326961
0.383952
0.262433
0.230217
0.33984
0.267773
0.237505
0.0278165
0.265658
0.161091
0.283697
0.225631
0.213337
0.309252
0.163083
0.270634
0.372741
0.0618698
0.133374
0.151089
0.207955
0.13295
0.286827
0.247332
0.370646
0.371767
0.150587
0.332786
0.0648553
0.321645
0.123328
0.252781
0.139086
0.288866
0.180815
0.265051
0.291362
0.215035
0.22346
0.420426
0.172322
0.327625
0.267937
0.286025
0.169458
0.238055
0.238778
0.264336
0.127217
0.339145
0.320007
0.345383
0.152462
0.0323492
0.251819
0.0539227
0.535419
0.32251
0.201231
0.105972
0.292309
0.348944
0.135135
0.301674
0.193996
0.0699409
0.14039
0.237022
0.141348
0.171313
0.207397
