0.226639
0.0949828
0.246405
0.237589
0.241731
0.0651129
0.305165
0.282379
0.0783119
0.132975
0.121922
0.51253
0.320461
0.264166
0.0921438
0.377398
0.268744
0.148393
0.190768
0.201954
0.274242
0.0690537
0.101319
0.206246
0.250314
0.258124
0.306654
0.247392
0.174512
0.266888
0.24436
0.294735
0.107659
0.272369
0.250693
0.222242
0.105444
0.334952
0.161607
0.197065
0.170211
0.0848223
0.209617
0.366983
0.148001
0.154355
0.519478
0.1783
0.257889
0.177439
0.140882
0.199006
0.260611
0.292168
0.275397
0.189178
0.23375
0.211255
0.219431
0.437783
0.331422
0.25781
0.268363
0.147826
0.269026
0.0738231
0.22214
0.441464
0.2394
0.115242
0.311626
0.191372
0.346715
0.0981404
0.283544
0.153447
0.311368
0.284979
0.241881
0.339733
0.286492
0.12989
0.184519
0.274058
0.275432
0.334179
0.147944
0.404394
0.1359
0.453214
0.174697
0.295578
0.221066
0.230544
0.107942
0.0970435
0.213267
0.335944
0.130267
0.248257
