0.343784
0.188927
0.13774
0.204526
0.354555
0.14021
0.287659
0.176605
0.392757
0.282931
0.157658
0.42451
0.24534
0.188039
0.307575
0.248486
0.262358
0.368373
0.432823
0.151065
0.270973
0.177043
0.147746
0.441681
0.284845
0.26396
0.165599
0.103038
0.133444
0.323544
0.464744
0.216025
0.244085
0.384107
0.046657
0.283709
0.144172
0.276189
0.168656
0.14971
0.175057
0.267991
0.275389
0.316145
0.238465
0.0804329
0.421862
0.211006
0.246784
0.372322
0.129816
0.261754
0.208851
0.223505
0.314828
0.17555
0.455528
0.0639677
0.181312
0.206054
0.14648
0.182234
0.379762
0.122991
0.345969
0.28076
0.296614
0.203393
0.165251
0.264206
0.219142
0.125708
0.211442
0.211894
0.215157
0.106545
0.152204
0.189865
0.0560173
0.18135
0.178876
0.192032
0.394672
0.207963
0.363594
0.226606
0.21193
0.039158
0.160119
0.241016
0.119504
0.287062
0.126377
0.141782
0.183289
0.0950882
0.189904
0.434557
0.134529
0.178719
