0.327394
0.30557
0.275516
0.192602
0.112235
0.207695
0.208974
0.212897
0.111607
0.32559
0.3063
0.351905
0.26609
0.315186
0.108197
0.353304
0.225677
0.149855
0.207657
0.0721092
0.0947466
0.246271
0.259648
0.1481
0.268117
0.183319
0.327774
0.255806
0.238197
0.18
0.0784027
0.134112
0.32277
0.276628
0.34765
0.23713
0.286107
0.348301
0.161192
0.183885
0.153286
0.194208
0.159151
0.130235
0.238825
0.169427
0.279086
0.0738691
0.273046
0.245774
0.351955
0.303206
0.387491
0.416809
0.235007
0.247917
0.219949
0.133075
0.151399
0.28102
0.355101
0.186326
0.190982
0.507354
0.360025
0.276536
0.247918
0.268876
0.147316
0.21608
0.0990326
0.141688
0.219848
0.302014
0.365917
0.127795
0.14761
0.15149
0.293234
0.296483
0.225051
0.143284
0.189534
0.19088
0.351905
0.229724
0.301489
0.296061
0.0851825
0.0924929
0.325321
0.135524
0.272968
0.218435
0.230973
0.396933
0.134852
0.303608
0.233142
0.293503
