0.241194
0.100387
0.415216
0.255707
0.137656
0.0433587
0.330974
0.348239
0.116003
0.220942
0.23404
0.0828931
0.396012
0.308508
0.215417
0.195889
0.0660278
0.259451
0.07207
0.343434
0.259949
0.339681
0.183997
0.181496
0.305401
0.154466
0.225002
0.285224
0.214261
0.231509
0.381002
0.193288
0.179286
0.0411755
0.285044
0.1894
0.226713
0.317414
0.187908
0.222687
0.201013
0.225112
0.208249
0.208276
0.359676
0.287828
0.0727475
0.146477
0.185084
0.195002
0.258102
0.350682
0.243956
0.180438
0.332459
0.151576
0.327486
0.26001
0.025713
0.25578
0.29195
0.234484
0.337639
0.228782
0.317631
0.285101
0.360206
0.338313
0.150853
0.220301
0.331909
0.361576
0.146733
0.235806
0.154481
0.0302219
0.285964
0.296456
0.147854
0.289051
0.317413
0.114752
0.201174
0.261426
0.132463
0.166128
0.263792
0.540316
0.20405
0.169432
0.17901
0.147693
0.119032
0.140457
0.45348
0.183328
0.286698
0.339642
0.239078
0.138376
