0.364103
0.313413
0.279001
0.288157
0.100627
0.256114
0.251241
0.257337
0.311355
0.258577
0.367989
0.132839
0.39268
0.144374
0.173717
0.111691
0.138854
0.401983
0.175837
0.128816
0.104782
0.388486
0.344312
0.0954955
0.243526
0.345468
0.0603364
0.182802
0.314799
0.209158
0.0578501
0.254175
0.257028
0.196749
0.0981856
0.205273
0.253273
0.26783
0.115007
0.303962
0.229882
0.276391
0.539743
0.170037
0.422631
0.201291
0.276087
0.143494
0.395041
0.393099
0.182084
0.239906
0.131193
0.316039
0.201193
0.185817
0.174882
0.118412
0.268325
0.336978
0.0890585
0.275707
0.212337
0.138118
0.273234
0.331829
0.288558
0.259369
0.421021
0.243624
0.286101
0.197657
0.116816
0.228989
0.162845
0.307426
0.0353586
0.216856
0.264997
0.032478
0.0245917
0.377008
0.289422
0.210635
0.211465
0.143623
0.238719
0.183392
0.271915
0.245747
0.110765
0.189884
0.222934
0.251767
0.0365818
0.286673
0.357068
0.137871
0.0735898
0.285632
