0.229442
0.266062
0.0936802
0.208068
0.203382
0.120515
0.069619
0.486067
0.308807
0.309514
0.303277
0.349313
0.236114
0.169269
0.130809
0.307424
0.250307
0.219916
0.318911
0.20583
0.349594
0.287483
0.352591
0.341359
0.30976
0.135896
0.228333
0.133687
0.137702
0.294034
0.148772
0.121638
0.196505
0.276468
0.123186
0.170736
0.204832
0.221837
0.182971
0.206196
0.112188
0.203814
0.302238
0.226063
0.234238
0.402943
0.222446
0.311027
0.224306
0.253895
0.214586
0.254462
0.405095
0.121136
0.240932
0.277678
0.375091
0.287356
0.308228
0.120687
0.0605209
0.369449
0.324224
0.128848
0.265125
0.19677
0.246017
0.307027
0.163035
0.149533
0.176865
0.285757
0.262278
0.150144
0.205624
0.0717687
0.313689
0.164247
0.243478
0.186002
0.222929
0.177108
0.445141
0.112977
0.210684
0.255489
0.182375
0.0638248
0.308025
0.229703
0.237609
0.191968
0.519389
0.134417
0.241297
0.366384
0.303085
0.128408
0.138207
0.237902
