0.327064
0.333378
0.172771
0.291571
0.087138
0.149922
0.109383
0.285007
0.240958
0.250551
0.221828
0.169001
0.165851
0.0739511
0.206134
0.315465
0.228265
0.545514
0.208429
0.128893
0.212461
0.174991
0.2949
0.313656
0.245427
0.190654
0.150842
0.180629
0.18558
0.109128
0.228075
0.311221
0.115804
0.328911
0.146971
0.146593
0.351139
0.306156
0.167991
0.226332
0.445058
0.243549
0.0551482
0.215545
0.264926
0.220884
0.211141
0.187056
0.26139
0.254101
0.284124
0.235594
0.118948
0.122246
0.253242
0.148438
0.298979
0.391942
0.240908
0.176796
0.0962228
0.33437
0.1749
0.247401
0.129962
0.347517
0.201136
0.240337
0.2902
0.292617
0.198787
0.32896
0.276786
0.202679
0.227911
0.235251
0.360381
0.231566
0.103519
0.0788626
0.207507
0.265798
0.230082
0.310071
0.409518
0.256527
0.202374
0.274652
0.242299
0.0992641
0.256604
0.201722
0.39678
0.321545
0.375982
0.090913
0.387008
0.2498
0.145753
0.308978
