0.139108
0.132903
0.196833
0.330382
0.432564
0.264498
0.325688
0.229904
0.120209
0.267604
0.305809
0.147707
0.129107
0.302676
0.391925
0.560046
0.162048
0.24033
0.172252
0.164647
0.136996
0.132082
0.178492
0.284048
0.0703501
0.307091
0.22288
0.156704
0.323484
0.209909
0.14613
0.189517
0.203952
0.333579
0.128826
0.236801
0.197399
0.299385
0.104784
0.150946
0.155155
0.234708
0.0913213
0.235538
0.286556
0.22491
0.103139
0.218064
0.231463
0.389498
0.213727
0.34777
0.059671
0.519388
0.478262
0.310138
0.457606
0.253379
0.0854313
0.162904
0.165159
0.128322
0.185451
0.176655
0.189408
0.209652
0.278878
0.359696
0.217973
0.14316
0.186744
0.0896126
0.3369
0.157498
0.392162
0.233818
0.109017
0.315441
0.358508
0.12942
0.222656
0.29961
0.380289
0.221052
0.0903255
0.100891
0.0565088
0.295658
0.278157
0.106503
0.242448
0.294541
0.173064
0.148524
0.174954
0.347909
0.311832
0.0977672
0.269854
0.183866
