0.214289
0.484153
0.210052
0.225193
0.258686
0.285509
0.322901
0.124614
0.14786
0.19645
0.298787
0.109688
0.31328
0.111067
0.2313
0.290815
0.152785
0.279371
0.210717
0.409116
0.133203
0.207417
0.0735614
0.224848
0.311877
0.34126
0.211609
0.340611
0.303841
0.143317
0.0730755
0.266513
0.187809
0.172793
0.200338
0.127984
0.131506
0.3476
0.318345
0.227885
0.0670448
0.293487
0.155216
0.117971
0.250805
0.128559
0.281924
0.169167
0.0946143
0.207846
0.129932
0.353545
0.17852
0.142087
0.107734
0.0729079
0.297364
0.0802945
0.102952
0.236344
0.288463
0.114191
0.154152
0.580758
0.377445
0.396706
0.240636
0.210652
0.422896
0.161258
0.182216
0.29933
0.176664
0.313759
0.371025
0.238954
0.315311
0.11206
0.327802
0.272641
0.264528
0.347925
0.344698
0.208054
0.151045
0.365363
0.141744
0.371884
0.224392
0.140372
0.340404
0.288993
0.191972
0.274266
0.203015
0.249048
0.137962
0.099532
0.171327
0.181621
