0.149524
0.246508
0.188517
0.191335
0.250909
0.438203
0.247591
0.188346
0.131219
0.133705
0.330492
0.199277
0.1861
0.351509
0.237015
0.242853
0.198097
0.517714
0.282961
0.329195
0.0532295
0.370539
0.0850342
0.252321
0.235423
0.210766
0.200719
0.0868345
0.259732
0.244509
0.196943
0.278681
0.159008
0.402545
0.124519
0.198176
0.171381
0.226071
0.25141
0.348023
0.288256
0.240402
0.159151
0.316812
0.414417
0.169937
0.17196
0.0738691
0.400833
0.450884
0.307038
0.234454
0.187679
0.328063
0.122703
0.185637
0.199211
0.100118
0.15114
0.0704251
0.11789
0.0703821
0.154939
0.318612
0.302437
0.22026
0.239281
0.186478
0.193478
0.192495
0.148604
0.164837
0.26473
0.177969
0.280071
0.13367
0.209994
0.140832
0.449121
0.277821
0.308944
0.358712
0.243662
0.169424
0.331451
0.29903
0.100386
0.256473
0.0702866
0.312419
0.0690209
0.176932
0.0808346
0.385793
0.494503
0.304265
0.248815
0.0754991
0.182701
0.18666
