0.366735
0.105743
0.275499
0.438322
0.305567
0.12265
0.270705
0.156537
0.355521
0.2544
0.214556
0.380173
0.414591
0.129601
0.318542
0.210138
0.377786
0.170644
0.140378
0.277421
0.339411
0.35053
0.228105
0.341562
0.10834
0.343169
0.187645
0.146323
0.203365
0.249722
0.156613
0.081148
0.32271
0.0722722
0.277106
0.264044
0.0788724
0.194679
0.335221
0.141767
0.231443
0.108969
0.372002
0.155226
0.116322
0.302586
0.212959
0.0424354
0.263287
0.28614
0.131506
0.214683
0.330594
0.458649
0.127192
0.240512
0.101761
0.109636
0.276375
0.299048
0.0514521
0.313276
0.312073
0.140509
0.309366
0.222982
0.288864
0.156076
0.248828
0.169537
0.169116
0.314716
0.290094
0.155669
0.347108
0.326494
0.124379
0.119376
0.299799
0.257664
0.400689
0.33002
0.105106
0.220082
0.376958
0.180939
0.246268
0.188281
0.147332
0.256913
0.185485
0.244938
0.111372
0.163209
0.124307
0.326059
0.188151
0.195785
0.176118
0.224371
