0.143285
0.12123
0.25297
0.144298
0.209483
0.33825
0.308825
0.197566
0.237286
0.241153
0.253428
0.210283
0.231717
0.251369
0.128381
0.358042
0.106914
0.20347
0.0893289
0.289496
0.22052
0.27782
0.216068
0.378527
0.117048
0.248336
0.194117
0.146936
0.216997
0.127201
0.0523033
0.204832
0.222372
0.140697
0.224976
0.15587
0.241968
0.331937
0.194734
0.186862
0.272368
0.239246
0.208128
0.170393
0.268457
0.364151
0.234
0.287326
0.446567
0.289476
0.334733
0.0667555
0.220259
0.222419
0.252496
0.39697
0.197977
0.228527
0.487685
0.29888
0.326346
0.0449692
0.258786
0.299645
0.228016
0.322734
0.43789
0.187386
0.331123
0.242086
0.261041
0.217559
0.178737
0.138227
0.348864
0.225732
0.113429
0.243861
0.11671
0.442796
0.195214
0.349735
0.199004
0.179814
0.289249
0.15452
0.175679
0.173798
0.400146
0.0652288
0.1748
0.116705
0.116256
0.294624
0.415241
0.180118
0.37213
0.181268
0.106551
0.213385
