0.312071
0.260419
0.158349
0.323399
0.208957
0.172516
0.208463
0.194528
0.25171
0.176064
0.293136
0.0759735
0.1076
0.153139
0.317693
0.276221
0.177242
0.269976
0.0558654
0.132398
0.306195
0.262233
0.372863
0.221827
0.0964039
0.162044
0.295964
0.0650587
0.152587
0.159859
0.292772
0.0983298
0.261917
0.292664
0.241438
0.226564
0.152075
0.297437
0.191329
0.278438
0.131312
0.347915
0.167141
0.195478
0.228686
0.358614
0.115909
0.257481
0.223768
0.175912
0.354155
0.233545
0.385787
0.184586
0.360552
0.332861
0.321597
0.274519
0.19531
0.0919164
0.161085
0.287854
0.379011
0.231236
0.248357
0.133138
0.541182
0.311776
0.093513
0.310391
0.0807954
0.286215
0.432656
0.0798507
0.168623
0.21412
0.175156
0.27075
0.205423
0.244351
0.348464
0.147473
0.243578
0.0946403
0.603857
0.336758
0.219213
0.20536
0.184971
0.157341
0.13686
0.235837
0.265905
0.18664
0.287908
0.139279
0.303345
0.111223
0.281189
0.207397
