0.208896
0.116984
0.300561
0.30701
0.17858
0.34543
0.125431
0.171815
0.375444
0.0884743
0.113528
0.127222
0.0880096
0.235548
0.268784
0.209736
0.230984
0.238943
0.475626
0.121801
0.186569
0.16143
0.306503
0.215171
0.115629
0.28087
0.169092
0.243964
0.347113
0.226059
0.198284
0.280915
0.317315
0.276741
0.102917
0.16449
0.426333
0.193135
0.271033
0.166391
0.15799
0.26163
0.130845
0.0951253
0.0328724
0.170385
0.237512
0.136362
0.320079
0.133018
0.134413
0.0338818
0.357912
0.212759
0.137912
0.18062
0.145995
0.0763062
0.154836
0.317682
0.17631
0.511279
0.189304
0.240816
0.441888
0.387253
0.248467
0.161594
0.344289
0.148189
0.25336
0.177034
0.24903
0.214382
0.0970278
0.109548
0.0935425
0.267228
0.221259
0.222475
0.489346
0.194114
0.299754
0.209841
0.49396
0.229502
0.113203
0.266846
0.189036
0.177773
0.457894
0.387471
0.269289
0.267499
0.319411
0.262542
0.19366
0.124642
0.273755
0.360524
