0.324663
0.251534
0.101737
0.29862
0.314805
0.153627
0.27093
0.183177
0.0574175
0.184821
0.189734
0.195209
0.255904
0.25255
0.308989
0.202562
0.37849
0.133597
0.184397
0.113131
0.226053
0.363191
0.231153
0.150299
0.105079
0.384631
0.186605
0.221437
0.132962
0.284793
0.336818
0.178713
0.17953
0.249284
0.221557
0.201078
0.141878
0.22295
0.310122
0.345311
0.245973
0.460466
0.265443
0.129676
0.0733984
0.303729
0.204921
0.300239
0.05294
0.493227
0.140096
0.295855
0.193937
0.400687
0.115586
0.167924
0.310736
0.282526
0.388188
0.28086
0.232726
0.29355
0.297275
0.263071
0.258664
0.244642
0.179914
0.211513
0.280459
0.175655
0.191402
0.228896
0.365145
0.180036
0.0787809
0.220621
0.178553
0.152303
0.290944
0.209514
0.119865
0.398251
0.2049
0.407825
0.0675257
0.212611
0.478512
0.194841
0.191137
0.218618
0.25561
0.218885
0.229571
0.0796152
0.128546
0.0597195
0.367171
0.265266
0.214027
0.181662
