0.343578
0.0219403
0.328258
0.200121
0.36362
0.343901
0.13069
0.237143
0.277094
0.0487373
0.149824
0.118651
0.22152
0.124873
0.154827
0.286998
0.125238
0.124047
0.0974448
0.278349
0.200786
0.192351
0.0944767
0.0727073
0.157528
0.471985
0.268576
0.125692
0.0566157
0.263
0.290364
0.332335
0.487553
0.247056
0.197862
0.451964
0.210071
0.325452
0.207714
0.076188
0.321021
0.110257
0.249165
0.0672233
0.389413
0.18206
0.270662
0.333307
0.239727
0.321238
0.119611
0.185637
0.223031
0.156734
0.149664
0.171315
0.171522
0.318481
0.203904
0.223249
0.216454
0.155325
0.161311
0.11014
0.417143
0.41903
0.3051
0.295574
0.164445
0.253606
0.173852
0.0965985
0.26042
0.095883
0.15565
0.379848
0.166204
0.237204
0.192505
0.277261
0.39927
0.354175
0.14889
0.254485
0.0562715
0.528524
0.25199
0.250896
0.258271
0.171793
0.203414
0.406038
0.316246
0.101255
0.244735
0.13118
0.21222
0.322407
0.149399
0.236189
