0.180765
0.372284
0.209529
0.499067
0.205306
0.270415
0.208952
0.212817
0.0940335
0.309552
0.197231
0.172352
0.156132
0.354545
0.14802
0.169848
0.0846812
0.229707
0.217535
0.118806
0.269815
0.290664
0.177563
0.271783
0.329068
0.181191
0.226883
0.254172
0.476914
0.0890517
0.336501
0.137248
0.478049
0.144294
0.29995
0.178246
0.329374
0.28074
0.0911323
0.166204
0.265624
0.26948
0.133459
0.288273
0.317873
0.146036
0.0601319
0.138728
0.256366
0.0796233
0.285399
0.199027
0.224307
0.215855
0.186418
0.303396
0.246776
0.22159
0.184364
0.204868
0.119235
0.251719
0.298109
0.0652554
0.316066
0.150413
0.130207
0.164171
0.293256
0.145196
0.188833
0.275904
0.270076
0.229339
0.418871
0.162087
0.350036
0.160732
0.257707
0.333552
0.227545
0.122315
0.187234
0.253528
0.27039
0.152006
0.42706
0.223777
0.270175
0.404227
0.130082
0.0907369
0.273931
0.42394
0.14822
0.123768
0.388532
0.297128
0.158881
0.300289
