0.280925
0.153048
0.286096
0.21062
0.221874
0.194288
0.0435269
0.136428
0.202827
0.244596
0.167715
0.16271
0.334023
0.386307
0.219882
0.093728
0.31805
0.1484
0.369954
0.235582
0.340718
0.308139
0.197295
0.204514
0.164478
0.352676
0.151538
0.189446
0.287228
0.276147
0.408938
0.330317
0.358652
0.168767
0.149281
0.216395
0.029397
0.259839
0.103186
0.253112
0.243402
0.217514
0.115637
0.193769
0.253298
0.191742
0.275334
0.441965
0.364281
0.158751
0.258696
0.536142
0.239363
0.290465
0.199642
0.297448
0.170131
0.332751
0.257309
0.131431
0.447407
0.191731
0.239929
0.373652
0.332283
0.0295027
0.272914
0.147912
0.107119
0.245554
0.207494
0.194307
0.394477
0.125912
0.265292
0.158091
0.179808
0.289434
0.320409
0.312669
0.187601
0.213404
0.18842
0.386037
0.19405
0.131989
0.276666
0.141535
0.296209
0.136946
0.115098
0.16336
0.158058
0.248794
0.0912276
0.253576
0.124978
0.257185
0.135434
0.287753
