0.234445
0.0865204
0.407997
0.221846
0.206634
0.351488
0.260968
0.197095
0.0184622
0.118016
0.239738
0.207591
0.259106
0.509591
0.261492
0.242379
0.216107
0.194974
0.212585
0.167785
0.239088
0.30416
0.247297
0.118793
0.257628
0.277807
0.378126
0.142851
0.27299
0.16145
0.290768
0.322762
0.229329
0.182819
0.294246
0.178173
0.141592
0.221248
0.191141
0.187351
0.0336149
0.283863
0.181778
0.345557
0.434169
0.222867
0.308049
0.124333
0.274653
0.281119
0.269285
0.329551
0.246051
0.252206
0.260167
0.131924
0.198811
0.252925
0.175952
0.160703
0.351799
0.171263
0.202918
0.271578
0.292973
0.213698
0.239241
0.314384
0.22927
0.146948
0.101519
0.276363
0.411957
0.340528
0.380951
0.0733963
0.314884
0.337509
0.224456
0.151152
0.139901
0.154769
0.417628
0.153688
0.191822
0.087963
0.186907
0.153698
0.259236
0.288962
0.080641
0.252908
0.328932
0.216071
0.114034
0.203749
0.284266
0.344877
0.261651
0.188548
