0.173926
0.110847
0.063462
0.165044
0.23923
0.190582
0.28916
0.45801
0.416667
0.0825816
0.315994
0.176355
0.210584
0.325519
0.156586
0.139395
0.22056
0.117718
0.285201
0.29262
0.205334
0.202789
0.185769
0.253073
0.362683
0.224785
0.128005
0.219579
0.15415
0.251027
0.315834
0.297662
0.0706926
0.164061
0.248011
0.343925
0.250417
0.124317
0.32874
0.233428
0.307566
0.420455
0.277505
0.271607
0.154929
0.172418
0.13943
0.439071
0.384894
0.120641
0.252412
0.13246
0.125598
0.286417
0.173747
0.17471
0.220958
0.29565
0.277895
0.276006
0.274096
0.263196
0.33177
0.202905
0.161077
0.177373
0.28255
0.180322
0.178938
0.36545
0.541332
0.0743099
0.237872
0.174557
0.325985
0.170706
0.165897
0.289327
0.181991
0.138157
0.164311
0.223881
0.138798
0.12699
0.0587298
0.11811
0.318952
0.461792
0.186744
0.244667
0.388249
0.168813
0.38553
0.277448
0.147023
0.100639
0.274171
0.211069
0.22172
0.239406
