0.216988
0.470659
0.132478
0.0813089
0.257926
0.17899
0.06236
0.187792
0.158918
0.085828
0.205782
0.0380208
0.214382
0.14873
0.308653
0.291434
0.0890677
0.192438
0.200455
0.312168
0.254677
0.181072
0.44024
0.255876
0.327629
0.327159
0.346005
0.0563715
0.248349
0.322408
0.109921
0.258218
0.357244
0.228447
0.466603
0.371153
0.348015
0.216567
0.189328
0.390941
0.138814
0.22887
0.306809
0.129808
0.355646
0.208543
0.204427
0.136392
0.182469
0.202054
0.212921
0.257475
0.228825
0.154886
0.116886
0.351022
0.44727
0.0812997
0.255438
0.277246
0.179849
0.200634
0.165803
0.322304
0.229815
0.0932643
0.322856
0.185727
0.2568
0.288803
0.37835
0.236686
0.270685
0.0717892
0.202094
0.482868
0.214506
0.0352576
0.308284
0.12089
0.167767
0.122955
0.218341
0.253843
0.163608
0.329105
0.209011
0.202456
0.340625
0.249612
0.272682
0.26761
0.18634
0.214718
0.323546
0.268911
0.137695
0.11528
0.125723
0.231372
