0.290983
0.135616
0.279613
0.329695
0.387491
0.167448
0.115252
0.126794
0.292691
0.296087
0.227033
0.248897
0.146967
0.229357
0.316926
0.175234
0.198556
0.206589
0.14767
0.208562
0.356002
0.23877
0.383281
0.141806
0.326032
0.218613
0.148211
0.166663
0.186407
0.316946
0.262748
0.112346
0.389237
0.281488
0.288845
0.170124
0.139713
0.186122
0.3284
0.119987
0.382615
0.232966
0.27745
0.169812
0.276672
0.215397
0.159515
0.423205
0.136993
0.211189
0.125386
0.273364
0.250709
0.254404
0.194403
0.0647784
0.182011
0.349142
0.283815
0.0787427
0.175086
0.102661
0.340241
0.384126
0.230112
0.191645
0.336309
0.241084
0.219139
0.251876
0.217477
0.257831
0.12916
0.25362
0.113034
0.325698
0.0700815
0.13022
0.168049
0.12543
0.35818
0.339833
0.177931
0.284038
0.34052
0.262145
0.218306
0.138725
0.14476
0.443883
0.294726
0.382434
0.126044
0.370185
0.344354
0.156123
0.292241
0.231874
0.202572
0.177683
