0.360878
0.226271
0.212364
0.257086
0.264394
0.213843
0.21316
0.17875
0.101451
0.0409521
0.381817
0.148256
0.291917
0.248135
0.191093
0.184549
0.206104
0.120572
0.190718
0.38084
0.149119
0.106892
0.305674
0.244114
0.361283
0.138939
0.266723
0.291267
0.206794
0.263298
0.454221
0.215931
0.277352
0.171543
0.290608
0.263783
0.370289
0.137221
0.178179
0.117493
0.24818
0.291874
0.0770422
0.379197
0.439691
0.269864
0.284047
0.174817
0.261952
0.0993444
0.307405
0.167212
0.175539
0.261418
0.145499
0.0830927
0.297551
0.188716
0.1937
0.159726
0.279156
0.419801
0.310067
0.257095
0.248551
0.352024
0.270854
0.191532
0.151139
0.198457
0.117026
0.247455
0.0265741
0.071793
0.25012
0.391211
0.125971
0.206425
0.234207
0.268652
0.329985
0.22122
0.305642
0.139231
0.308731
0.208867
0.0597838
0.289751
0.085779
0.112072
0.36065
0.398705
0.146414
0.183662
0.311959
0.30822
0.283629
0.318315
0.263421
0.243273
