0.223213
0.100961
0.153917
0.21219
0.217571
0.371574
0.143565
0.139182
0.137332
0.370403
0.338518
0.304066
0.288055
0.300046
0.096741
0.119244
0.277818
0.259271
0.177382
0.367935
0.215118
0.120424
0.157347
0.332544
0.245439
0.144046
0.0713486
0.476193
0.386525
0.109038
0.240716
0.299054
0.176098
0.265101
0.249166
0.286862
0.202144
0.183361
0.171991
0.369073
0.302712
0.256323
0.251668
0.2667
0.213926
0.105826
0.149847
0.265243
0.372722
0.184385
0.338284
0.376016
0.104999
0.257702
0.583714
0.22027
0.431279
0.135867
0.297952
0.285939
0.138643
0.14679
0.280795
0.174686
0.338982
0.231751
0.356084
0.192189
0.24251
0.169182
0.224506
0.097343
0.160803
0.22611
0.239368
0.269733
0.342634
0.0544727
0.165695
0.28095
0.244835
0.353511
0.328003
0.205194
0.197172
0.266003
0.0802185
0.215299
0.136253
0.20963
0.234264
0.216099
0.145567
0.236789
0.0873942
0.135333
0.0749647
0.174252
0.258659
0.280333
