0.199436
0.184214
0.208765
0.194976
0.118102
0.300173
0.302336
0.187404
0.220418
0.100841
0.245432
0.191742
0.247781
0.243109
0.422382
0.177808
0.300136
0.262692
0.203271
0.326117
0.416033
0.204962
0.113028
0.4081
0.266881
0.28474
0.133623
0.0809582
0.300158
0.302154
0.143389
0.0430006
0.370704
0.0405782
0.40998
0.158643
0.439879
0.269447
0.201487
0.270133
0.217012
0.329174
0.371443
0.190651
0.2125
0.24569
0.356741
0.234316
0.197218
0.360527
0.102003
0.239926
0.213408
0.130042
0.0555571
0.257601
0.242332
0.149981
0.255981
0.331541
0.243119
0.289103
0.462971
0.243276
0.205456
0.318564
0.150338
0.302655
0.151382
0.253938
0.215278
0.181891
0.29217
0.230571
0.116885
0.377677
0.113148
0.339192
0.17796
0.141063
0.249478
0.185783
0.287525
0.117746
0.245913
0.118522
0.115998
0.19473
0.133986
0.267926
0.346507
0.124967
0.24905
0.134458
0.381018
0.128738
0.181372
0.325279
0.157178
0.276133
