0.276629
0.181471
0.20937
0.405898
0.0799846
0.322178
0.201185
0.145555
0.326712
0.293547
0.11091
0.264447
0.315143
0.173137
0.337809
0.191635
0.127711
0.260136
0.477867
0.206259
0.2074
0.167326
0.148552
0.207581
0.441116
0.212246
0.175511
0.135197
0.17629
0.109436
0.330696
0.29557
0.398712
0.159805
0.162632
0.231284
0.314021
0.230203
0.295691
0.10469
0.186312
0.143931
0.185283
0.28053
0.152629
0.203438
0.454699
0.186657
0.237893
0.152926
0.3054
0.258574
0.212972
0.212943
0.355865
0.167852
0.193691
0.110599
0.269471
0.142397
0.11401
0.131464
0.174452
0.209886
0.189661
0.148348
0.16176
0.267692
0.13411
0.111262
0.238469
0.188729
0.262961
0.251946
0.284706
0.231619
0.182049
0.262831
0.491226
0.134633
0.693916
0.119028
0.178159
0.301755
0.212194
0.169263
0.280607
0.316881
0.246776
0.307296
0.20452
0.142246
0.32418
0.330972
0.19311
0.126438
0.207008
0.174677
0.172067
0.309596
