0.308829
0.160741
0.152003
0.363081
0.362104
0.256891
0.501319
0.15611
0.13948
0.20163
0.231232
0.217426
0.267243
0.20204
0.141079
0.186591
0.325187
0.196254
0.17192
0.116897
0.237481
0.238094
0.279654
0.233202
0.264428
0.101635
0.224145
0.365692
0.219912
0.258968
0.26504
0.260496
0.294205
0.207152
0.074295
0.0368464
0.175002
0.446308
0.246006
0.155943
0.336961
0.223075
0.407311
0.309057
0.234458
0.0407547
0.066303
0.163827
0.0846692
0.240924
0.308641
0.382129
0.215837
0.383068
0.290933
0.232317
0.324264
0.228726
0.132212
0.201717
0.273812
0.270483
0.114563
0.410803
0.0523382
0.0986518
0.128631
0.254958
0.179651
0.354762
0.139812
0.262479
0.198978
0.106907
0.261289
0.151162
0.175676
0.462526
0.13489
0.384117
0.174253
0.164695
0.21727
0.120694
0.0971664
0.289229
0.358048
0.237171
0.115524
0.155999
0.327077
0.19702
0.225907
0.33942
0.22506
0.311785
0.353561
0.321988
0.184719
0.155547
