0.218493
0.191745
0.336808
0.135362
0.229988
0.194229
0.335223
0.337291
0.229183
0.435623
0.210403
0.411471
0.295754
0.205031
0.169279
0.241319
0.186332
0.251762
0.160721
0.176459
0.128903
0.199457
0.158054
0.269341
0.239875
0.254446
0.244445
0.12976
0.126663
0.260948
0.138784
0.188898
0.462374
0.326521
0.335436
0.263513
0.037631
0.0887014
0.128084
0.0854438
0.0880463
0.214968
0.22812
0.00969314
0.266949
0.207786
0.154792
0.168346
0.158364
0.286765
0.25121
0.185237
0.322707
0.260006
0.336654
0.264292
0.214048
0.190037
0.248029
0.361735
0.364217
0.220839
0.186943
0.224869
0.380944
0.157329
0.202611
0.162364
0.195156
0.125379
0.0953971
0.222017
0.500365
0.209952
0.382913
0.274107
0.343028
0.112906
0.279746
0.216399
0.0913351
0.246324
0.203636
0.21008
0.125565
0.287598
0.123302
0.349948
0.191606
0.28077
0.243748
0.380335
0.11983
0.497922
0.317855
0.169674
0.24942
0.108477
0.398583
0.179297
