0.223016
0.228224
0.148138
0.199484
0.180001
0.238934
0.189563
0.333971
0.329659
0.0908856
0.0556601
0.129268
0.0637867
0.316431
0.0814727
0.160918
0.363751
0.164596
0.187026
0.0847138
0.23637
0.162322
0.185177
0.246476
0.1592
0.403421
0.0868804
0.252846
0.347279
0.108743
0.0856843
0.213277
0.251207
0.406788
0.44564
0.156585
0.13127
0.0745778
0.0956519
0.204988
0.252459
0.43006
0.180113
0.0490529
0.375282
0.263946
0.143266
0.2569
0.328976
0.197071
0.291348
0.117132
0.250656
0.122816
0.342981
0.251416
0.179121
0.204774
0.12767
0.38454
0.275849
0.352195
0.448277
0.062957
0.111967
0.355422
0.509051
0.31187
0.17449
0.182799
0.310723
0.174695
0.213455
0.20385
0.22774
0.235549
0.222539
0.258042
0.203738
0.144279
0.200408
0.176613
0.253419
0.45311
0.119642
0.15277
0.382661
0.173791
0.297109
0.256647
0.218166
0.289529
0.089211
0.308842
0.260022
0.12466
0.245895
0.197198
0.440793
0.344246
