0.214289
0.338051
0.210052
0.217822
0.258686
0.227833
0.284708
0.0984803
0.182006
0.27331
0.190426
0.109688
0.160844
0.111067
0.227806
0.321599
0.213232
0.162415
0.210717
0.202255
0.198612
0.315812
0.0735614
0.296479
0.225888
0.264833
0.063775
0.238783
0.28326
0.304653
0.253767
0.216357
0.187809
0.172793
0.380444
0.283214
0.193579
0.120015
0.38568
0.299641
0.0670448
0.283737
0.155216
0.239371
0.250805
0.071306
0.301277
0.158226
0.370508
0.23549
0.315139
0.250169
0.17852
0.288876
0.146055
0.286626
0.147855
0.32904
0.244529
0.236344
0.210808
0.138395
0.231686
0.384803
0.270766
0.441638
0.235541
0.405207
0.208401
0.304084
0.306263
0.281367
0.125589
0.155133
0.387765
0.257415
0.284845
0.228972
0.0827316
0.272641
0.240228
0.227546
0.266336
0.309497
0.23063
0.155473
0.211859
0.080449
0.229871
0.270569
0.254305
0.146572
0.21678
0.290663
0.281127
0.30162
0.365706
0.373728
0.140537
0.296207
