0.17607
0.152517
0.245376
0.268598
0.253213
0.384534
0.122617
0.145043
0.292332
0.245508
0.279972
0.384348
0.195917
0.192187
0.331944
0.38969
0.181206
0.529216
0.15294
0.350763
0.208836
0.099549
0.158176
0.323055
0.272633
0.305054
0.190031
0.253623
0.360522
0.132849
0.236084
0.272702
0.257069
0.28495
0.238069
0.0318777
0.254736
0.257604
0.346088
0.266815
0.248368
0.197432
0.357943
0.14241
0.187904
0.307563
0.441473
0.26074
0.24293
0.10979
0.120686
0.239504
0.254427
0.161051
0.283929
0.247924
0.0632401
0.233039
0.184173
0.138341
0.145533
0.311092
0.12619
0.304911
0.25461
0.119075
0.262623
0.164795
0.236426
0.281044
0.240834
0.252596
0.126572
0.263714
0.191768
0.2057
0.230459
0.207116
0.367343
0.169375
0.127405
0.104326
0.0384346
0.244272
0.521817
0.241539
0.26419
0.15962
0.272376
0.0647324
0.215265
0.0256057
0.0650546
0.228351
0.155482
0.164029
0.372642
0.313026
0.328914
0.295252
