0.279065
0.178131
0.334207
0.305463
0.120424
0.361218
0.263714
0.300967
0.189214
0.212474
0.211627
0.337986
0.183486
0.255078
0.202392
0.241284
0.260704
0.243421
0.259114
0.264534
0.351757
0.246271
0.183001
0.473184
0.244695
0.183319
0.22915
0.102593
0.160936
0.271243
0.0784027
0.144047
0.470453
0.12661
0.217508
0.334333
0.214704
0.132476
0.25118
0.192804
0.209289
0.256088
0.233974
0.130442
0.345049
0.411958
0.251519
0.0836228
0.267397
0.114743
0.0989263
0.491174
0.217264
0.316287
0.142952
0.130295
0.16826
0.186051
0.200656
0.0819518
0.168182
0.157548
0.431551
0.491881
0.242681
0.225787
0.23559
0.285396
0.277251
0.174016
0.23417
0.158606
0.336377
0.169311
0.276035
0.197838
0.306052
0.172917
0.358284
0.206708
0.144122
0.322278
0.15815
0.356384
0.249143
0.166132
0.079528
0.147415
0.0534365
0.187462
0.170288
0.0782765
0.157767
0.144371
0.218838
0.156301
0.329183
0.282
0.300302
0.376721
