0.301003
0.224747
0.317717
0.343203
0.132988
0.152571
0.232837
0.307365
0.244846
0.213313
0.250977
0.268734
0.240831
0.157425
0.221518
0.168192
0.355786
0.080561
0.150349
0.381748
0.220047
0.129364
0.242449
0.126523
0.0991088
0.359873
0.156514
0.262778
0.279481
0.028169
0.205434
0.33275
0.436633
0.328092
0.215411
0.270341
0.332548
0.190341
0.368129
0.351294
0.238029
0.226348
0.144254
0.323463
0.340942
0.253147
0.122922
0.231447
0.175786
0.186996
0.188847
0.255653
0.143899
0.187382
0.166815
0.485365
0.331494
0.0604382
0.365159
0.179692
0.222238
0.353892
0.239839
0.240331
0.275403
0.0993907
0.176662
0.188114
0.101412
0.0999138
0.175492
0.227296
0.229204
0.205228
0.274726
0.433639
0.199096
0.0732373
0.193896
0.233573
0.362687
0.172124
0.354482
0.131355
0.127941
0.2493
0.271629
0.21716
0.220794
0.168705
0.173006
0.494221
0.216761
0.12096
0.176051
0.194447
0.232044
0.1975
0.178668
0.414833
