0.371615
0.100483
0.180843
0.287188
0.251999
0.27339
0.221113
0.279343
0.119638
0.330418
0.181888
0.168683
0.156596
0.223619
0.144988
0.115359
0.191813
0.165887
0.166303
0.243258
0.281996
0.279638
0.291445
0.134962
0.232044
0.171951
0.205157
0.150519
0.286516
0.0762601
0.241447
0.0961054
0.215438
0.182683
0.331403
0.132073
0.206703
0.304054
0.278697
0.431785
0.291725
0.286992
0.130757
0.145198
0.257941
0.190125
0.18735
0.254269
0.117096
0.303879
0.31043
0.221512
0.217621
0.316742
0.36694
0.126752
0.258586
0.271406
0.304359
0.371211
0.343375
0.186227
0.343752
0.177618
0.238724
0.359524
0.252429
0.293877
0.378205
0.0785249
0.176799
0.250515
0.216441
0.226651
0.233182
0.0690752
0.316256
0.0872344
0.24114
0.439745
0.423251
0.26328
0.306011
0.228491
0.11599
0.319057
0.391577
0.145356
0.090954
0.158607
0.19739
0.241286
0.192881
0.315881
0.30125
0.442386
0.1935
0.169323
0.178999
0.205185
