0.312677
0.200104
0.190551
0.249379
0.236045
0.441842
0.102964
0.296509
0.227086
0.323754
0.150265
0.361581
0.321009
0.142108
0.319473
0.287781
0.412246
0.285013
0.191141
0.225287
0.177525
0.28112
0.367624
0.229358
0.233752
0.203601
0.351635
0.207886
0.219378
0.193702
0.152039
0.114359
0.125047
0.215137
0.303777
0.312589
0.204588
0.243637
0.297814
0.0655477
0.251629
0.285634
0.153236
0.180613
0.285499
0.23186
0.110147
0.125529
0.188276
0.286421
0.163387
0.230949
0.282051
0.142411
0.439367
0.201367
0.241721
0.177135
0.109584
0.061095
0.182349
0.363313
0.296638
0.135966
0.291633
0.335291
0.24238
0.210159
0.112695
0.278354
0.216264
0.277638
0.306027
0.0837232
0.258846
0.223263
0.226849
0.377938
0.25253
0.0788626
0.232366
0.375402
0.118984
0.313394
0.224897
0.219629
0.150418
0.288691
0.123792
0.234479
0.244389
0.162999
0.417866
0.168464
0.296419
0.285804
0.339772
0.152266
0.312038
0.181405
