0.0632699
0.460988
0.260982
0.0574122
0.207899
0.12399
0.288377
0.306939
0.193854
0.286444
0.247043
0.295375
0.20174
0.355526
0.139626
0.332316
0.114295
0.175583
0.19205
0.380652
0.184249
0.206158
0.294438
0.0556188
0.260641
0.244869
0.287788
0.220787
0.215496
0.382082
0.23782
0.209852
0.211702
0.296299
0.199804
0.108535
0.208843
0.162162
0.1368
0.320841
0.251498
0.151962
0.363783
0.425346
0.225599
0.531295
0.294371
0.188495
0.268525
0.215588
0.330347
0.278876
0.234565
0.315506
0.320908
0.230389
0.206587
0.202363
0.211263
0.240115
0.353152
0.15999
0.291216
0.320632
0.293864
0.254122
0.228183
0.185504
0.390058
0.247559
0.13712
0.18353
0.234362
0.267325
0.290766
0.184266
0.158819
0.332258
0.140171
0.28304
0.126036
0.264558
0.148188
0.112053
0.180093
0.083289
0.259845
0.316201
0.180844
0.201656
0.157567
0.163183
0.200048
0.295808
0.309498
0.236697
0.243348
0.162301
0.0860403
0.194985
