0.228966
0.327349
0.42239
0.266861
0.133177
0.322178
0.201185
0.145555
0.245704
0.133241
0.0809908
0.141423
0.0855634
0.173137
0.188405
0.191635
0.220829
0.222812
0.295575
0.309173
0.209299
0.295768
0.148552
0.207581
0.394959
0.213166
0.153605
0.326624
0.17629
0.22487
0.204347
0.177015
0.398712
0.0870079
0.207349
0.231284
0.509078
0.178875
0.295691
0.225268
0.233779
0.123304
0.253549
0.127277
0.057924
0.454086
0.176366
0.211735
0.246073
0.24401
0.34508
0.605196
0.212972
0.212943
0.0616772
0.167852
0.193691
0.245217
0.166547
0.162582
0.260968
0.37719
0.174452
0.148871
0.189661
0.170489
0.245034
0.283231
0.125935
0.164415
0.238469
0.364163
0.184779
0.306973
0.183045
0.231619
0.244508
0.263593
0.377449
0.134633
0.315562
0.186696
0.177056
0.270993
0.288479
0.169263
0.296419
0.186336
0.229667
0.401142
0.0624409
0.331897
0.219588
0.319162
0.19311
0.126438
0.207008
0.220574
0.172067
0.372975
