0.290789
0.138571
0.270404
0.322497
0.319986
0.304159
0.235949
0.234707
0.253095
0.144144
0.0940925
0.426554
0.160217
0.180501
0.160897
0.277249
0.188006
0.251761
0.208021
0.144175
0.146169
0.28479
0.312757
0.302738
0.0998101
0.118795
0.28406
0.135928
0.133444
0.234088
0.274704
0.223575
0.317421
0.10057
0.285005
0.216504
0.326373
0.142549
0.254583
0.216968
0.220958
0.270148
0.337379
0.352509
0.310308
0.141581
0.274651
0.0832676
0.140327
0.146301
0.180291
0.329103
0.114793
0.128686
0.304101
0.0412894
0.261741
0.430444
0.19538
0.275658
0.0899413
0.20768
0.247107
0.386752
0.2503
0.348023
0.180209
0.116501
0.348819
0.0541543
0.23091
0.205551
0.203196
0.217668
0.219746
0.21882
0.2504
0.191457
0.156044
0.288397
0.273457
0.155872
0.241146
0.115204
0.285065
0.241412
0.250137
0.511443
0.293059
0.409587
0.39323
0.373206
0.193968
0.208922
0.294948
0.130981
0.242764
0.373725
0.148454
0.222138
