0.225561
0.206061
0.112406
0.290659
0.373099
0.261689
0.274319
0.336834
0.181454
0.247359
0.366415
0.240845
0.325192
0.237892
0.44775
0.0831853
0.285413
0.125319
0.340846
0.267687
0.23315
0.301341
0.188036
0.124851
0.151253
0.259386
0.220171
0.168154
0.198198
0.225819
0.282027
0.228236
0.179701
0.323198
0.131653
0.112109
0.33365
0.298842
0.279885
0.135608
0.101379
0.181406
0.208693
0.263223
0.309622
0.362798
0.25318
0.220457
0.137236
0.285738
0.257979
0.243238
0.177466
0.115822
0.15494
0.518624
0.125444
0.272964
0.177714
0.0720275
0.0757698
0.104847
0.292474
0.273903
0.288006
0.242483
0.0970019
0.269678
0.289903
0.120914
0.219713
0.105117
0.126451
0.13385
0.218643
0.0712022
0.240085
0.135313
0.211906
0.0774324
0.31153
0.378462
0.140118
0.334172
0.183492
0.337216
0.245648
0.384435
0.241545
0.0238643
0.437746
0.158718
0.429676
0.267913
0.201934
0.327174
0.126766
0.0638225
0.361152
0.394163
