0.24977
0.0770773
0.376393
0.282839
0.238078
0.245355
0.291173
0.138426
0.300959
0.288115
0.160511
0.241587
0.165138
0.273241
0.141745
0.174036
0.0253651
0.26077
0.174168
0.409403
0.371866
0.122884
0.385191
0.197488
0.22877
0.300842
0.536761
0.129916
0.18298
0.347843
0.0784027
0.203557
0.352044
0.242242
0.381617
0.348357
0.37349
0.114282
0.222799
0.211978
0.0847257
0.13491
0.166625
0.137725
0.333185
0.186283
0.339078
0.139702
0.307139
0.072965
0.137858
0.294765
0.269196
0.263292
0.105612
0.205449
0.100295
0.171319
0.346677
0.335806
0.225798
0.338529
0.293623
0.138038
0.18041
0.238957
0.262617
0.196604
0.205612
0.300532
0.177567
0.158606
0.27072
0.226577
0.243812
0.129552
0.301154
0.280354
0.427848
0.234362
0.248393
0.235156
0.137102
0.246754
0.0933317
0.26305
0.079528
0.0642575
0.165243
0.343295
0.19722
0.130344
0.3746
0.216391
0.0829384
0.210793
0.123553
0.208562
0.315296
0.448949
