0.438309
0.122269
0.209139
0.210436
0.160807
0.543691
0.331485
0.22558
0.260457
0.292224
0.150553
0.317429
0.185213
0.180381
0.179001
0.163245
0.348082
0.0774221
0.197638
0.208844
0.2708
0.129364
0.234402
0.171656
0.450238
0.196746
0.246708
0.206964
0.44171
0.0894371
0.205434
0.280548
0.270236
0.174117
0.220618
0.258653
0.287917
0.211266
0.216634
0.139944
0.222383
0.227921
0.144254
0.324505
0.302318
0.269363
0.353788
0.231447
0.175786
0.186996
0.142881
0.314217
0.0769464
0.117606
0.17653
0.0926482
0.326704
0.174569
0.437003
0.305567
0.197736
0.409048
0.135129
0.106059
0.257888
0.409356
0.176662
0.245003
0.238316
0.163334
0.250307
0.227296
0.163165
0.251092
0.309798
0.235622
0.260494
0.104587
0.0523684
0.233115
0.276786
0.175754
0.145472
0.207304
0.243558
0.211018
0.0896757
0.145888
0.229037
0.228379
0.191601
0.474021
0.25896
0.390155
0.127262
0.212312
0.306074
0.335427
0.194961
0.190136
