0.307558
0.387468
0.231184
0.224746
0.187079
0.278392
0.222382
0.261769
0.292174
0.434211
0.194305
0.108527
0.39268
0.144374
0.0524871
0.180061
0.14511
0.335341
0.175837
0.314696
0.131215
0.329214
0.382051
0.325628
0.167797
0.172919
0.0639116
0.165102
0.325882
0.191623
0.183592
0.151866
0.102644
0.196749
0.110188
0.236944
0.330329
0.0236311
0.0826457
0.186863
0.128856
0.253497
0.345751
0.207972
0.419105
0.26292
0.256896
0.22892
0.235116
0.274923
0.298589
0.354262
0.118986
0.240659
0.0993089
0.347352
0.174882
0.108537
0.0351383
0.32435
0.219364
0.385567
0.195685
0.168746
0.309338
0.449588
0.226728
0.338637
0.498143
0.13024
0.141399
0.197657
0.395201
0.228989
0.263229
0.243165
0.130217
0.228749
0.264997
0.032478
0.210747
0.168725
0.325665
0.335986
0.151931
0.144816
0.165847
0.230056
0.250085
0.168461
0.119118
0.189884
0.0973714
0.141626
0.0365818
0.229537
0.397477
0.443294
0.074404
0.322556
