0.252705
0.19206
0.214546
0.256586
0.294401
0.120895
0.395088
0.117264
0.388317
0.146973
0.255588
0.181423
0.132807
0.293074
0.284405
0.303358
0.143725
0.178234
0.0835422
0.476317
0.299245
0.297638
0.230296
0.2658
0.0534868
0.252559
0.0830899
0.45374
0.0913852
0.275726
0.266529
0.25399
0.146164
0.210985
0.145723
0.0906603
0.410026
0.168257
0.194897
0.201012
0.278659
0.277177
0.205796
0.229743
0.161087
0.187156
0.252119
0.0613418
0.146208
0.24804
0.313146
0.390219
0.349079
0.272807
0.371899
0.175617
0.305154
0.192822
0.187058
0.225946
0.0677995
0.368609
0.151707
0.233134
0.181709
0.0579847
0.229428
0.303683
0.297758
0.233764
0.219106
0.202046
0.203785
0.15628
0.221317
0.186588
0.403472
0.305839
0.193113
0.253739
0.0588573
0.251611
0.351546
0.0915045
0.0453605
0.271586
0.288827
0.258554
0.415246
0.272866
0.0855032
0.123582
0.143248
0.21943
0.28312
0.367024
0.29243
0.147675
0.133916
0.476035
