0.270739
0.178822
0.358331
0.159804
0.336094
0.425614
0.381435
0.28783
0.178916
0.24036
0.220384
0.220798
0.306522
0.399024
0.221534
0.0360822
0.233428
0.124099
0.313153
0.161999
0.227752
0.0899582
0.290378
0.231667
0.162926
0.268823
0.327084
0.327574
0.195259
0.276709
0.255507
0.287358
0.29883
0.0629309
0.155326
0.201466
0.271818
0.244612
0.139992
0.230803
0.252305
0.210397
0.146156
0.312689
0.36554
0.281278
0.159934
0.0983856
0.116766
0.329966
0.23339
0.335239
0.272979
0.122441
0.245426
0.260947
0.286502
0.249208
0.401072
0.0723053
0.373531
0.259007
0.252489
0.150325
0.205848
0.279276
0.206625
0.433415
0.303183
0.113111
0.091747
0.224708
0.230346
0.133335
0.27711
0.127261
0.272589
0.223452
0.330297
0.345097
0.152211
0.320588
0.1555
0.0947483
0.243618
0.144232
0.384228
0.235691
0.102207
0.187778
0.241989
0.273034
0.230769
0.127772
0.25379
0.0886802
0.264211
0.222291
0.199726
0.32684
