0.218346
0.160741
0.163706
0.277393
0.0646668
0.282647
0.456773
0.11271
0.325293
0.0788591
0.0875007
0.444047
0.226646
0.230217
0.19389
0.192667
0.407058
0.102945
0.0659785
0.294658
0.146464
0.164791
0.295307
0.0857369
0.381331
0.0728933
0.198816
0.389169
0.105661
0.279661
0.216965
0.406568
0.122318
0.157803
0.305385
0.355654
0.121474
0.134057
0.251591
0.209855
0.18616
0.158221
0.364508
0.393453
0.278813
0.3187
0.190909
0.343101
0.138651
0.208579
0.428508
0.355535
0.205216
0.182222
0.414853
0.186489
0.257868
0.34719
0.167151
0.185373
0.1991
0.216161
0.252322
0.590614
0.129503
0.0481128
0.251953
0.129923
0.232745
0.304089
0.252115
0.29739
0.19639
0.186605
0.202019
0.151162
0.177988
0.198473
0.274199
0.21122
0.187688
0.199414
0.329527
0.153888
0.190132
0.294599
0.218759
0.173792
0.309283
0.317482
0.300672
0.19702
0.133231
0.246524
0.143151
0.240184
0.0989107
0.17963
0.196004
0.191075
