0.307798
0.266062
0.195364
0.159559
0.203382
0.120515
0.069619
0.28202
0.308807
0.309514
0.303277
0.462508
0.203992
0.169269
0.262082
0.292755
0.278318
0.219916
0.341856
0.20583
0.174133
0.115434
0.156292
0.341359
0.340793
0.135896
0.228333
0.458157
0.137702
0.294034
0.0855913
0.121638
0.196505
0.276468
0.206917
0.172299
0.204832
0.249511
0.254738
0.333931
0.112188
0.203814
0.32122
0.226063
0.234238
0.402943
0.222446
0.311027
0.0885295
0.253895
0.214586
0.254462
0.128152
0.161725
0.398315
0.277678
0.31321
0.287356
0.308228
0.142336
0.0605209
0.369449
0.217042
0.128848
0.293375
0.19677
0.135752
0.307027
0.274527
0.0742915
0.176865
0.216817
0.131201
0.150144
0.492202
0.0717687
0.313689
0.164247
0.275822
0.186002
0.222929
0.177108
0.1265
0.112977
0.196707
0.255489
0.266775
0.0638248
0.288787
0.229703
0.255464
0.341469
0.519389
0.134417
0.241297
0.366384
0.303085
0.128408
0.0820392
0.203559
