0.170802
0.231062
0.418084
0.253056
0.440414
0.137858
0.219122
0.172857
0.167118
0.342416
0.12618
0.284587
0.196448
0.179303
0.205605
0.40786
0.369485
0.223779
0.226052
0.125203
0.138467
0.120254
0.367361
0.207784
0.281894
0.31218
0.115113
0.432828
0.158531
0.466211
0.225927
0.212998
0.160392
0.177428
0.331046
0.214505
0.0556515
0.146621
0.371806
0.087377
0.153893
0.205628
0.160723
0.317405
0.402988
0.215
0.255315
0.0588251
0.254533
0.223681
0.118914
0.237861
0.13643
0.342092
0.241159
0.224872
0.135879
0.218802
0.331719
0.229694
0.317269
0.279178
0.116474
0.287688
0.234659
0.300801
0.200525
0.202966
0.152641
0.193041
0.184719
0.262123
0.0634885
0.244464
0.155144
0.349983
0.0974788
0.224441
0.346587
0.172787
0.179341
0.264096
0.115526
0.0889954
0.366355
0.183568
0.24608
0.244228
0.164387
0.113855
0.383139
0.356457
0.128261
0.38177
0.322014
0.277662
0.309496
0.0999233
0.296086
0.274901
