0.198744
0.309263
0.108754
0.387644
0.210404
0.233868
0.184323
0.280826
0.210071
0.145374
0.132271
0.502731
0.27836
0.319628
0.151586
0.330493
0.335063
0.274124
0.204192
0.156791
0.292715
0.353729
0.151979
0.322636
0.104922
0.27433
0.374738
0.265407
0.140353
0.364756
0.061598
0.165011
0.128244
0.213695
0.21136
0.119946
0.0433102
0.130211
0.341741
0.142069
0.160167
0.315694
0.132029
0.323533
0.131852
0.141376
0.177374
0.228521
0.302037
0.133873
0.331046
0.36056
0.117239
0.338711
0.109554
0.111612
0.0501727
0.194814
0.0957804
0.195652
0.130925
0.395773
0.270625
0.368095
0.215499
0.204994
0.302171
0.262578
0.217021
0.230863
0.107767
0.214717
0.403467
0.34381
0.247828
0.132961
0.18443
0.202597
0.18341
0.216256
0.29188
0.0866217
0.370506
0.323422
0.122282
0.267226
0.320749
0.20862
0.218207
0.510037
0.317019
0.325732
0.178778
0.434777
0.146306
0.215604
0.15731
0.0835502
0.236828
0.150638
