0.209551
0.284919
0.337361
0.176577
0.125697
0.11849
0.341498
0.217867
0.255905
0.147628
0.159234
0.238757
0.2873
0.303554
0.291354
0.233457
0.210389
0.0666648
0.250497
0.319516
0.150427
0.366536
0.280497
0.165376
0.221485
0.187534
0.141282
0.201481
0.253653
0.251634
0.217095
0.243338
0.411334
0.176138
0.25719
0.20633
0.107703
0.134853
0.176882
0.188622
0.205745
0.219233
0.188908
0.145035
0.233332
0.14119
0.319902
0.29906
0.2798
0.150283
0.276288
0.138194
0.368057
0.124261
0.262183
0.250929
0.244361
0.138499
0.228164
0.116335
0.269178
0.13957
0.0599056
0.244695
0.499679
0.163745
0.236426
0.198179
0.276525
0.338358
0.156359
0.123739
0.209399
0.251641
0.404895
0.165524
0.174299
0.235071
0.068636
0.416948
0.453674
0.163549
0.129754
0.275398
0.370387
0.2015
0.145294
0.44543
0.362074
0.446285
0.202225
0.261275
0.171716
0.128934
0.274812
0.424992
0.344138
0.206915
0.0669143
0.232893
