0.257521
0.0836211
0.123531
0.18671
0.231976
0.121228
0.431008
0.115323
0.0715274
0.319684
0.28005
0.202745
0.0469881
0.277469
0.179954
0.362867
0.309976
0.22628
0.0823605
0.364342
0.371116
0.387425
0.244405
0.104225
0.121776
0.201699
0.122314
0.342528
0.182184
0.160545
0.265084
0.248998
0.147059
0.237351
0.0764776
0.369049
0.181479
0.220621
0.384767
0.254035
0.160953
0.24952
0.353578
0.232182
0.109066
0.329697
0.133326
0.111421
0.218572
0.355313
0.295978
0.14824
0.161799
0.540483
0.219916
0.344576
0.112247
0.300603
0.26308
0.27471
0.357236
0.317661
0.118917
0.312095
0.0843152
0.209545
0.206246
0.341022
0.236861
0.248933
0.102137
0.185193
0.295638
0.249021
0.158265
0.1025
0.332742
0.282379
0.30372
0.095753
0.0942158
0.111973
0.246273
0.197382
0.377414
0.234439
0.229393
0.289373
0.364752
0.266539
0.189526
0.383803
0.287166
0.142233
0.17554
0.16199
0.122686
0.0762769
0.246672
0.377877
