0.301207
0.237475
0.410508
0.144829
0.162504
0.369432
0.323191
0.345608
0.367372
0.282061
0.229556
0.208242
0.188537
0.210086
0.308989
0.233141
0.251499
0.133597
0.186545
0.123195
0.211463
0.363191
0.356324
0.196568
0.182401
0.141719
0.165124
0.205466
0.199373
0.321516
0.275962
0.25041
0.17953
0.249284
0.221557
0.201078
0.366378
0.166221
0.240889
0.22759
0.245973
0.479005
0.265443
0.259639
0.134013
0.303729
0.204921
0.298485
0.05294
0.322291
0.127247
0.295855
0.31593
0.260259
0.295708
0.184297
0.29812
0.172815
0.37269
0.229952
0.188281
0.234781
0.440412
0.118401
0.258664
0.244642
0.16972
0.148607
0.155589
0.273672
0.0921098
0.296217
0.365145
0.249707
0.0787809
0.123615
0.239846
0.152303
0.184531
0.209514
0.294323
0.426529
0.243788
0.304608
0.165994
0.088465
0.281093
0.067475
0.34614
0.244102
0.24037
0.218885
0.229571
0.0796152
0.128546
0.0539493
0.308496
0.265266
0.156936
0.181662
