0.423754
0.20763
0.358327
0.153624
0.220333
0.20356
0.18624
0.14536
0.326207
0.156494
0.276019
0.172406
0.339959
0.184638
0.268724
0.109859
0.26389
0.319749
0.278448
0.26567
0.0807028
0.138914
0.205007
0.110721
0.243514
0.172516
0.126902
0.303828
0.261655
0.292472
0.270779
0.272731
0.32773
0.0950573
0.0597466
0.258118
0.303517
0.302958
0.142089
0.442727
0.227633
0.109066
0.518325
0.061337
0.121382
0.222463
0.193539
0.0389344
0.403628
0.159121
0.227078
0.264172
0.108521
0.171966
0.174099
0.484799
0.233486
0.402595
0.256674
0.297693
0.240007
0.169071
0.247117
0.258202
0.307886
0.22475
0.294968
0.149703
0.241676
0.256956
0.110195
0.119631
0.252693
0.485976
0.227294
0.247647
0.209642
0.175035
0.19093
0.383225
0.257444
0.105646
0.076666
0.250136
0.173325
0.138348
0.155675
0.18206
0.131876
0.068316
0.301585
0.320202
0.42616
0.215275
0.23435
0.290563
0.314479
0.158483
0.273469
0.146637
