0.0284454
0.390245
0.213294
0.227391
0.144143
0.156525
0.209568
0.219457
0.43823
0.206126
0.283289
0.400038
0.149255
0.143748
0.326714
0.264058
0.327786
0.564554
0.142813
0.106739
0.356763
0.386406
0.116129
0.509802
0.172664
0.186135
0.135839
0.317244
0.247129
0.309857
0.208463
0.177389
0.168093
0.0841628
0.359369
0.278994
0.131015
0.227473
0.22654
0.208389
0.0299286
0.22993
0.147094
0.219396
0.216546
0.408848
0.202276
0.340153
0.178034
0.25452
0.210378
0.163907
0.100758
0.182593
0.297956
0.408624
0.202357
0.271052
0.100532
0.169736
0.165522
0.229241
0.304639
0.254014
0.201782
0.345894
0.342904
0.0934743
0.0829621
0.314807
0.225399
0.207585
0.34943
0.191275
0.228599
0.070028
0.168267
0.271886
0.158231
0.138062
0.0726729
0.128305
0.254056
0.277891
0.320787
0.142954
0.275856
0.383006
0.150678
0.27517
0.183722
0.34676
0.155276
0.165992
0.335453
0.232017
0.10236
0.315248
0.154532
0.156262
