0.305982
0.0538639
0.161028
0.359532
0.277651
0.255433
0.304605
0.163036
0.174735
0.137175
0.0867672
0.144243
0.207242
0.232554
0.134424
0.4316
0.110377
0.0611309
0.213887
0.368876
0.0814569
0.266276
0.305545
0.291304
0.0861095
0.0362514
0.152678
0.232756
0.271793
0.0961489
0.235287
0.479329
0.0882026
0.0956135
0.142342
0.132795
0.278451
0.133311
0.248146
0.204496
0.182163
0.170604
0.332697
0.240963
0.241535
0.408015
0.258727
0.29672
0.157153
0.112574
0.209837
0.407478
0.299155
0.050875
0.184841
0.213246
0.223145
0.139734
0.394739
0.261856
0.25109
0.127534
0.18285
0.104574
0.0433576
0.123348
0.197072
0.449657
0.318071
0.39454
0.149077
0.355224
0.251018
0.266269
0.152682
0.356227
0.140789
0.158744
0.350318
0.23123
0.0954361
0.126596
0.248262
0.334271
0.397964
0.0814833
0.383377
0.408569
0.244531
0.29946
0.205396
0.238927
0.343517
0.287928
0.148943
0.372789
0.134195
0.325353
0.315208
0.261775
