0.225561
0.214357
0.393081
0.314124
0.268777
0.238146
0.175232
0.315734
0.315924
0.251175
0.134374
0.141125
0.209562
0.215584
0.220832
0.230185
0.388972
0.221229
0.341408
0.303945
0.136333
0.185883
0.155852
0.190299
0.364774
0.257001
0.22565
0.302105
0.225544
0.0650166
0.292129
0.342709
0.339753
0.203358
0.131653
0.246526
0.236919
0.0703764
0.135595
0.190739
0.217604
0.204687
0.152803
0.263223
0.199274
0.28765
0.357234
0.2332
0.150885
0.322291
0.256271
0.213866
0.365019
0.251378
0.193888
0.181943
0.197467
0.421972
0.222584
0.257903
0.134823
0.218058
0.401379
0.117004
0.242557
0.311089
0.205449
0.101993
0.155777
0.449119
0.286377
0.156087
0.192262
0.176626
0.0327546
0.115849
0.264203
0.152303
0.107139
0.12601
0.238245
0.190599
0.114613
0.222167
0.179174
0.245809
0.369964
0.067475
0.142314
0.213681
0.449853
0.142209
0.229571
0.365498
0.124205
0.102666
0.579271
0.353796
0.212058
0.26486
