0.130998
0.195334
0.340661
0.159804
0.150726
0.42173
0.34024
0.28783
0.178916
0.260753
0.220384
0.292181
0.14558
0.168347
0.14576
0.0360822
0.272782
0.291183
0.36324
0.178473
0.357657
0.242764
0.306786
0.175284
0.30861
0.268823
0.163162
0.24334
0.195259
0.295585
0.239108
0.2008
0.325419
0.0828027
0.160484
0.22177
0.209813
0.266076
0.214089
0.224442
0.126967
0.389399
0.263259
0.460397
0.301614
0.260885
0.0947616
0.0983856
0.116766
0.329966
0.23339
0.337839
0.291893
0.152903
0.376396
0.216703
0.128626
0.349132
0.288487
0.0723053
0.35198
0.425405
0.252489
0.119207
0.346163
0.19518
0.24597
0.433415
0.303183
0.113111
0.091747
0.15685
0.216673
0.160416
0.323452
0.359672
0.246714
0.152467
0.330297
0.281321
0.152211
0.162298
0.1555
0.0947483
0.159597
0.144232
0.249647
0.248319
0.292147
0.187778
0.248897
0.0996367
0.278373
0.127772
0.218658
0.0886802
0.112504
0.318472
0.309084
0.292994
