0.391085
0.246508
0.32155
0.225342
0.312069
0.247853
0.368773
0.188346
0.246179
0.0954161
0.291047
0.199277
0.0721788
0.0712977
0.176587
0.242853
0.201444
0.149709
0.171678
0.183515
0.0532295
0.181787
0.0850342
0.172245
0.235423
0.210766
0.173278
0.0868345
0.342247
0.221768
0.350074
0.299865
0.159008
0.402545
0.124519
0.0738787
0.362499
0.317699
0.316805
0.192153
0.30456
0.240402
0.182076
0.316812
0.38688
0.169937
0.17196
0.0518942
0.460993
0.450884
0.307038
0.234454
0.130377
0.328063
0.210902
0.185637
0.199211
0.142431
0.267046
0.0704251
0.234771
0.0703821
0.154939
0.318612
0.276615
0.22026
0.218151
0.523533
0.313768
0.192495
0.148604
0.164837
0.184175
0.222485
0.246196
0.13367
0.243001
0.140832
0.464398
0.263366
0.155192
0.299107
0.27841
0.205549
0.331451
0.372391
0.100386
0.149642
0.407797
0.312419
0.275909
0.236266
0.0808346
0.385793
0.144911
0.11573
0.218492
0.0754991
0.182701
0.18666
