0.308313
0.21443
0.269552
0.265718
0.210764
0.173027
0.169424
0.198192
0.383903
0.160958
0.177196
0.14476
0.170594
0.196674
0.236912
0.126913
0.275909
0.226105
0.389636
0.349914
0.186634
0.150483
0.196977
0.16291
0.189129
0.187623
0.145992
0.20686
0.327889
0.19737
0.231353
0.174906
0.46632
0.278396
0.228531
0.156534
0.0931376
0.235407
0.342144
0.392854
0.273582
0.144311
0.272114
0.33441
0.276516
0.185699
0.356713
0.220627
0.350267
0.359388
0.243407
0.129266
0.349968
0.30869
0.211388
0.155477
0.150008
0.176584
0.227423
0.0788178
0.375795
0.201472
0.313751
0.272055
0.201879
0.222311
0.090745
0.177019
0.346661
0.415306
0.247897
0.0961147
0.340066
0.126561
0.262062
0.439562
0.3509
0.175237
0.283483
0.14339
0.286665
0.140692
0.239994
0.173632
0.126591
0.176944
0.252911
0.183572
0.351997
0.0652422
0.164179
0.198385
0.183851
0.166353
0.22588
0.28367
0.301732
0.175187
0.383815
0.281436
