0.196176
0.205981
0.189717
0.337605
0.257709
0.205156
0.194285
0.362361
0.384217
0.228825
0.243816
0.147722
0.190119
0.117915
0.168937
0.369024
0.226286
0.175518
0.17248
0.295896
0.348264
0.0892214
0.301366
0.360337
0.118654
0.140963
0.225924
0.15773
0.197732
0.312647
0.135148
0.226129
0.257337
0.148332
0.146149
0.0707724
0.412364
0.409881
0.163778
0.30452
0.260526
0.167287
0.246121
0.0957051
0.4484
0.354677
0.32342
0.230714
0.12885
0.167688
0.240182
0.293676
0.282883
0.229681
0.358891
0.191291
0.217063
0.223564
0.286528
0.310069
0.205811
0.214745
0.127328
0.240321
0.488184
0.378708
0.113138
0.252985
0.305874
0.334849
0.17287
0.180985
0.0896265
0.261548
0.0914316
0.208274
0.351913
0.190667
0.213498
0.173881
0.184893
0.193226
0.237019
0.159801
0.143872
0.1273
0.222181
0.315037
0.227062
0.175351
0.427465
0.288417
0.124513
0.242132
0.244988
0.420508
0.162212
0.105079
0.287243
0.155731
