0.257521
0.0836211
0.123531
0.218577
0.231976
0.191006
0.431008
0.115323
0.0715274
0.319684
0.28005
0.202745
0.0469881
0.277469
0.102002
0.362867
0.272344
0.22628
0.0823605
0.39335
0.311194
0.387425
0.360848
0.104225
0.152034
0.201699
0.43261
0.322339
0.365383
0.160545
0.265084
0.248998
0.147059
0.237351
0.305688
0.369049
0.181479
0.220621
0.384767
0.159449
0.160953
0.222137
0.25787
0.204787
0.109066
0.329697
0.180282
0.258307
0.185435
0.203744
0.295978
0.14824
0.332491
0.174757
0.219916
0.339786
0.112247
0.300603
0.26308
0.27471
0.357236
0.0869422
0.118917
0.114419
0.0843152
0.209545
0.55147
0.159448
0.210109
0.274509
0.102137
0.185193
0.178099
0.249021
0.158265
0.1025
0.297377
0.41305
0.30372
0.095753
0.0942158
0.172995
0.197138
0.197382
0.377414
0.234439
0.187702
0.410454
0.246322
0.266539
0.189526
0.364114
0.287166
0.142233
0.17554
0.175921
0.232727
0.0762769
0.246672
0.224694
