0.182012
0.439394
0.346312
0.0693125
0.120534
0.216924
0.325432
0.256046
0.234434
0.360665
0.164462
0.0431469
0.290002
0.194431
0.266032
0.198148
0.138643
0.18135
0.241117
0.363795
0.236864
0.264187
0.30572
0.298102
0.110812
0.140779
0.301698
0.163704
0.156906
0.251011
0.160174
0.332383
0.273409
0.0211239
0.212313
0.156343
0.0947863
0.250407
0.234782
0.143217
0.268795
0.315754
0.165795
0.282766
0.238799
0.358487
0.320432
0.161387
0.0500726
0.301527
0.273833
0.190325
0.119089
0.179483
0.285001
0.351217
0.342314
0.125397
0.122208
0.302286
0.310613
0.244249
0.316928
0.197186
0.191308
0.396148
0.124756
0.216817
0.23241
0.125521
0.168092
0.357377
0.131326
0.294507
0.226553
0.18908
0.310298
0.190135
0.255151
0.276031
0.22628
0.296923
0.311728
0.204598
0.106507
0.124147
0.191362
0.267087
0.51341
0.52137
0.140787
0.235292
0.399056
0.0702887
0.222729
0.204792
0.134432
0.265126
0.26384
0.188639
