0.311606
0.217107
0.0791325
0.269156
0.100808
0.14064
0.0943371
0.281969
0.302449
0.269318
0.286659
0.377726
0.297831
0.313172
0.337456
0.217635
0.325107
0.162035
0.204206
0.396358
0.291732
0.198898
0.361396
0.199762
0.279263
0.15412
0.244343
0.232539
0.174048
0.164421
0.242262
0.164499
0.242646
0.319908
0.32543
0.420493
0.175873
0.241213
0.184579
0.260752
0.260327
0.172625
0.185679
0.298523
0.180773
0.235392
0.25213
0.190055
0.141622
0.124564
0.112896
0.189734
0.103778
0.113939
0.351724
0.0703015
0.194327
0.147547
0.176046
0.170287
0.286741
0.0659655
0.280156
0.179899
0.159971
0.349183
0.489444
0.106442
0.192689
0.321194
0.33758
0.193928
0.118927
0.058388
0.140759
0.290429
0.0631707
0.0353694
0.256048
0.193287
0.388785
0.22194
0.37677
0.264274
0.190206
0.114036
0.273977
0.357464
0.211573
0.250397
0.208746
0.283611
0.255124
0.287612
0.239358
0.18031
0.505998
0.357934
0.325896
0.213913
