0.145697
0.161264
0.0706934
0.145219
0.147592
0.255086
0.233988
0.0914596
0.297356
0.238425
0.193173
0.20132
0.298763
0.27706
0.219454
0.517627
0.11213
0.419478
0.366811
0.163072
0.314035
0.30441
0.108101
0.307254
0.174001
0.16657
0.0553139
0.108243
0.261012
0.33544
0.14825
0.226374
0.11249
0.381175
0.232196
0.0942063
0.408407
0.328201
0.0830669
0.355423
0.228331
0.139468
0.247188
0.285351
0.228215
0.211753
0.0989475
0.0679227
0.153114
0.329624
0.281186
0.237572
0.188513
0.31581
0.173927
0.237786
0.125888
0.0918376
0.434989
0.142004
0.298199
0.569771
0.272412
0.146141
0.282183
0.142194
0.125628
0.174645
0.195054
0.183195
0.118645
0.232626
0.113451
0.378393
0.392018
0.141496
0.147264
0.260809
0.154243
0.205775
0.102902
0.294438
0.263787
0.511327
0.384404
0.262955
0.250008
0.134019
0.142336
0.180571
0.321256
0.265387
0.280044
0.250756
0.259061
0.307017
0.245418
0.0601064
0.128913
0.233516
