0.14327
0.109897
0.232859
0.415764
0.150726
0.44499
0.229777
0.348753
0.237178
0.297605
0.283583
0.198545
0.0856082
0.0660063
0.316563
0.319453
0.210813
0.237025
0.272697
0.282953
0.239077
0.145148
0.445883
0.269661
0.185608
0.148959
0.154794
0.130056
0.310427
0.278429
0.113751
0.129009
0.20517
0.0257829
0.197258
0.0340377
0.265382
0.318452
0.178427
0.240509
0.0742476
0.203927
0.230769
0.279523
0.14141
0.289828
0.213473
0.0983856
0.116766
0.0943628
0.424343
0.151755
0.284757
0.312306
0.335423
0.344111
0.257348
0.145267
0.344709
0.336935
0.333385
0.119227
0.303434
0.176815
0.225554
0.0497123
0.137031
0.341091
0.23775
0.256589
0.161067
0.187393
0.214166
0.220937
0.363603
0.17448
0.229202
0.199713
0.411012
0.460428
0.135459
0.145001
0.163519
0.15231
0.271612
0.190823
0.206977
0.140249
0.318963
0.257883
0.165608
0.12799
0.302795
0.193842
0.381681
0.281638
0.153033
0.327484
0.32947
0.393735
