0.287136
0.0267071
0.219743
0.152713
0.249098
0.371178
0.104011
0.146225
0.253701
0.227678
0.181436
0.0396169
0.13924
0.289621
0.240947
0.128115
0.164707
0.317765
0.0769823
0.254438
0.178496
0.0441487
0.111967
0.217266
0.195715
0.224166
0.168951
0.290773
0.215137
0.418777
0.314075
0.02519
0.393265
0.234064
0.0745619
0.115593
0.370298
0.0934192
0.153145
0.246271
0.144872
0.188757
0.22865
0.263967
0.3103
0.402097
0.395611
0.261331
0.305951
0.358086
0.260876
0.198532
0.242501
0.276784
0.423171
0.119854
0.162135
0.259128
0.227226
0.208441
0.230171
0.207933
0.201303
0.433577
0.249913
0.373323
0.0976727
0.438736
0.376587
0.233123
0.15227
0.345956
0.215371
0.255455
0.348076
0.274529
0.0913182
0.199629
0.294255
0.253038
0.128445
0.201865
0.129194
0.133227
0.384247
0.222198
0.311082
0.13954
0.364024
0.158
0.22224
0.194209
0.451672
0.398274
0.291208
0.0788321
0.137482
0.178956
0.155863
0.0236168
