0.203002
0.335459
0.260642
0.108985
0.217922
0.215949
0.128473
0.2994
0.25011
0.250011
0.190959
0.140002
0.258181
0.478897
0.253916
0.129458
0.171632
0.277557
0.116888
0.236462
0.255186
0.264306
0.250194
0.308961
0.170877
0.137731
0.0797611
0.296229
0.249835
0.16143
0.162089
0.248977
0.258282
0.207144
0.23926
0.353702
0.418601
0.241652
0.16891
0.125981
0.215947
0.0715353
0.209617
0.352366
0.0938483
0.157045
0.254961
0.0282126
0.157529
0.258139
0.546428
0.26793
0.413182
0.321418
0.437543
0.233005
0.14391
0.129962
0.216988
0.129753
0.312757
0.198597
0.116233
0.107076
0.128373
0.314258
0.258611
0.143774
0.075678
0.234717
0.0519712
0.284155
0.200865
0.213215
0.34329
0.134161
0.301847
0.232323
0.119583
0.334473
0.235726
0.149535
0.144341
0.384092
0.255668
0.261955
0.271268
0.331156
0.199453
0.335252
0.158845
0.418093
0.277888
0.148187
0.350849
0.118568
0.17792
0.15073
0.306146
0.441702
