0.212925
0.130387
0.227219
0.195369
0.171216
0.254457
0.358867
0.270173
0.0814824
0.247884
0.161776
0.480499
0.327745
0.0384339
0.217959
0.317937
0.113247
0.247319
0.357397
0.0955057
0.220972
0.0908523
0.279803
0.326476
0.316298
0.286025
0.147092
0.192628
0.246194
0.341935
0.277814
0.104583
0.269722
0.231892
0.346167
0.426896
0.198762
0.286099
0.230818
0.294687
0.0717677
0.276124
0.404818
0.250488
0.169934
0.307561
0.258508
0.309536
0.392735
0.312241
0.284242
0.105769
0.292839
0.290115
0.350331
0.301161
0.199701
0.211722
0.290797
0.272626
0.134564
0.0935875
0.15342
0.231639
0.222888
0.287186
0.395239
0.107377
0.317042
0.289044
0.26573
0.189943
0.0944494
0.209189
0.140733
0.143712
0.175245
0.0684069
0.0885005
0.390438
0.211545
0.123596
0.12457
0.157651
0.377239
0.195491
0.17358
0.137516
0.263649
0.113779
0.240007
0.253794
0.278845
0.357851
0.135142
0.253283
0.357567
0.200199
0.0724753
0.161625
