0.299151
0.271456
0.234496
0.344186
0.168506
0.174417
0.294062
0.466608
0.30778
0.186878
0.196419
0.285148
0.365334
0.22573
0.0361189
0.287479
0.221764
0.0761929
0.163688
0.0645506
0.139909
0.203891
0.124699
0.164209
0.154319
0.436605
0.160785
0.194427
0.199598
0.339533
0.307888
0.319864
0.217081
0.166625
0.281094
0.339525
0.0976091
0.229028
0.0735298
0.226056
0.144758
0.331392
0.203057
0.263665
0.244198
0.272944
0.349093
0.21875
0.260931
0.182381
0.120385
0.335744
0.215738
0.226623
0.20982
0.188418
0.161826
0.307743
0.410903
0.200672
0.200297
0.21885
0.359601
0.0487767
0.349902
0.194467
0.219202
0.15406
0.158585
0.159444
0.297401
0.153394
0.220835
0.32536
0.170842
0.0447541
0.170302
0.365838
0.262658
0.266212
0.186209
0.291901
0.151426
0.213616
0.305206
0.180623
0.236707
0.0354392
0.121911
0.204738
0.35065
0.277192
0.537182
0.325076
0.351248
0.228986
0.192985
0.200511
0.279275
0.295141
