0.277515
0.335459
0.260577
0.241101
0.194459
0.215949
0.241138
0.217854
0.25011
0.369049
0.183257
0.0938466
0.258181
0.123741
0.274359
0.191689
0.212186
0.202067
0.123106
0.189549
0.146282
0.176247
0.414521
0.308961
0.244459
0.169834
0.206322
0.283646
0.334351
0.117003
0.213005
0.248977
0.258282
0.2917
0.210606
0.31246
0.380349
0.145436
0.374274
0.125981
0.215947
0.0715353
0.209617
0.352063
0.148345
0.157045
0.434048
0.0288098
0.179199
0.258139
0.405799
0.271012
0.243247
0.301209
0.437543
0.233005
0.0611209
0.129962
0.214194
0.129753
0.169551
0.165784
0.116233
0.224187
0.128373
0.314258
0.258611
0.144513
0.290892
0.287185
0.0519712
0.244428
0.200865
0.158693
0.357105
0.134161
0.343329
0.232323
0.119583
0.334473
0.235726
0.252125
0.144341
0.318733
0.255668
0.261955
0.150615
0.170364
0.199453
0.464643
0.158845
0.418093
0.186087
0.180977
0.336484
0.118568
0.220522
0.306323
0.306146
0.381743
