0.221085
0.151892
0.20819
0.23031
0.345845
0.182714
0.0940637
0.140647
0.137877
0.251746
0.21796
0.14905
0.162548
0.232524
0.160234
0.096718
0.36865
0.434073
0.114869
0.317708
0.443373
0.239249
0.244788
0.111489
0.307086
0.180128
0.117731
0.242207
0.162633
0.283223
0.326353
0.220814
0.15776
0.181125
0.110152
0.209803
0.138082
0.336256
0.514895
0.114257
0.352397
0.192158
0.20672
0.198767
0.4177
0.269342
0.291207
0.35327
0.266338
0.187909
0.0755461
0.143578
0.384
0.180479
0.417799
0.0648948
0.337507
0.144917
0.311706
0.440407
0.17846
0.211856
0.444589
0.133152
0.262883
0.291745
0.203087
0.283337
0.175971
0.249
0.243517
0.142976
0.332802
0.218039
0.0857987
0.162559
0.25126
0.327814
0.248041
0.20049
0.213688
0.192839
0.159315
0.216206
0.246428
0.246948
0.290333
0.183721
0.0651365
0.431278
0.119057
0.223323
0.0413657
0.263093
0.135076
0.152793
0.161963
0.327212
0.342273
0.219313
