0.185766
0.16661
0.150817
0.215642
0.304058
0.111023
0.252105
0.21611
0.207501
0.297135
0.315781
0.295227
0.425339
0.416615
0.366926
0.386427
0.423714
0.298077
0.222824
0.172601
0.293111
0.120892
0.229489
0.168589
0.360763
0.194041
0.136129
0.0900438
0.250392
0.0908787
0.239269
0.361029
0.127407
0.328116
0.156538
0.281209
0.157697
0.268649
0.162945
0.302053
0.231289
0.14623
0.185963
0.241939
0.195877
0.260555
0.184697
0.208851
0.184698
0.142645
0.159378
0.177727
0.316902
0.173109
0.240445
0.198354
0.162145
0.244546
0.100423
0.230933
0.177964
0.395635
0.134289
0.198228
0.301349
0.143678
0.542256
0.250671
0.432042
0.173872
0.379351
0.214483
0.171372
0.259186
0.188513
0.301594
0.123891
0.325132
0.0594343
0.124377
0.29778
0.20928
0.132216
0.191613
0.355259
0.172968
0.27282
0.20449
0.284003
0.266373
0.148585
0.252447
0.110378
0.267345
0.204722
0.214305
0.0654943
0.19384
0.458353
0.279084
