0.0438829
0.188381
0.167926
0.223253
0.183352
0.0551505
0.204124
0.296347
0.203761
0.249209
0.296424
0.0910419
0.33886
0.243835
0.0890351
0.162497
0.451145
0.169431
0.154858
0.0995595
0.277001
0.324709
0.140706
0.237202
0.233705
0.268846
0.21428
0.21272
0.307719
0.0597633
0.154031
0.144943
0.248164
0.303461
0.257542
0.301879
0.248936
0.21414
0.121986
0.217067
0.119374
0.239185
0.252608
0.157751
0.124963
0.277779
0.403448
0.431519
0.226884
0.284053
0.0956625
0.218914
0.338666
0.403465
0.262878
0.244008
0.16832
0.121519
0.22034
0.307282
0.420154
0.211063
0.48469
0.337585
0.411558
0.272255
0.122042
0.0841837
0.184797
0.220695
0.392829
0.320202
0.405006
0.093485
0.156863
0.19783
0.390892
0.19578
0.195747
0.368271
0.355623
0.32844
0.202703
0.175076
0.174503
0.21843
0.172757
0.274925
0.267614
0.0939045
0.140953
0.187588
0.249668
0.316883
0.249312
0.161216
0.095037
0.268386
0.137099
0.240084
