0.259736
0.307986
0.362252
0.156482
0.311439
0.0694627
0.18398
0.152267
0.122613
0.244663
0.168838
0.239644
0.129581
0.302806
0.139433
0.0875557
0.319943
0.192758
0.229666
0.27857
0.327458
0.187329
0.187581
0.209878
0.409182
0.183966
0.261763
0.204245
0.227027
0.152631
0.270566
0.228153
0.112851
0.347669
0.188064
0.117746
0.363422
0.178272
0.149915
0.130046
0.22512
0.145168
0.12506
0.457048
0.129236
0.206758
0.22892
0.230356
0.272917
0.202727
0.235021
0.306539
0.28323
0.260994
0.27846
0.215819
0.37096
0.0529436
0.226759
0.269756
0.216948
0.157878
0.475137
0.271213
0.252207
0.299656
0.312886
0.274641
0.251115
0.188336
0.146992
0.1821
0.141493
0.307048
0.128838
0.231549
0.11605
0.328841
0.419336
0.180505
0.241714
0.308649
0.322671
0.204378
0.195073
0.325328
0.222103
0.142524
0.276399
0.341405
0.179362
0.13019
0.241469
0.323888
0.347608
0.299462
0.221679
0.0583444
0.212886
0.481557
