0.19973
0.117836
0.118897
0.209289
0.31212
0.238465
0.224579
0.34192
0.166538
0.281911
0.118844
0.37325
0.28454
0.0709101
0.175766
0.400204
0.209573
0.371608
0.128185
0.200362
0.258467
0.31528
0.492611
0.310447
0.354763
0.184656
0.346555
0.0483569
0.189547
0.0930965
0.184039
0.0855466
0.357592
0.281798
0.156623
0.101802
0.120778
0.177488
0.265331
0.185726
0.417782
0.253178
0.247973
0.192272
0.224608
0.433644
0.364518
0.422219
0.21738
0.413218
0.218891
0.0932887
0.270106
0.100275
0.339494
0.30667
0.24592
0.122101
0.304349
0.293037
0.155341
0.37425
0.157998
0.145802
0.201436
0.264455
0.192527
0.106667
0.200569
0.178591
0.23331
0.140983
0.174942
0.279621
0.168863
0.0969583
0.231931
0.272859
0.283037
0.462874
0.212307
0.131449
0.0925419
0.284509
0.27266
0.112054
0.2573
0.205672
0.234121
0.100167
0.27213
0.271122
0.241223
0.323954
0.109892
0.165744
0.181697
0.266293
0.182202
0.285701
