0.277847
0.0808605
0.443638
0.258219
0.0437928
0.175795
0.231716
0.208989
0.385639
0.206138
0.108419
0.377506
0.207628
0.133577
0.156636
0.241924
0.0685914
0.351967
0.417544
0.180292
0.170687
0.268539
0.197931
0.202679
0.222231
0.0441273
0.175357
0.141403
0.177017
0.0700969
0.249096
0.191564
0.30982
0.173446
0.236525
0.236877
0.351252
0.271185
0.182996
0.326779
0.337657
0.239685
0.274423
0.239311
0.180641
0.0268195
0.299261
0.366592
0.219004
0.375494
0.163778
0.28385
0.188134
0.40989
0.150453
0.170006
0.337912
0.296108
0.159884
0.289859
0.304757
0.146666
0.242275
0.113708
0.481382
0.366154
0.253245
0.309783
0.244528
0.0766193
0.0777709
0.207814
0.356272
0.110734
0.210717
0.335873
0.194159
0.18006
0.321669
0.30994
0.0598808
0.265094
0.442164
0.0794399
0.368563
0.264377
0.244329
0.35525
0.120487
0.138529
0.0718843
0.0919895
0.157538
0.302333
0.147241
0.190859
0.336207
0.190516
0.214639
0.228993
