0.216165
0.227237
0.258733
0.100772
0.265883
0.473472
0.0872891
0.351315
0.267788
0.112769
0.133586
0.218925
0.103773
0.168927
0.323523
0.0360598
0.134732
0.112333
0.292447
0.288979
0.324701
0.342927
0.262389
0.312802
0.327327
0.361497
0.364342
0.294945
0.295761
0.0930631
0.1393
0.222118
0.133537
0.223375
0.253421
0.321555
0.215462
0.165963
0.129908
0.119161
0.223507
0.311933
0.0509194
0.0943958
0.330741
0.205066
0.175641
0.294097
0.176169
0.174043
0.10303
0.138196
0.173758
0.250031
0.165136
0.177599
0.148203
0.235286
0.30483
0.154616
0.317508
0.377641
0.172561
0.193576
0.312576
0.14099
0.29407
0.305622
0.233684
0.227278
0.103579
0.0132992
0.130917
0.199299
0.142614
0.355028
0.309297
0.215363
0.0604956
0.379687
0.172541
0.256749
0.351342
0.390008
0.329507
0.291707
0.224427
0.170408
0.219353
0.227335
0.178564
0.217453
0.354903
0.145742
0.451081
0.268521
0.282022
0.322291
0.219738
0.490285
