0.386544
0.268131
0.100749
0.111787
0.144143
0.132597
0.187424
0.103775
0.390685
0.33071
0.355889
0.240188
0.317499
0.312913
0.17393
0.304724
0.336753
0.111048
0.135104
0.186675
0.0583345
0.183829
0.19489
0.120227
0.149641
0.324683
0.0827651
0.248266
0.264078
0.133361
0.321486
0.152372
0.415325
0.111962
0.249807
0.291177
0.19049
0.250558
0.324615
0.174191
0.319393
0.373577
0.234754
0.191351
0.252061
0.215463
0.198674
0.420014
0.100001
0.229917
0.275139
0.326755
0.155367
0.290616
0.256585
0.189826
0.306618
0.107504
0.355918
0.148145
0.276718
0.0936318
0.257538
0.39506
0.162044
0.162301
0.281791
0.212247
0.163697
0.268097
0.288804
0.310097
0.506651
0.238621
0.310175
0.125933
0.179746
0.295535
0.174045
0.274379
0.308279
0.154971
0.0774327
0.266727
0.189637
0.125149
0.341883
0.0818022
0.183268
0.301631
0.211454
0.205091
0.214071
0.231749
0.215211
0.269141
0.228579
0.205905
0.452295
0.156262
