0.270174
0.246508
0.22643
0.217123
0.271971
0.453118
0.207498
0.270047
0.162905
0.133705
0.386822
0.402935
0.514939
0.181431
0.2608
0.241123
0.198097
0.116192
0.207657
0.100214
0.0820639
0.348987
0.167246
0.294894
0.16034
0.237238
0.243513
0.353867
0.157957
0.244509
0.0990315
0.209036
0.346029
0.276628
0.34765
0.198176
0.171381
0.199359
0.26322
0.348023
0.119486
0.435758
0.159151
0.223334
0.257655
0.143909
0.17196
0.0738691
0.177333
0.201305
0.256857
0.216828
0.199989
0.318476
0.300767
0.0966794
0.199211
0.277932
0.324117
0.179681
0.11789
0.0717208
0.183139
0.464703
0.360025
0.262294
0.221593
0.186478
0.147316
0.407768
0.130984
0.135224
0.26714
0.182441
0.218262
0.13367
0.183205
0.140832
0.37077
0.252911
0.325047
0.143284
0.354796
0.166344
0.300789
0.29903
0.301489
0.256473
0.0702866
0.36273
0.0690209
0.176932
0.140551
0.339243
0.175748
0.205852
0.258737
0.0754991
0.196452
0.2872
