0.221718
0.199974
0.159965
0.356038
0.169662
0.08101
0.335401
0.209147
0.239223
0.209286
0.371439
0.237586
0.164401
0.240241
0.125449
0.252644
0.196386
0.265032
0.286987
0.130111
0.214441
0.361394
0.23425
0.153805
0.0536798
0.0960415
0.0913489
0.184918
0.20273
0.399499
0.193048
0.477733
0.161734
0.370827
0.106999
0.196116
0.167249
0.338181
0.160927
0.314885
0.195595
0.287407
0.193566
0.219259
0.255833
0.188409
0.15963
0.0854018
0.237592
0.179144
0.101965
0.181031
0.326018
0.255602
0.341438
0.283793
0.364199
0.305423
0.367179
0.0952343
0.360554
0.312262
0.224139
0.216752
0.143233
0.119712
0.246075
0.30088
0.293278
0.233557
0.117874
0.196177
0.304404
0.169589
0.239721
0.169533
0.350715
0.242442
0.140112
0.569958
0.286585
0.0995394
0.309281
0.225119
0.0874239
0.235293
0.123327
0.289394
0.118304
0.184972
0.157915
0.264041
0.40616
0.152754
0.217991
0.450448
0.254665
0.104728
0.146783
0.406158
