0.317719
0.105594
0.29457
0.328308
0.453668
0.0245103
0.148112
0.199551
0.239941
0.235164
0.0953812
0.128791
0.273585
0.214222
0.123521
0.240921
0.246024
0.184511
0.136824
0.229771
0.0642798
0.209929
0.138092
0.238061
0.262909
0.176718
0.0823375
0.034585
0.312935
0.232058
0.352487
0.181301
0.143095
0.258504
0.187045
0.426616
0.203941
0.203335
0.317873
0.202081
0.405653
0.127148
0.0648776
0.147898
0.241701
0.218156
0.212489
0.148457
0.113874
0.301912
0.291016
0.45386
0.249409
0.360195
0.17812
0.484584
0.286954
0.213922
0.668538
0.189407
0.358205
0.217116
0.255733
0.123297
0.17948
0.314927
0.335498
0.222776
0.068409
0.240676
0.200995
0.122375
0.250059
0.112326
0.133282
0.305456
0.244543
0.139463
0.117019
0.127032
0.191768
0.270537
0.362234
0.187372
0.103961
0.225144
0.348529
0.209904
0.397276
0.31034
0.130472
0.26982
0.289489
0.159707
0.176414
0.33365
0.193669
0.266395
0.131855
0.272388
