0.174013
0.251623
0.258479
0.107049
0.258851
0.409859
0.215109
0.143488
0.405836
0.305271
0.0972196
0.20132
0.292533
0.124139
0.219454
0.410652
0.242982
0.330468
0.261569
0.185895
0.314035
0.440118
0.108101
0.400694
0.414841
0.142575
0.0553139
0.108243
0.31731
0.294304
0.308109
0.20804
0.11249
0.289678
0.23139
0.180311
0.204541
0.180968
0.30144
0.184411
0.272944
0.139468
0.199769
0.235867
0.265278
0.308
0.0989475
0.222022
0.167446
0.273684
0.281186
0.124837
0.060349
0.232871
0.239945
0.102226
0.125888
0.0918376
0.271158
0.156949
0.298199
0.277662
0.171105
0.146141
0.282183
0.142194
0.210864
0.114644
0.195054
0.418189
0.171544
0.307897
0.113451
0.33629
0.260894
0.478953
0.147264
0.312561
0.154243
0.264967
0.558266
0.147022
0.263787
0.398502
0.352045
0.274589
0.273958
0.213244
0.142336
0.30149
0.170531
0.224683
0.15956
0.206647
0.0710509
0.166231
0.19449
0.126993
0.128913
0.220428
