0.171047
0.300166
0.121234
0.151318
0.126589
0.267048
0.199701
0.242983
0.142156
0.26682
0.145863
0.0275888
0.454649
0.196418
0.145387
0.276882
0.254532
0.334186
0.291442
0.136623
0.302482
0.207909
0.431205
0.239872
0.133412
0.154755
0.335348
0.0782613
0.327239
0.191555
0.289852
0.193534
0.224326
0.469797
0.169298
0.311881
0.248344
0.126663
0.213435
0.158453
0.354971
0.280132
0.194656
0.303145
0.121749
0.231685
0.0989501
0.025163
0.267168
0.313835
0.0979777
0.188328
0.336744
0.291659
0.294876
0.255624
0.273327
0.36573
0.271058
0.254728
0.412532
0.195673
0.0593309
0.299438
0.290269
0.189663
0.241468
0.14155
0.234076
0.181702
0.189743
0.138162
0.415754
0.345754
0.332689
0.242955
0.284015
0.137976
0.149861
0.195804
0.214267
0.274612
0.216762
0.314417
0.217435
0.133146
0.262933
0.168103
0.246483
0.174069
0.229079
0.15228
0.421104
0.251458
0.159568
0.202081
0.257874
0.418376
0.128786
0.261471
