0.191405
0.435278
0.257151
0.0639847
0.343689
0.213214
0.328218
0.521412
0.345215
0.226063
0.346198
0.0848185
0.326093
0.166077
0.158178
0.186529
0.233031
0.269413
0.219312
0.149974
0.394512
0.187627
0.186418
0.246476
0.1592
0.285942
0.18886
0.284706
0.183741
0.183948
0.215143
0.431067
0.048864
0.154389
0.0925346
0.429259
0.141887
0.451391
0.341311
0.26023
0.243731
0.155869
0.300864
0.207889
0.155087
0.219943
0.151012
0.165249
0.26072
0.116973
0.341722
0.33863
0.0745078
0.267925
0.342981
0.139522
0.272945
0.337573
0.12767
0.352553
0.194917
0.11464
0.105933
0.0913051
0.111967
0.103657
0.225844
0.351294
0.145026
0.367746
0.185702
0.16297
0.198397
0.20385
0.312598
0.259964
0.211096
0.339766
0.435875
0.128779
0.241669
0.267872
0.277615
0.245798
0.239763
0.0641545
0.2077
0.0732075
0.395251
0.226319
0.0660389
0.191745
0.247239
0.217753
0.292297
0.20019
0.142841
0.0833956
0.128178
0.292776
