0.243361
0.0842293
0.31529
0.196825
0.372792
0.222114
0.408748
0.222381
0.248686
0.166077
0.177229
0.436239
0.121024
0.100259
0.0946854
0.402485
0.232125
0.415722
0.243159
0.180624
0.0570519
0.528477
0.277593
0.107248
0.262777
0.593529
0.276642
0.218079
0.236978
0.247148
0.184229
0.149052
0.238575
0.470732
0.230456
0.206726
0.177592
0.15904
0.265165
0.290759
0.266642
0.18744
0.187044
0.279628
0.181245
0.421637
0.228225
0.1552
0.209461
0.149251
0.189732
0.166533
0.294689
0.254634
0.193508
0.391785
0.38078
0.216868
0.281679
0.155468
0.157096
0.287149
0.0789683
0.135171
0.234949
0.311375
0.153634
0.102409
0.120359
0.215446
0.288676
0.207141
0.26409
0.0373074
0.232997
0.139213
0.10728
0.139257
0.192229
0.440282
0.374165
0.150545
0.119907
0.287454
0.155079
0.148138
0.213277
0.208194
0.22012
0.147307
0.20325
0.283014
0.172711
0.0967414
0.186664
0.25821
0.26136
0.214391
0.16097
0.294532
