0.225561
0.342527
0.112406
0.305762
0.401176
0.261689
0.267162
0.335409
0.167716
0.258499
0.219686
0.0787907
0.256018
0.121282
0.35011
0.0831853
0.170423
0.125319
0.340846
0.267687
0.402723
0.216122
0.188036
0.149978
0.184476
0.259386
0.155495
0.168154
0.20117
0.236018
0.282027
0.170813
0.179701
0.323198
0.131653
0.112109
0.19294
0.320641
0.272589
0.135608
0.101379
0.181406
0.208693
0.237536
0.270471
0.362798
0.12314
0.220457
0.137236
0.349775
0.334011
0.243238
0.177466
0.113594
0.15494
0.514063
0.125444
0.144362
0.119453
0.332943
0.248227
0.104847
0.229212
0.33401
0.187177
0.143291
0.241549
0.185362
0.235906
0.261476
0.219713
0.282871
0.126451
0.310621
0.218643
0.0712022
0.321105
0.151752
0.211906
0.347524
0.31153
0.378462
0.0454908
0.140923
0.183492
0.369038
0.288125
0.234445
0.230305
0.290138
0.489484
0.343536
0.424069
0.10407
0.256353
0.327174
0.221523
0.0638225
0.300501
0.248301
