0.320746
0.256442
0.325754
0.174459
0.280226
0.165923
0.0764347
0.306283
0.213702
0.324016
0.139578
0.19023
0.255123
0.274129
0.285376
0.0588065
0.102339
0.28704
0.243094
0.197131
0.302647
0.142021
0.190157
0.331432
0.187109
0.202597
0.158116
0.161563
0.278593
0.205058
0.0665209
0.16906
0.195707
0.316918
0.140757
0.385716
0.230919
0.163095
0.410694
0.264223
0.180504
0.245542
0.207365
0.165174
0.267421
0.223329
0.369963
0.145793
0.222364
0.265346
0.436225
0.384033
0.371352
0.337329
0.183397
0.310733
0.116014
0.195004
0.258733
0.288201
0.280624
0.0576404
0.30406
0.169588
0.385383
0.31147
0.105686
0.0218392
0.211685
0.101675
0.120148
0.28513
0.263272
0.267713
0.152602
0.483658
0.344972
0.0968851
0.321559
0.149061
0.19824
0.202163
0.0854163
0.107793
0.13001
0.142013
0.250349
0.139392
0.173233
0.25648
0.468739
0.335267
0.316686
0.131135
0.277629
0.283938
0.34734
0.17026
0.365234
0.0433172
