0.186461
0.215255
0.178256
0.242567
0.23741
0.313314
0.309871
0.170554
0.19931
0.17995
0.236252
0.310221
0.279621
0.259499
0.124792
0.38371
0.210303
0.0976077
0.279506
0.053553
0.207262
0.17521
0.250959
0.197769
0.303197
0.132721
0.158721
0.424535
0.0994614
0.225886
0.24043
0.135449
0.266194
0.246214
0.419697
0.146118
0.346518
0.370781
0.296444
0.267776
0.0835288
0.120336
0.131755
0.146566
0.218755
0.261528
0.254694
0.208061
0.282089
0.248605
0.201219
0.281773
0.295669
0.430614
0.0624476
0.189875
0.143534
0.334336
0.241236
0.289418
0.21792
0.239267
0.205131
0.239483
0.270499
0.33524
0.241453
0.253738
0.191604
0.426589
0.173531
0.242872
0.26029
0.173157
0.241947
0.394591
0.10544
0.289488
0.174381
0.146448
0.27397
0.127583
0.24989
0.254827
0.218642
0.18558
0.259866
0.0864171
0.295937
0.40879
0.261849
0.056363
0.282509
0.0713718
0.339516
0.197269
0.159402
0.299782
0.399488
0.359304
