0.0713451
0.249523
0.199993
0.517613
0.204846
0.174601
0.232377
0.334415
0.377
0.0797723
0.108195
0.291584
0.22659
0.184206
0.13717
0.214386
0.190148
0.425416
0.243748
0.261853
0.311231
0.224355
0.255583
0.253536
0.3087
0.175373
0.121135
0.273232
0.235018
0.272334
0.325827
0.105392
0.286624
0.22811
0.270657
0.283397
0.28199
0.143084
0.30402
0.154722
0.293169
0.332813
0.249619
0.193369
0.238771
0.207927
0.229869
0.273112
0.193168
0.114693
0.237811
0.101159
0.284891
0.244734
0.227412
0.218345
0.141922
0.227787
0.0927316
0.138046
0.198151
0.345638
0.131488
0.220914
0.283749
0.261938
0.21277
0.185066
0.298347
0.45371
0.163939
0.448325
0.146972
0.465
0.145226
0.191179
0.247025
0.20813
0.37757
0.126248
0.431041
0.2196
0.155095
0.15376
0.216413
0.250338
0.257757
0.242877
0.1452
0.36331
0.239873
0.319288
0.0563506
0.327576
0.153592
0.215429
0.101423
0.144833
0.273387
0.146334
