0.225561
0.214357
0.393081
0.226028
0.343976
0.238146
0.175232
0.315734
0.315924
0.218109
0.137505
0.4335
0.209562
0.215584
0.220832
0.230185
0.388972
0.221229
0.239011
0.303945
0.23315
0.354428
0.188036
0.190299
0.364774
0.106504
0.214552
0.213467
0.225544
0.0650166
0.292129
0.342709
0.339753
0.323198
0.131653
0.121232
0.196044
0.0703764
0.270356
0.190739
0.217604
0.204687
0.152803
0.263223
0.199274
0.377062
0.19118
0.220457
0.137236
0.322291
0.256271
0.213866
0.286316
0.411004
0.193888
0.190417
0.197467
0.427773
0.222584
0.257903
0.134823
0.218058
0.401379
0.117004
0.242557
0.25442
0.158202
0.0501184
0.155777
0.150446
0.148247
0.143657
0.204573
0.176626
0.0327546
0.131733
0.264203
0.152303
0.169293
0.203634
0.302513
0.190599
0.114613
0.222167
0.179174
0.245809
0.369964
0.067475
0.20841
0.265678
0.449853
0.142209
0.229571
0.346353
0.124205
0.102666
0.579271
0.353796
0.212058
0.221417
