0.284761
0.0807111
0.150708
0.220704
0.157318
0.154578
0.180218
0.296246
0.259381
0.215167
0.0588458
0.20787
0.182859
0.400717
0.136518
0.153719
0.178911
0.354358
0.279134
0.122731
0.411144
0.158955
0.269853
0.205339
0.268223
0.252559
0.192867
0.244279
0.166112
0.168028
0.187891
0.157274
0.218531
0.231971
0.315156
0.288547
0.161477
0.250308
0.355664
0.297182
0.222461
0.603761
0.36116
0.0947918
0.311599
0.307746
0.148528
0.289968
0.175627
0.274497
0.262603
0.235199
0.206875
0.352147
0.147334
0.0853094
0.173254
0.217575
0.0934667
0.0888728
0.169038
0.165272
0.188007
0.350129
0.279448
0.303952
0.389611
0.384606
0.139421
0.256541
0.17656
0.170977
0.29703
0.107628
0.246785
0.285937
0.188411
0.343724
0.190054
0.427942
0.249627
0.164095
0.0985548
0.461706
0.0748635
0.113608
0.140989
0.304201
0.1321
0.168101
0.343066
0.425844
0.139053
0.242227
0.073276
0.0545783
0.334955
0.25877
0.314096
0.246789
