0.270879
0.324693
0.207657
0.252391
0.362474
0.169812
0.324641
0.241564
0.264972
0.1914
0.189105
0.353542
0.112355
0.157353
0.226007
0.228339
0.321841
0.293931
0.243908
0.313613
0.363484
0.141753
0.3183
0.171297
0.34426
0.226932
0.238945
0.377742
0.187165
0.305903
0.256444
0.191244
0.294442
0.321546
0.40867
0.201853
0.180217
0.292899
0.207606
0.276397
0.158928
0.342122
0.179477
0.148023
0.179078
0.308182
0.111861
0.314087
0.07381
0.184623
0.198153
0.194659
0.258551
0.490355
0.443681
0.24496
0.10816
0.194874
0.199085
0.248377
0.125149
0.0834224
0.258033
0.186063
0.111289
0.121917
0.236234
0.23416
0.291674
0.220545
0.293352
0.0959127
0.22063
0.18848
0.353521
0.143686
0.238192
0.18989
0.416723
0.12599
0.210951
0.355945
0.177097
0.172099
0.153805
0.300952
0.34571
0.238321
0.100053
0.246662
0.154962
0.199925
0.272515
0.371243
0.209637
0.107804
0.227697
0.276635
0.138423
0.152035
