0.0438829
0.101925
0.167926
0.164394
0.140813
0.177953
0.0892216
0.132124
0.203761
0.218523
0.333926
0.172464
0.385381
0.243835
0.282715
0.129198
0.362673
0.169431
0.508519
0.268239
0.238537
0.324709
0.136035
0.237202
0.233705
0.303493
0.302823
0.127568
0.39836
0.0597633
0.154031
0.144943
0.284895
0.185975
0.257542
0.232687
0.248936
0.168233
0.27814
0.0815669
0.119374
0.197076
0.304609
0.157751
0.124963
0.213145
0.403448
0.390348
0.226884
0.284053
0.0956625
0.218914
0.338666
0.0917059
0.262878
0.229131
0.0935517
0.340511
0.22034
0.307282
0.420154
0.211063
0.48469
0.249549
0.324623
0.272255
0.122042
0.183328
0.184797
0.220695
0.368535
0.347889
0.407271
0.093485
0.33694
0.231278
0.432011
0.212999
0.211077
0.201545
0.385069
0.32844
0.202703
0.175076
0.149329
0.118401
0.172757
0.170875
0.244448
0.12076
0.145467
0.187588
0.198747
0.329142
0.195167
0.161216
0.200936
0.21998
0.114155
0.33065
