0.108518
0.231861
0.302
0.167712
0.118634
0.257367
0.210421
0.211734
0.175161
0.189222
0.17673
0.263639
0.395545
0.260676
0.156733
0.284223
0.262432
0.218459
0.164132
0.335393
0.344332
0.268052
0.131742
0.209878
0.148516
0.143336
0.376206
0.241867
0.233811
0.176373
0.18261
0.308793
0.296576
0.212667
0.461948
0.160879
0.302112
0.162726
0.349842
0.130046
0.18853
0.163308
0.269704
0.234753
0.222015
0.170411
0.244552
0.433106
0.368479
0.267128
0.232259
0.143383
0.204077
0.359183
0.286197
0.22233
0.251411
0.203495
0.110549
0.244978
0.241574
0.157878
0.32682
0.081284
0.177798
0.114696
0.154312
0.209323
0.227701
0.178855
0.159806
0.309874
0.0963636
0.132588
0.322141
0.296609
0.124844
0.362584
0.185594
0.110673
0.450089
0.35427
0.130437
0.334219
0.190342
0.285258
0.522613
0.290773
0.308396
0.0743239
0.271698
0.143946
0.344472
0.353374
0.236138
0.180992
0.33756
0.148876
0.0516802
0.0552449
