0.162592
0.0767326
0.395218
0.0957845
0.20975
0.227587
0.136897
0.270888
0.125122
0.122136
0.254009
0.279917
0.19175
0.362209
0.169672
0.290454
0.292707
0.176404
0.228058
0.30237
0.348995
0.17452
0.135542
0.164701
0.147258
0.120272
0.292958
0.236209
0.327196
0.306746
0.247637
0.148106
0.308013
0.218368
0.141465
0.345207
0.0676901
0.0691969
0.371103
0.315062
0.143144
0.330991
0.420982
0.326627
0.396115
0.255845
0.185717
0.207276
0.223422
0.0752157
0.213807
0.163402
0.0968274
0.351139
0.180092
0.0662932
0.181375
0.251777
0.17923
0.197263
0.272416
0.312156
0.41745
0.176013
0.257531
0.462261
0.537398
0.312406
0.241413
0.164322
0.206327
0.225593
0.191745
0.0741895
0.370775
0.0823894
0.218007
0.195185
0.108944
0.095422
0.235236
0.0754234
0.106652
0.252287
0.200999
0.194629
0.0870997
0.310459
0.219485
0.387893
0.227645
0.0976198
0.266091
0.39653
0.22797
0.420649
0.219508
0.254342
0.188354
0.290199
