0.121193
0.155073
0.0695323
0.0422016
0.248105
0.418515
0.223295
0.224182
0.324311
0.153725
0.168543
0.17124
0.473038
0.0908099
0.264716
0.209589
0.248513
0.262454
0.29961
0.333346
0.0989855
0.0820408
0.396904
0.267698
0.163492
0.0917865
0.253043
0.447057
0.394747
0.247802
0.348378
0.215939
0.108265
0.105108
0.414435
0.259759
0.146401
0.17236
0.235993
0.280639
0.267317
0.218876
0.314051
0.201582
0.123983
0.316424
0.26155
0.160887
0.128821
0.382341
0.147623
0.119263
0.224935
0.354038
0.369117
0.350111
0.295687
0.293026
0.104331
0.153857
0.126787
0.20931
0.107097
0.314915
0.249654
0.248455
0.0843932
0.132004
0.22721
0.209252
0.414624
0.236423
0.371641
0.0629788
0.170802
0.301419
0.308817
0.170346
0.321194
0.0947733
0.147021
0.36197
0.345469
0.25085
0.198419
0.174902
0.233863
0.473781
0.267487
0.29102
0.159785
0.135863
0.16801
0.203829
0.170466
0.216264
0.154084
0.0944379
0.181664
0.282484
