0.162592
0.241735
0.395218
0.0574375
0.20975
0.227587
0.0623685
0.254424
0.0419329
0.122136
0.254009
0.15592
0.19175
0.362209
0.169672
0.339749
0.292707
0.269631
0.200123
0.30237
0.348995
0.17452
0.135542
0.164701
0.147258
0.120272
0.292958
0.236209
0.358957
0.311376
0.247637
0.148106
0.454885
0.202563
0.133672
0.248332
0.0676901
0.0691969
0.267647
0.201729
0.180143
0.330991
0.431132
0.326627
0.362808
0.255845
0.305058
0.200254
0.223422
0.0642071
0.213807
0.163402
0.201007
0.351139
0.180092
0.0662932
0.187192
0.36371
0.231708
0.0885812
0.272416
0.312156
0.367955
0.176013
0.270139
0.317728
0.57971
0.312406
0.241413
0.164322
0.206327
0.225593
0.191745
0.215375
0.39503
0.137806
0.187948
0.195185
0.108944
0.095422
0.235236
0.0754234
0.106652
0.168549
0.200999
0.198533
0.0870997
0.310459
0.219485
0.140845
0.172722
0.341226
0.291036
0.39653
0.22797
0.420649
0.219508
0.254342
0.188354
0.290199
