0.322565
0.107403
0.382562
0.241295
0.172109
0.103677
0.175232
0.133909
0.328584
0.399209
0.134374
0.141125
0.101456
0.260236
0.206119
0.401665
0.325371
0.240475
0.26011
0.115588
0.136333
0.102451
0.155852
0.190299
0.364774
0.257001
0.220633
0.162424
0.181531
0.0650166
0.292129
0.32889
0.28127
0.293488
0.137738
0.0872059
0.236919
0.0703764
0.108987
0.190739
0.132145
0.2362
0.152803
0.355821
0.231801
0.28765
0.357234
0.2332
0.464956
0.322291
0.165407
0.213866
0.365019
0.251378
0.193888
0.160505
0.197467
0.361939
0.222584
0.403574
0.189984
0.218058
0.401379
0.0769635
0.237723
0.456422
0.205449
0.101993
0.321385
0.300271
0.286377
0.227289
0.192262
0.183081
0.0327546
0.115849
0.264203
0.152303
0.241947
0.154694
0.238245
0.190599
0.318079
0.22715
0.179174
0.271342
0.369964
0.067475
0.291785
0.213681
0.0299836
0.0795587
0.229571
0.0798572
0.124205
0.102666
0.66059
0.353796
0.208157
0.244288
