0.19973
0.178113
0.118897
0.258222
0.173509
0.249417
0.224579
0.175039
0.166538
0.281911
0.12588
0.37325
0.28454
0.0709101
0.175766
0.400204
0.209573
0.371608
0.128185
0.200362
0.258467
0.31528
0.292042
0.320131
0.354763
0.184656
0.346555
0.32964
0.189547
0.0930965
0.184039
0.0855466
0.357592
0.239439
0.156623
0.101802
0.137213
0.106998
0.273353
0.181031
0.417782
0.253178
0.247973
0.192272
0.224608
0.433644
0.364518
0.460916
0.21738
0.413218
0.438308
0.24406
0.270106
0.11391
0.347772
0.415565
0.24592
0.122101
0.213991
0.293037
0.155341
0.37425
0.267954
0.145802
0.201436
0.264455
0.192527
0.106667
0.200569
0.178591
0.112883
0.140983
0.174942
0.279621
0.168863
0.0969583
0.231931
0.272859
0.239235
0.462874
0.199327
0.131449
0.0925419
0.140195
0.270952
0.0981614
0.166795
0.205672
0.234121
0.100167
0.27213
0.201814
0.317503
0.323954
0.109892
0.307872
0.181697
0.191669
0.182202
0.285701
