0.292441
0.381436
0.339277
0.103568
0.455639
0.0801691
0.206757
0.0867041
0.166965
0.240215
0.115736
0.108527
0.300935
0.251624
0.192088
0.201109
0.165174
0.288224
0.30597
0.274534
0.131215
0.295479
0.343717
0.281995
0.179105
0.378401
0.0571837
0.165102
0.314995
0.15578
0.287024
0.279002
0.102644
0.196749
0.110188
0.213473
0.430783
0.307017
0.0785757
0.186863
0.41797
0.381098
0.184474
0.353767
0.35361
0.172607
0.256896
0.101218
0.274863
0.336876
0.137947
0.354262
0.136509
0.166716
0.20048
0.347352
0.248462
0.0714578
0.121371
0.284586
0.219364
0.204243
0.271801
0.181798
0.386648
0.172467
0.226728
0.237908
0.220379
0.149327
0.239854
0.192545
0.0736634
0.155799
0.270271
0.243165
0.304455
0.165376
0.153484
0.120009
0.294536
0.0798085
0.289349
0.135552
0.0842175
0.20021
0.272324
0.459802
0.340109
0.45796
0.119118
0.293344
0.171628
0.141626
0.292909
0.297533
0.104636
0.398038
0.136825
0.19864
