0.104963
0.231861
0.1617
0.167712
0.0892869
0.257367
0.155475
0.158063
0.0846986
0.493212
0.26955
0.144043
0.395545
0.31939
0.098189
0.284223
0.132117
0.134426
0.17391
0.215568
0.344332
0.268052
0.131742
0.209878
0.148516
0.255549
0.320738
0.373997
0.233811
0.151473
0.20494
0.211471
0.288816
0.26823
0.461948
0.160879
0.302112
0.162726
0.36132
0.130046
0.18853
0.163308
0.155023
0.234753
0.212556
0.170411
0.0432493
0.413996
0.368479
0.267128
0.445515
0.143383
0.204077
0.137693
0.344998
0.312951
0.144899
0.242054
0.110549
0.244978
0.279653
0.157878
0.38441
0.173536
0.177798
0.26827
0.154312
0.209323
0.298905
0.292683
0.159806
0.127601
0.226931
0.132588
0.128838
0.2334
0.110818
0.362584
0.185594
0.110673
0.25678
0.41854
0.322671
0.351435
0.226173
0.285258
0.48259
0.175712
0.180193
0.277561
0.308612
0.184003
0.263593
0.353374
0.167301
0.254023
0.284629
0.2059
0.188353
0.0552449
