0.159641
0.263867
0.280208
0.19729
0.222783
0.128235
0.149704
0.143126
0.395009
0.234361
0.216018
0.124577
0.172694
0.167139
0.158333
0.211005
0.137921
0.379371
0.23844
0.132733
0.177182
0.22402
0.138396
0.103129
0.30642
0.198588
0.365808
0.191713
0.213727
0.0606653
0.148888
0.121086
0.190682
0.335725
0.143772
0.119642
0.302394
0.16835
0.186852
0.302293
0.101217
0.487801
0.251568
0.324738
0.248112
0.225982
0.347505
0.228585
0.162376
0.332641
0.192203
0.173272
0.207961
0.120988
0.140803
0.307382
0.289247
0.146947
0.281579
0.136812
0.287085
0.145343
0.295999
0.293422
0.175517
0.358635
0.216779
0.367788
0.306918
0.122851
0.318569
0.35014
0.10697
0.23485
0.290531
0.145819
0.393031
0.237179
0.257666
0.338098
0.059223
0.372577
0.532404
0.349418
0.233268
0.357995
0.339296
0.142615
0.361617
0.146045
0.133893
0.246342
0.160522
0.278562
0.236447
0.207836
0.322322
0.322544
0.205274
0.108682
