0.14506
0.428631
0.307327
0.254148
0.144143
0.305868
0.191832
0.149888
0.143584
0.22899
0.205808
0.449207
0.334253
0.312913
0.17393
0.291258
0.158211
0.156467
0.311034
0.18869
0.0583345
0.268211
0.22062
0.169271
0.187795
0.299089
0.456357
0.276334
0.0853708
0.161465
0.208463
0.152372
0.415325
0.212393
0.281856
0.252609
0.320227
0.232032
0.21682
0.239949
0.0213802
0.104354
0.264154
0.130583
0.353615
0.244039
0.16324
0.231709
0.167144
0.229917
0.275139
0.236507
0.11189
0.157778
0.330064
0.189826
0.317984
0.369198
0.192484
0.206112
0.0402978
0.184645
0.284411
0.39506
0.121222
0.241623
0.412478
0.382065
0.163697
0.22009
0.0524808
0.43389
0.323237
0.273083
0.175666
0.171933
0.18798
0.337041
0.158231
0.148967
0.120023
0.154971
0.287947
0.334101
0.120704
0.142954
0.256968
0.209605
0.150678
0.204365
0.0591893
0.205091
0.0731179
0.385988
0.451112
0.251853
0.228579
0.405673
0.125818
0.156262
