0.132781
0.223787
0.168036
0.148356
0.293515
0.267225
0.238679
0.097047
0.142053
0.221529
0.316946
0.260437
0.229968
0.221896
0.353629
0.302445
0.262511
0.366357
0.185297
0.149697
0.171192
0.174815
0.333641
0.245922
0.222937
0.138034
0.367399
0.324867
0.168918
0.241465
0.253179
0.345405
0.14627
0.188574
0.320273
0.180983
0.117051
0.0663375
0.190678
0.247978
0.140521
0.240833
0.169362
0.422981
0.218054
0.113994
0.354912
0.347762
0.0969912
0.154202
0.347012
0.345214
0.264222
0.124261
0.356705
0.266516
0.308849
0.160366
0.186262
0.243115
0.345465
0.148335
0.198573
0.367241
0.162289
0.176009
0.444965
0.064217
0.21581
0.319931
0.0922741
0.123739
0.35021
0.3594
0.289408
0.133662
0.313925
0.139146
0.0775703
0.23988
0.157803
0.0945458
0.224051
0.528514
0.28397
0.186167
0.190269
0.231471
0.309759
0.265589
0.284909
0.355014
0.182083
0.195789
0.188791
0.215724
0.164511
0.240888
0.290173
0.246555
