0.261831
0.0886632
0.318941
0.16187
0.260042
0.205386
0.199145
0.327607
0.399377
0.188238
0.265716
0.0939232
0.192187
0.183078
0.186909
0.346266
0.11205
0.157653
0.316358
0.153604
0.105381
0.226029
0.406534
0.120519
0.159958
0.259541
0.238224
0.0376199
0.0974371
0.187463
0.404739
0.354824
0.135408
0.139188
0.186479
0.193921
0.0849378
0.196136
0.276596
0.3793
0.285881
0.396735
0.205729
0.226763
0.361593
0.151354
0.290946
0.260772
0.157657
0.455819
0.22254
0.146606
0.292591
0.360773
0.139046
0.309894
0.312619
0.334792
0.208446
0.205967
0.276397
0.463588
0.386666
0.229535
0.273697
0.300693
0.154962
0.253517
0.0493742
0.197661
0.385833
0.154278
0.187465
0.2348
0.246453
0.29107
0.114048
0.35107
0.140171
0.0678739
0.374949
0.249373
0.264486
0.203334
0.233343
0.128509
0.155016
0.153254
0.145526
0.241128
0.187205
0.123183
0.2907
0.216643
0.29914
0.463753
0.0999526
0.174879
0.128017
0.20566
