0.172801
0.112296
0.281953
0.179666
0.0878627
0.19053
0.384995
0.149495
0.178531
0.294749
0.186436
0.391738
0.151422
0.189106
0.140199
0.0894728
0.255315
0.131498
0.314521
0.226931
0.262521
0.105305
0.310218
0.337829
0.230466
0.154656
0.228401
0.174962
0.342462
0.441147
0.269301
0.40886
0.489211
0.266881
0.238526
0.382568
0.263336
0.236366
0.241532
0.317593
0.163615
0.174738
0.146021
0.0753881
0.391516
0.0898291
0.202064
0.472401
0.246536
0.280067
0.253323
0.366257
0.116449
0.0174293
0.360498
0.169875
0.276755
0.246503
0.413019
0.156616
0.27772
0.162048
0.269101
0.33333
0.430143
0.263357
0.104883
0.139516
0.143352
0.169302
0.121331
0.153648
0.104811
0.162035
0.210566
0.140559
0.38474
0.243842
0.175714
0.267794
0.415283
0.173645
0.258463
0.324767
0.159403
0.243991
0.225627
0.330834
0.127657
0.225399
0.228394
0.21669
0.245794
0.185282
0.16852
0.16566
0.1657
0.114469
0.153281
0.175672
