0.208896
0.189986
0.269388
0.390524
0.0980406
0.297209
0.159106
0.386933
0.170817
0.184938
0.212292
0.371124
0.272659
0.366044
0.177424
0.433664
0.246229
0.292987
0.151956
0.161999
0.27528
0.138373
0.274928
0.163194
0.140324
0.107176
0.31999
0.381531
0.254596
0.204485
0.354181
0.252988
0.265601
0.103444
0.155326
0.285901
0.0384452
0.331478
0.261695
0.325099
0.160434
0.347396
0.14287
0.186279
0.148342
0.0829585
0.100322
0.26082
0.160042
0.204822
0.154778
0.262366
0.285274
0.185913
0.0967922
0.165585
0.342064
0.225471
0.227184
0.353042
0.17631
0.205074
0.184017
0.141211
0.400118
0.254966
0.16981
0.152112
0.177943
0.197779
0.354465
0.202393
0.292928
0.248595
0.152848
0.18237
0.112061
0.174895
0.330297
0.32525
0.419189
0.182585
0.227752
0.192304
0.381449
0.241797
0.385702
0.124558
0.252362
0.231285
0.178608
0.17745
0.269289
0.196504
0.289809
0.411189
0.378351
0.215509
0.241422
0.170836
