0.171401
0.256765
0.187554
0.18838
0.33416
0.195102
0.169704
0.220432
0.18
0.154647
0.372279
0.187996
0.138633
0.172948
0.317355
0.175351
0.335545
0.224356
0.318138
0.227751
0.193543
0.316403
0.313045
0.34511
0.4009
0.237499
0.190281
0.100901
0.317749
0.132269
0.321882
0.178756
0.26771
0.298323
0.441551
0.1803
0.113976
0.16378
0.343391
0.154386
0.0776341
0.134838
0.139105
0.315497
0.416769
0.339054
0.224639
0.412203
0.173248
0.13235
0.199723
0.201539
0.1797
0.34139
0.317517
0.143477
0.414021
0.357917
0.279773
0.227957
0.126844
0.0607951
0.122365
0.227107
0.211492
0.305469
0.25999
0.299873
0.433263
0.275325
0.123134
0.343665
0.276837
0.129264
0.128494
0.365052
0.17676
0.304428
0.286017
0.23431
0.184476
0.101587
0.276483
0.27604
0.193891
0.295641
0.249213
0.182742
0.247456
0.197603
0.0994124
0.222061
0.222544
0.247879
0.156164
0.169219
0.175504
0.24306
0.073892
0.298765
