0.415491
0.329761
0.384946
0.269416
0.241898
0.212162
0.260878
0.313587
0.33987
0.143774
0.189184
0.349102
0.125036
0.493923
0.421763
0.135052
0.198978
0.207555
0.282661
0.108174
0.51249
0.311433
0.208958
0.291454
0.174392
0.338369
0.152269
0.196326
0.116459
0.155118
0.333435
0.147433
0.163187
0.171628
0.0750003
0.132101
0.206744
0.217089
0.23384
0.260913
0.450807
0.130503
0.155278
0.19761
0.0558181
0.301986
0.1656
0.3076
0.141254
0.204323
0.282385
0.07031
0.207485
0.102794
0.28209
0.156215
0.243947
0.18278
0.272169
0.133682
0.318087
0.320905
0.0881748
0.133189
0.220193
0.15923
0.379636
0.345739
0.17864
0.143011
0.199538
0.236099
0.27775
0.354841
0.256117
0.151936
0.266956
0.230485
0.237872
0.248297
0.341186
0.0865579
0.260679
0.140195
0.0984541
0.350354
0.238637
0.382117
0.235071
0.21881
0.134831
0.113352
0.446748
0.127512
0.294694
0.0345155
0.178693
0.253272
0.183532
0.210004
