0.262204
0.135188
0.276516
0.32006
0.132902
0.172112
0.304428
0.160621
0.363043
0.225565
0.424239
0.25779
0.305461
0.355609
0.25372
0.382326
0.200081
0.172368
0.207886
0.107339
0.387668
0.184761
0.077166
0.242004
0.15156
0.0850957
0.18931
0.189488
0.444879
0.363273
0.139598
0.297421
0.173301
0.543259
0.340041
0.104938
0.282095
0.116634
0.31799
0.252738
0.262674
0.220776
0.256137
0.180343
0.265672
0.145015
0.250924
0.178132
0.167311
0.172028
0.125623
0.129805
0.191278
0.288358
0.255277
0.440331
0.246641
0.162688
0.113471
0.212647
0.237271
0.116868
0.173172
0.293091
0.38749
0.396593
0.116634
0.10066
0.287036
0.190743
0.176128
0.379021
0.132079
0.472866
0.228046
0.202889
0.234072
0.274663
0.180147
0.136587
0.363069
0.413673
0.138042
0.320221
0.279085
0.123692
0.213281
0.112832
0.087691
0.20569
0.208821
0.192093
0.201542
0.260163
0.215203
0.164479
0.146239
0.161654
0.101588
0.217105
