0.17607
0.199932
0.118666
0.268598
0.253213
0.384534
0.122617
0.19816
0.262054
0.205048
0.279972
0.384348
0.113697
0.192187
0.225808
0.38969
0.181206
0.115416
0.15294
0.288775
0.335174
0.099549
0.219381
0.323055
0.251554
0.305054
0.361082
0.253623
0.188965
0.132849
0.236084
0.272702
0.225998
0.28495
0.238069
0.0318777
0.205406
0.517423
0.416362
0.227394
0.248368
0.223671
0.308488
0.14241
0.13637
0.160828
0.30662
0.291155
0.285856
0.10979
0.120686
0.239504
0.254427
0.161051
0.283929
0.0337383
0.137871
0.233039
0.184173
0.138341
0.0700194
0.311092
0.179447
0.166991
0.25461
0.145242
0.201595
0.164795
0.246912
0.281044
0.240834
0.252596
0.195685
0.250257
0.191768
0.310229
0.219227
0.207116
0.367343
0.231167
0.127405
0.104326
0.0384346
0.367606
0.548291
0.241539
0.26419
0.300937
0.272376
0.096132
0.215265
0.0256057
0.0650546
0.228351
0.155482
0.164029
0.372642
0.150066
0.612318
0.295252
