0.296015
0.0901623
0.271741
0.244574
0.296763
0.190126
0.407657
0.14854
0.347295
0.28828
0.247707
0.266206
0.23452
0.209871
0.167815
0.235985
0.226344
0.336219
0.157734
0.283385
0.132896
0.190756
0.274943
0.19129
0.397787
0.177737
0.206398
0.195499
0.243011
0.0984223
0.336473
0.222956
0.285435
0.380815
0.0641202
0.189339
0.159195
0.106886
0.242518
0.207865
0.0321289
0.047428
0.175649
0.190741
0.158575
0.110513
0.169532
0.126852
0.199688
0.141291
0.461802
0.244139
0.0576248
0.389333
0.256936
0.196586
0.150206
0.19129
0.1655
0.265
0.203247
0.184086
0.498229
0.345723
0.0855978
0.261207
0.227594
0.331921
0.371152
0.223228
0.166681
0.228051
0.211453
0.203154
0.397106
0.508464
0.123428
0.216646
0.319845
0.317499
0.249444
0.457527
0.20419
0.273641
0.0652049
0.241064
0.379432
0.190404
0.246495
0.3384
0.273106
0.12698
0.187621
0.20979
0.138411
0.163385
0.20677
0.0793928
0.18187
0.353623
