0.196176
0.205981
0.189717
0.337605
0.257709
0.201135
0.194285
0.492636
0.384217
0.164063
0.243816
0.107742
0.190119
0.117915
0.168937
0.369024
0.190761
0.175518
0.17248
0.295896
0.348264
0.0892214
0.287172
0.360337
0.118654
0.140963
0.225924
0.15773
0.332862
0.312647
0.135148
0.226129
0.257337
0.19954
0.146149
0.203906
0.313599
0.409881
0.163778
0.30452
0.260526
0.167287
0.246121
0.0957051
0.4484
0.291357
0.32342
0.230714
0.12885
0.167688
0.240182
0.112573
0.282883
0.229681
0.358891
0.195849
0.217063
0.223564
0.286528
0.310069
0.205811
0.295195
0.127328
0.240321
0.356285
0.378708
0.151703
0.317813
0.305874
0.334849
0.17287
0.218108
0.0896265
0.261548
0.0812099
0.208274
0.405894
0.190667
0.213498
0.173881
0.184893
0.193226
0.254031
0.0878773
0.144743
0.1273
0.526284
0.315037
0.226507
0.237049
0.162138
0.20533
0.124513
0.242132
0.258447
0.317037
0.162212
0.105079
0.287243
0.155731
