0.111505
0.15045
0.337
0.115349
0.0427107
0.138049
0.0424792
0.306562
0.442552
0.333934
0.211938
0.254224
0.137555
0.139914
0.386941
0.335867
0.281372
0.2137
0.140896
0.233039
0.348955
0.337299
0.286892
0.228171
0.166564
0.227556
0.309852
0.163344
0.275437
0.153251
0.283313
0.294302
0.245092
0.297211
0.27519
0.0457987
0.246102
0.436787
0.366205
0.251091
0.176277
0.3143
0.240231
0.130403
0.35295
0.335477
0.312144
0.31808
0.136136
0.233598
0.375184
0.327148
0.191927
0.153715
0.344583
0.270069
0.185832
0.212612
0.102264
0.366163
0.185354
0.1742
0.306938
0.210269
0.165236
0.289713
0.296719
0.150948
0.0851845
0.170027
0.259579
0.0896126
0.239029
0.35342
0.197852
0.225678
0.178365
0.160647
0.345786
0.141329
0.148136
0.165717
0.161323
0.354558
0.345275
0.236223
0.0779835
0.290676
0.12054
0.135748
0.291199
0.159861
0.519083
0.0378257
0.209221
0.191958
0.1271
0.154676
0.141449
0.275845
