0.2642
0.291763
0.553246
0.23705
0.163492
0.282937
0.213359
0.194329
0.246829
0.292365
0.158949
0.2101
0.204758
0.273335
0.0766484
0.272155
0.181042
0.24257
0.385258
0.276566
0.146449
0.235679
0.18312
0.403757
0.221607
0.238973
0.156614
0.254446
0.0848995
0.286637
0.389575
0.394467
0.301403
0.16937
0.185793
0.320944
0.28377
0.17659
0.189533
0.178771
0.148495
0.25592
0.255002
0.322979
0.162764
0.369791
0.270216
0.18061
0.159724
0.238836
0.363006
0.0743424
0.119712
0.192186
0.257766
0.180446
0.292242
0.178516
0.0625375
0.0325508
0.407775
0.17585
0.195596
0.426572
0.329396
0.138677
0.264877
0.413599
0.255124
0.324949
0.202957
0.12888
0.232366
0.2366
0.118251
0.116842
0.251786
0.130211
0.272215
0.236222
0.335483
0.368581
0.163481
0.238907
0.0765728
0.211862
0.126645
0.0707026
0.0503816
0.216172
0.243109
0.220488
0.393927
0.330852
0.365972
0.264529
0.137895
0.211141
0.0910042
0.170676
