0.214916
0.126179
0.204412
0.249164
0.107591
0.250939
0.0849229
0.180282
0.349841
0.313577
0.0383412
0.227185
0.215445
0.246535
0.179954
0.21049
0.208226
0.1437
0.193741
0.403176
0.295273
0.330312
0.309129
0.254252
0.0844238
0.185284
0.147092
0.387524
0.183745
0.0986369
0.1546
0.27597
0.434715
0.18525
0.301843
0.232
0.182574
0.256768
0.161928
0.28991
0.181467
0.0746017
0.230081
0.295259
0.247424
0.405389
0.307481
0.169264
0.115274
0.331893
0.054167
0.111222
0.193067
0.240754
0.13362
0.256596
0.420278
0.269315
0.359781
0.27471
0.18061
0.2747
0.262602
0.337448
0.159123
0.220048
0.10405
0.164547
0.201452
0.247332
0.311926
0.122857
0.439779
0.209786
0.204118
0.379418
0.169484
0.206097
0.257365
0.05928
0.368941
0.229027
0.220502
0.181835
0.187487
0.305932
0.299243
0.288137
0.321316
0.269037
0.375532
0.188928
0.284567
0.099321
0.223174
0.41909
0.278345
0.25671
0.289909
0.0973426
