0.2456
0.347055
0.145819
0.0585485
0.405196
0.575096
0.333826
0.247446
0.101853
0.180059
0.270864
0.662435
0.373339
0.107543
0.286262
0.15469
0.0968705
0.0661062
0.27094
0.0893905
0.1997
0.192981
0.308233
0.111409
0.211916
0.0512821
0.233984
0.060165
0.21502
0.244529
0.0580048
0.117816
0.285263
0.199997
0.299018
0.309917
0.220492
0.122378
0.216767
0.0463392
0.231455
0.471741
0.207754
0.230116
0.200183
0.165618
0.390948
0.296512
0.260312
0.112578
0.207495
0.375415
0.224758
0.163197
0.331366
0.105526
0.385594
0.203125
0.114528
0.151966
0.105313
0.319303
0.320927
0.101536
0.311517
0.134094
0.256967
0.297836
0.163012
0.136874
0.173103
0.18082
0.22102
0.244308
0.303489
0.436658
0.088875
0.169406
0.124642
0.10973
0.201498
0.299721
0.190076
0.0838217
0.12149
0.38596
0.256938
0.277773
0.415304
0.372344
0.232019
0.18815
0.0888847
0.0910458
0.185512
0.337343
0.191275
0.189594
0.234485
0.187704
