0.357166
0.189111
0.358814
0.201792
0.227572
0.232547
0.343159
0.114764
0.301208
0.18928
0.204762
0.226487
0.336984
0.425559
0.285993
0.135222
0.372031
0.161813
0.199598
0.327392
0.325492
0.35024
0.509806
0.240259
0.271482
0.226666
0.241722
0.345167
0.24495
0.0778637
0.230686
0.0853241
0.156364
0.305802
0.0719842
0.364404
0.303508
0.222714
0.292152
0.0475521
0.317278
0.203844
0.217925
0.270587
0.250694
0.154969
0.202611
0.170693
0.19112
0.12777
0.127197
0.442221
0.0703808
0.131167
0.310889
0.23419
0.393909
0.132015
0.331875
0.137812
0.195713
0.0940682
0.160636
0.231444
0.234004
0.35694
0.0942187
0.330052
0.126987
0.131822
0.222255
0.221598
0.182628
0.166835
0.235526
0.245771
0.214226
0.291899
0.205886
0.11581
0.21903
0.200744
0.290741
0.255649
0.107863
0.383112
0.238086
0.20867
0.0755934
0.291317
0.157338
0.236525
0.28053
0.243271
0.303207
0.221707
0.416542
0.0859049
0.171483
0.231973
