0.209335
0.276297
0.33267
0.152715
0.157849
0.266547
0.130045
0.127005
0.150862
0.235692
0.289859
0.13052
0.159004
0.293124
0.161273
0.227735
0.240967
0.183379
0.0996844
0.549975
0.104602
0.272287
0.377495
0.22064
0.323024
0.171507
0.239784
0.144328
0.174455
0.246271
0.290049
0.173722
0.100073
0.406902
0.144748
0.344782
0.124385
0.207834
0.417374
0.239902
0.258363
0.149152
0.335778
0.132548
0.13799
0.312552
0.231781
0.179206
0.211011
0.209228
0.180929
0.302113
0.170683
0.127594
0.152437
0.306948
0.365585
0.177242
0.128203
0.361164
0.227375
0.279037
0.168912
0.138497
0.338447
0.314678
0.416645
0.232033
0.221001
0.175661
0.214314
0.213
0.246388
0.348933
0.301367
0.230477
0.0614008
0.122331
0.15086
0.508514
0.30537
0.257258
0.092647
0.163321
0.14515
0.328327
0.171697
0.17539
0.209129
0.235289
0.249941
0.294818
0.161448
0.412607
0.209938
0.401443
0.136287
0.169161
0.323295
0.290583
