0.225561
0.206061
0.130239
0.202045
0.373099
0.149719
0.274319
0.176005
0.181454
0.109367
0.366415
0.240845
0.325192
0.237892
0.220832
0.230185
0.272426
0.122894
0.340846
0.280892
0.23315
0.301341
0.188036
0.124851
0.136201
0.120648
0.220171
0.119548
0.19971
0.225819
0.315214
0.293122
0.179701
0.323198
0.131653
0.112109
0.46982
0.298842
0.210303
0.135608
0.221562
0.204687
0.307152
0.263223
0.309622
0.377062
0.25318
0.220457
0.137236
0.232704
0.257979
0.189494
0.314341
0.115822
0.15494
0.518624
0.197467
0.255143
0.177714
0.1684
0.0757698
0.270419
0.292474
0.146917
0.288006
0.242483
0.0970019
0.197997
0.155777
0.120914
0.256421
0.105117
0.126451
0.357452
0.218643
0.0712022
0.240085
0.120173
0.169293
0.0774324
0.321379
0.275531
0.166766
0.334172
0.183492
0.451796
0.379965
0.067475
0.241545
0.265678
0.358764
0.158718
0.467686
0.275036
0.290581
0.260164
0.371357
0.0638225
0.245795
0.394163
