0.20885
0.451786
0.289106
0.206959
0.328923
0.393318
0.228513
0.121726
0.098819
0.303511
0.210559
0.27889
0.189498
0.275513
0.166508
0.158337
0.186338
0.322032
0.204088
0.164744
0.214028
0.444797
0.164581
0.25334
0.308477
0.253822
0.19265
0.167046
0.110291
0.376828
0.303418
0.260774
0.259231
0.353912
0.102637
0.0861237
0.200769
0.16358
0.351787
0.185789
0.11081
0.261928
0.345239
0.300294
0.273733
0.238676
0.227346
0.143397
0.198476
0.0984332
0.411912
0.210331
0.171551
0.182516
0.0675857
0.288555
0.0917942
0.174232
0.183411
0.296225
0.190322
0.301983
0.22215
0.143391
0.095087
0.341035
0.126579
0.124858
0.314299
0.269712
0.125584
0.186896
0.0735319
0.170024
0.3181
0.192476
0.437133
0.187248
0.276932
0.191959
0.307603
0.268557
0.235817
0.172
0.325063
0.306157
0.281998
0.133289
0.252371
0.139156
0.300936
0.421384
0.185146
0.187231
0.0961981
0.243591
0.41827
0.2668
0.321597
0.310537
