0.280904
0.342307
0.26576
0.329018
0.144742
0.241881
0.296916
0.430677
0.0224391
0.0516968
0.170708
0.162557
0.375822
0.115824
0.270594
0.218123
0.155851
0.118353
0.216462
0.171904
0.4417
0.0538775
0.21457
0.0816165
0.205643
0.212336
0.254894
0.310904
0.109008
0.185223
0.0513465
0.209346
0.26037
0.399047
0.427194
0.269903
0.191004
0.414375
0.16873
0.194075
0.252335
0.325775
0.130323
0.171067
0.26384
0.140019
0.187391
0.103496
0.0760174
0.303123
0.238134
0.353014
0.0628156
0.255064
0.127584
0.340923
0.421
0.268214
0.291348
0.156031
0.268933
0.248721
0.256313
0.293026
0.174194
0.400728
0.142701
0.34115
0.258657
0.251961
0.241978
0.47126
0.244393
0.296588
0.306094
0.253971
0.340243
0.0876061
0.267978
0.212797
0.253653
0.119858
0.213869
0.25887
0.145836
0.284444
0.1612
0.101737
0.120362
0.169432
0.265761
0.0625594
0.305353
0.081454
0.1909
0.0385274
0.378866
0.267924
0.310182
0.257017
