0.115369
0.171921
0.188207
0.198768
0.258163
0.237643
0.256011
0.290138
0.259961
0.159651
0.216193
0.176299
0.233906
0.0472762
0.112986
0.124666
0.160162
0.184174
0.302543
0.207127
0.156611
0.26002
0.318821
0.0745583
0.353987
0.177022
0.247071
0.31412
0.484158
0.33624
0.131433
0.214788
0.265064
0.142737
0.360786
0.208923
0.281065
0.193308
0.417995
0.119403
0.256594
0.115649
0.221825
0.315992
0.265003
0.160533
0.208559
0.445841
0.104586
0.274175
0.156765
0.250171
0.274232
0.160459
0.2054
0.277637
0.305574
0.211412
0.430467
0.341782
0.377699
0.144333
0.152015
0.251995
0.357127
0.144367
0.139821
0.285476
0.43202
0.0884766
0.181809
0.228141
0.16401
0.258897
0.329658
0.320327
0.139222
0.130551
0.372135
0.221151
0.18039
0.319332
0.0883384
0.227861
0.42731
0.220989
0.133656
0.258825
0.154581
0.116796
0.407066
0.176093
0.313572
0.295808
0.237685
0.124165
0.253577
0.244509
0.190951
0.203552
