0.30767
0.328119
0.291255
0.132566
0.158553
0.374182
0.0623685
0.225782
0.233895
0.241204
0.404742
0.126378
0.172491
0.451868
0.340868
0.321473
0.102339
0.217611
0.342694
0.124032
0.267756
0.118071
0.135542
0.261643
0.313204
0.107557
0.31304
0.313293
0.166483
0.0774008
0.244006
0.282981
0.283661
0.259722
0.133672
0.139743
0.193525
0.243212
0.239562
0.0702686
0.368002
0.324034
0.25002
0.178678
0.434071
0.255845
0.117136
0.140416
0.353885
0.309799
0.125245
0.195959
0.208558
0.282493
0.209615
0.540373
0.134297
0.374229
0.16698
0.187588
0.260304
0.270459
0.333019
0.226705
0.215102
0.210716
0.213215
0.304458
0.481358
0.236523
0.206327
0.251785
0.164965
0.0627759
0.1773
0.377958
0.231145
0.173482
0.188175
0.232034
0.22175
0.107213
0.0972734
0.17949
0.267641
0.194292
0.245757
0.160608
0.219485
0.175859
0.195022
0.353563
0.206724
0.111258
0.13508
0.0523045
0.345632
0.33989
0.242283
0.0323719
