0.376689
0.397582
0.203966
0.326028
0.343775
0.292693
0.184323
0.290722
0.210071
0.129639
0.211137
0.169982
0.253179
0.145813
0.151586
0.192636
0.377109
0.112416
0.138912
0.241445
0.34871
0.103795
0.239569
0.169558
0.104922
0.173829
0.295471
0.145779
0.228465
0.303043
0.259787
0.165011
0.125199
0.201148
0.43399
0.119946
0.0433102
0.157562
0.221491
0.354244
0.160167
0.315694
0.263511
0.213599
0.196111
0.30167
0.0965205
0.33643
0.129835
0.170245
0.204992
0.254077
0.117239
0.382697
0.109554
0.24134
0.0756968
0.357092
0.236566
0.313967
0.183055
0.30656
0.271371
0.2427
0.215499
0.366739
0.454293
0.159118
0.176156
0.206545
0.296855
0.288335
0.287864
0.34381
0.144071
0.197897
0.323144
0.202597
0.125789
0.162713
0.29188
0.0866217
0.271556
0.543036
0.122282
0.110887
0.295301
0.136148
0.277589
0.510037
0.197389
0.279315
0.218725
0.194731
0.146306
0.215604
0.276389
0.137396
0.225513
0.150638
