0.0666786
0.266901
0.425137
0.356715
0.331869
0.120253
0.569134
0.297763
0.114299
0.178402
0.0561361
0.416043
0.0929195
0.184057
0.481289
0.174088
0.407599
0.365109
0.273678
0.240194
0.221163
0.233228
0.359623
0.155398
0.230881
0.302311
0.23697
0.150782
0.163766
0.0732287
0.316692
0.182365
0.184879
0.178198
0.236761
0.146201
0.163439
0.0524416
0.243811
0.128398
0.152691
0.236237
0.285514
0.243752
0.113594
0.0700925
0.122717
0.187347
0.373412
0.239035
0.194563
0.184299
0.0702614
0.0635192
0.202618
0.295462
0.276567
0.133321
0.261186
0.275867
0.367531
0.0858167
0.263099
0.180313
0.240388
0.321117
0.287959
0.421183
0.211233
0.152058
0.299853
0.206139
0.173546
0.125732
0.1518
0.214364
0.18376
0.277463
0.356914
0.139938
0.143409
0.340836
0.346159
0.18926
0.329669
0.11454
0.0442051
0.464615
0.222176
0.261492
0.211792
0.107913
0.156
0.379089
0.123766
0.433159
0.181949
0.158641
0.118027
0.238139
