0.365994
0.0878449
0.257295
0.252391
0.228733
0.245106
0.237083
0.241564
0.191848
0.310562
0.277734
0.234694
0.162702
0.109983
0.312154
0.191369
0.394243
0.101668
0.185681
0.28855
0.273857
0.397796
0.113871
0.263698
0.406025
0.212667
0.238643
0.379738
0.246104
0.305903
0.459341
0.176955
0.250975
0.419875
0.399956
0.265148
0.2041
0.222857
0.230425
0.137775
0.250925
0.327106
0.179477
0.16107
0.239936
0.170751
0.217191
0.157135
0.313166
0.197084
0.261573
0.253146
0.157669
0.214821
0.156191
0.192673
0.126515
0.416585
0.169246
0.372061
0.29575
0.195856
0.343489
0.310437
0.251925
0.304778
0.12814
0.29708
0.110644
0.190175
0.293352
0.227977
0.416214
0.215283
0.128468
0.14041
0.307632
0.246085
0.269672
0.174093
0.143858
0.108849
0.104465
0.175192
0.15861
0.221743
0.181361
0.129112
0.129192
0.142202
0.0890301
0.184594
0.242103
0.190761
0.247377
0.309747
0.284747
0.297096
0.321069
0.158138
