0.20052
0.178976
0.196833
0.331658
0.330485
0.238118
0.221597
0.306562
0.308058
0.206018
0.335631
0.189676
0.264356
0.296965
0.386941
0.489579
0.162385
0.2137
0.263802
0.406542
0.287245
0.135444
0.121916
0.256951
0.166564
0.27448
0.225843
0.163344
0.196442
0.25915
0.163663
0.388874
0.266205
0.428672
0.0434065
0.206788
0.0839582
0.311708
0.223734
0.340221
0.298524
0.139954
0.28646
0.153222
0.299363
0.167831
0.246846
0.298376
0.105687
0.343176
0.189613
0.155837
0.191927
0.153715
0.416823
0.415464
0.295525
0.236448
0.102264
0.0772626
0.220689
0.307621
0.110578
0.227104
0.165236
0.24828
0.426957
0.359696
0.0404094
0.341998
0.259579
0.0896126
0.0592662
0.217651
0.35099
0.225678
0.214841
0.36193
0.328853
0.0875989
0.147144
0.165717
0.219332
0.232085
0.278345
0.100891
0.0798394
0.186248
0.187367
0.196213
0.242448
0.254589
0.189148
0.120645
0.18746
0.213375
0.0297366
0.154676
0.131625
0.395688
