0.241194
0.145513
0.186126
0.141882
0.137656
0.340305
0.330974
0.326851
0.0596688
0.29545
0.318716
0.32564
0.251777
0.31404
0.0890476
0.297799
0.25501
0.199699
0.164862
0.138343
0.259949
0.263601
0.183997
0.181496
0.243293
0.154466
0.3064
0.421481
0.265556
0.231509
0.248804
0.261132
0.242665
0.0411755
0.278937
0.1894
0.167976
0.414375
0.539261
0.222687
0.296281
0.156562
0.185057
0.208276
0.359676
0.162774
0.0727475
0.146477
0.185084
0.195002
0.258102
0.164864
0.243956
0.180438
0.332459
0.183191
0.327486
0.222546
0.025713
0.332684
0.384498
0.234484
0.120139
0.363805
0.206174
0.24351
0.38086
0.404294
0.330356
0.220301
0.250461
0.361576
0.191904
0.314043
0.154481
0.0302219
0.285964
0.123022
0.257272
0.236609
0.11549
0.120407
0.213869
0.25887
0.132463
0.110914
0.263792
0.190914
0.239627
0.169432
0.32035
0.147693
0.217706
0.232356
0.326343
0.153498
0.377306
0.267924
0.239078
0.0785311
