0.194155
0.377214
0.346312
0.0693125
0.120534
0.0913602
0.467184
0.256046
0.234434
0.30329
0.164462
0.0431469
0.357015
0.194431
0.266032
0.198148
0.0873533
0.212997
0.306192
0.315307
0.194176
0.204788
0.379402
0.298102
0.110812
0.140779
0.0361948
0.182199
0.236686
0.346668
0.265862
0.210569
0.310908
0.106573
0.212313
0.155416
0.0947863
0.250407
0.208103
0.143217
0.167389
0.207362
0.341632
0.30459
0.16608
0.311628
0.320432
0.0578088
0.0500726
0.347347
0.192174
0.274182
0.158254
0.0941911
0.285001
0.194856
0.375232
0.184313
0.122208
0.302286
0.310613
0.244249
0.316928
0.197186
0.349261
0.188399
0.164788
0.189995
0.23241
0.125521
0.165709
0.357377
0.131326
0.294507
0.0561243
0.18908
0.310298
0.319829
0.154419
0.276031
0.128535
0.303974
0.311728
0.204598
0.106507
0.232641
0.191362
0.267087
0.51341
0.52137
0.140787
0.225499
0.399056
0.240879
0.347956
0.204792
0.134432
0.265126
0.251424
0.188639
