0.151499
0.211612
0.194625
0.314581
0.276759
0.23657
0.190881
0.187268
0.329359
0.392298
0.331445
0.186784
0.238185
0.221484
0.317355
0.177055
0.338778
0.341459
0.287649
0.121712
0.321695
0.276545
0.188402
0.0881011
0.0666597
0.159665
0.225646
0.122047
0.294774
0.132269
0.242807
0.2085
0.39344
0.249526
0.305063
0.424363
0.281071
0.19503
0.203919
0.218197
0.0528774
0.253738
0.204292
0.146944
0.194642
0.4233
0.257201
0.167774
0.173248
0.210656
0.245124
0.284574
0.348904
0.285792
0.0836711
0.241191
0.258692
0.338974
0.3715
0.0775608
0.318608
0.176373
0.241611
0.342438
0.171463
0.347771
0.268926
0.189483
0.169624
0.313815
0.208423
0.221499
0.0349191
0.184316
0.21559
0.371332
0.379887
0.328074
0.298488
0.330248
0.286734
0.296999
0.0494323
0.157637
0.123374
0.0919969
0.214276
0.329293
0.272429
0.130482
0.0939989
0.125011
0.1279
0.232551
0.337635
0.276827
0.232569
0.161143
0.267854
0.181403
