0.0848303
0.393497
0.280389
0.0717198
0.357503
0.30017
0.238679
0.194424
0.455087
0.254763
0.114001
0.259604
0.133685
0.191021
0.149638
0.230414
0.264391
0.281702
0.215893
0.354555
0.282868
0.111795
0.207096
0.165585
0.0698886
0.212884
0.287657
0.095377
0.130251
0.252274
0.245166
0.370008
0.278947
0.153582
0.167627
0.21691
0.139356
0.256101
0.22206
0.1146
0.223801
0.120978
0.25932
0.257084
0.165067
0.104218
0.291728
0.192312
0.240828
0.398796
0.138779
0.279329
0.232957
0.292661
0.0590724
0.284228
0.225217
0.191785
0.0892053
0.188673
0.176253
0.161318
0.312075
0.129052
0.30583
0.161096
0.192776
0.258442
0.295305
0.28495
0.370125
0.36421
0.252144
0.363884
0.157809
0.0706946
0.178445
0.374575
0.231119
0.138931
0.379981
0.259791
0.255091
0.244483
0.224601
0.173147
0.10386
0.308735
0.28016
0.239352
0.298772
0.263821
0.223924
0.357828
0.397898
0.464889
0.406341
0.0554162
0.213886
0.256044
