0.179177
0.0877798
0.153024
0.258219
0.223529
0.212662
0.114862
0.133593
0.177545
0.248122
0.313222
0.22586
0.134604
0.300262
0.124792
0.0799445
0.335306
0.232961
0.308748
0.159345
0.170687
0.314497
0.141792
0.277627
0.28654
0.282432
0.175979
0.25702
0.223507
0.0700969
0.0519488
0.374767
0.296918
0.138601
0.384202
0.326312
0.371699
0.27163
0.105039
0.372737
0.339941
0.239685
0.199203
0.124479
0.144998
0.279825
0.325887
0.264426
0.219004
0.347555
0.0967068
0.286287
0.279814
0.194119
0.0624476
0.234085
0.243111
0.0940899
0.499227
0.247323
0.254176
0.220495
0.219076
0.148414
0.268654
0.326546
0.206188
0.335652
0.258571
0.246421
0.113074
0.298984
0.298075
0.110734
0.169754
0.299999
0.397345
0.164471
0.503263
0.226252
0.068262
0.242607
0.184169
0.256092
0.225654
0.310766
0.25686
0.264164
0.2425
0.250838
0.164089
0.263664
0.168846
0.479711
0.162413
0.0470838
0.334755
0.190516
0.119887
0.202592
