0.291657
0.285564
0.0638941
0.478002
0.312922
0.450237
0.268663
0.217962
0.291952
0.139003
0.135995
0.168225
0.294889
0.243109
0.11093
0.233737
0.263769
0.442494
0.120044
0.346939
0.207656
0.209341
0.366368
0.217141
0.194505
0.158738
0.151392
0.343309
0.168155
0.252615
0.205539
0.16243
0.32459
0.232916
0.261264
0.29424
0.230189
0.241364
0.137435
0.191037
0.337082
0.190868
0.25695
0.162994
0.331428
0.374255
0.341289
0.264946
0.274517
0.277871
0.136156
0.289259
0.0713262
0.175847
0.0338224
0.16432
0.315121
0.149981
0.350344
0.383551
0.295436
0.166344
0.381823
0.205796
0.119698
0.280981
0.27704
0.225082
0.113702
0.215929
0.455683
0.195459
0.387093
0.221073
0.171286
0.144448
0.124279
0.229997
0.174711
0.311869
0.374157
0.100232
0.14669
0.125183
0.155386
0.0915312
0.281594
0.313517
0.219319
0.281817
0.121685
0.124967
0.307167
0.0655694
0.215789
0.119274
0.27008
0.275909
0.0517055
0.146798
