0.223129
0.128668
0.279119
0.251823
0.191604
0.384387
0.304895
0.214523
0.208789
0.264103
0.375591
0.0554591
0.20781
0.162935
0.18022
0.291261
0.134905
0.292247
0.241591
0.0893905
0.25716
0.259152
0.271419
0.201463
0.138976
0.319081
0.29337
0.183935
0.280556
0.323783
0.300509
0.187701
0.267995
0.307764
0.207476
0.286199
0.363476
0.243415
0.123544
0.0722433
0.216798
0.367412
0.212845
0.390679
0.16483
0.471228
0.177326
0.337393
0.215499
0.159455
0.23269
0.349588
0.155914
0.247338
0.084412
0.0693122
0.298905
0.124595
0.0822943
0.250823
0.292611
0.447442
0.223094
0.101536
0.451655
0.200991
0.161722
0.207221
0.124202
0.20373
0.20018
0.195965
0.562589
0.256
0.122202
0.207542
0.138627
0.247166
0.124642
0.130685
0.24335
0.32702
0.32699
0.39652
0.308727
0.242342
0.0789013
0.134019
0.26873
0.396137
0.159601
0.270254
0.117481
0.0910458
0.233828
0.0684411
0.169113
0.296283
0.139661
0.0864456
