0.15097
0.342233
0.355931
0.222378
0.116027
0.229423
0.169182
0.449247
0.114632
0.280069
0.135641
0.35187
0.195019
0.410685
0.116918
0.247072
0.297472
0.381395
0.15387
0.162815
0.114046
0.216088
0.320729
0.446008
0.253578
0.137909
0.311297
0.262305
0.215461
0.153623
0.342353
0.0816478
0.353054
0.223728
0.224893
0.07178
0.243501
0.272704
0.0875343
0.320773
0.341181
0.217817
0.240773
0.235366
0.252949
0.210136
0.287784
0.22806
0.390551
0.220289
0.374945
0.270507
0.113817
0.163505
0.288088
0.159531
0.301246
0.295353
0.235902
0.126711
0.281257
0.108636
0.428086
0.131931
0.146367
0.255441
0.166383
0.141984
0.142679
0.311485
0.145536
0.0864614
0.118774
0.202955
0.136688
0.214877
0.169767
0.313576
0.113973
0.18139
0.362142
0.137622
0.42955
0.176265
0.137247
0.15126
0.177674
0.349358
0.375081
0.111289
0.192536
0.125087
0.150769
0.114462
0.406253
0.11245
0.143431
0.283415
0.35074
0.395767
