0.308335
0.353574
0.142924
0.400514
0.162179
0.157466
0.163353
0.18021
0.368158
0.345485
0.40913
0.250599
0.073009
0.240553
0.212515
0.415298
0.271635
0.166964
0.329026
0.0697858
0.11002
0.356904
0.125686
0.141522
0.262272
0.237893
0.251828
0.0646346
0.189983
0.268196
0.307888
0.260711
0.245284
0.373135
0.059345
0.263156
0.122688
0.179673
0.207577
0.177812
0.478845
0.367305
0.179608
0.234053
0.20878
0.26021
0.146723
0.162935
0.365937
0.242383
0.204312
0.226161
0.296321
0.265698
0.405678
0.295098
0.0471752
0.285598
0.151096
0.11999
0.362937
0.349407
0.224545
0.535897
0.187614
0.186372
0.244441
0.11541
0.112821
0.129728
0.111466
0.237295
0.273246
0.19767
0.378676
0.122958
0.256723
0.283199
0.309208
0.229789
0.10451
0.260098
0.232335
0.183239
0.221491
0.28902
0.1691
0.149995
0.286454
0.251924
0.294047
0.0653403
0.263069
0.0743726
0.18235
0.160723
0.111134
0.246089
0.271133
0.178288
