0.218346
0.1958
0.150871
0.0792031
0.189434
0.267581
0.533625
0.11271
0.325293
0.151756
0.154728
0.246071
0.168664
0.360881
0.0930109
0.229857
0.131961
0.185581
0.166317
0.357187
0.224486
0.164791
0.204159
0.189138
0.23014
0.0728933
0.256126
0.360799
0.105661
0.279661
0.250197
0.182704
0.045586
0.275456
0.095945
0.296735
0.24195
0.168324
0.349956
0.177593
0.18616
0.218286
0.232975
0.113081
0.106217
0.157155
0.42245
0.369765
0.138651
0.176113
0.4894
0.287583
0.247942
0.246214
0.278109
0.186489
0.28343
0.282693
0.169641
0.344798
0.106559
0.0761523
0.344753
0.336906
0.129503
0.0481128
0.21603
0.290522
0.258991
0.290799
0.210349
0.26713
0.19639
0.49043
0.167513
0.364563
0.177988
0.449882
0.274199
0.283697
0.19429
0.207106
0.314271
0.14337
0.0882069
0.271223
0.270678
0.264776
0.0954359
0.272967
0.331238
0.272328
0.219253
0.366374
0.143151
0.240184
0.265042
0.0868349
0.316385
0.191075
