0.34749
0.277244
0.137957
0.355138
0.320287
0.296653
0.162953
0.191749
0.246963
0.0874472
0.126402
0.200682
0.152869
0.255175
0.358334
0.144943
0.203117
0.236399
0.185016
0.117098
0.287388
0.274601
0.220193
0.232451
0.311362
0.189442
0.203596
0.243375
0.310971
0.187838
0.223494
0.33784
0.390507
0.276554
0.272104
0.169984
0.219996
0.196048
0.233414
0.143809
0.364518
0.346904
0.551589
0.194553
0.373496
0.285884
0.276378
0.187053
0.218902
0.21277
0.113888
0.369751
0.257986
0.263205
0.0761636
0.254714
0.0869366
0.225166
0.349914
0.306442
0.0985818
0.333989
0.145683
0.163075
0.102659
0.246903
0.197692
0.306689
0.268409
0.0855171
0.225358
0.309115
0.240206
0.359373
0.170452
0.243775
0.203278
0.303512
0.12684
0.228403
0.037577
0.399495
0.0808041
0.341329
0.202407
0.356584
0.132152
0.232129
0.19245
0.19207
0.431287
0.112841
0.285492
0.21079
0.143082
0.202008
0.105714
0.250766
0.19304
0.195858
