0.391536
0.2326
0.363891
0.209485
0.182017
0.202364
0.276936
0.0866437
0.256681
0.198499
0.0872042
0.12966
0.205726
0.216509
0.2133
0.276738
0.331844
0.22684
0.220078
0.234755
0.270191
0.294724
0.213658
0.212723
0.289371
0.273185
0.270483
0.168652
0.160875
0.29707
0.155781
0.244271
0.139945
0.376539
0.256138
0.489049
0.25482
0.419761
0.341191
0.227747
0.375944
0.311933
0.196162
0.14554
0.276659
0.151647
0.0999926
0.244475
0.176414
0.344561
0.12301
0.149627
0.0361295
0.300571
0.189188
0.345432
0.158739
0.3513
0.178629
0.180818
0.269625
0.428464
0.136712
0.184943
0.170135
0.201544
0.0978393
0.277171
0.276528
0.260796
0.206109
0.170894
0.116631
0.31485
0.443646
0.126979
0.0733333
0.228038
0.0999481
0.236327
0.100652
0.248743
0.332687
0.356895
0.2915
0.197004
0.11079
0.288955
0.141178
0.161394
0.276596
0.166471
0.29317
0.277961
0.248019
0.224548
0.406956
0.309
0.224775
0.0763832
