0.17417
0.258739
0.150895
0.288345
0.173171
0.244633
0.225894
0.0868273
0.13501
0.176844
0.281964
0.287315
0.159108
0.188398
0.191149
0.380723
0.219414
0.204852
0.179291
0.124315
0.342701
0.220665
0.170625
0.255145
0.142581
0.148288
0.199158
0.203746
0.240488
0.248358
0.256404
0.24058
0.20839
0.17926
0.220879
0.155122
0.184691
0.179722
0.433416
0.260517
0.202065
0.284279
0.508858
0.174732
0.187904
0.411558
0.155824
0.18083
0.166502
0.313801
0.357153
0.144407
0.220635
0.149675
0.298089
0.342732
0.345186
0.285493
0.27909
0.395854
0.293954
0.361793
0.230058
0.313549
0.165659
0.192257
0.094119
0.155839
0.280607
0.317847
0.323597
0.253737
0.121773
0.39303
0.219831
0.182653
0.259423
0.253066
0.354052
0.265714
0.138314
0.238071
0.120537
0.154331
0.138523
0.302786
0.270068
0.215969
0.399951
0.261583
0.175792
0.233815
0.107412
0.243204
0.265421
0.270894
0.150284
0.302762
0.303673
0.276576
