0.332613
0.422285
0.113082
0.211524
0.25893
0.305267
0.167847
0.316107
0.283973
0.192734
0.242514
0.376929
0.146344
0.272747
0.360363
0.194206
0.131541
0.178054
0.168715
0.253589
0.139385
0.296575
0.237577
0.233734
0.0853992
0.289798
0.206394
0.115726
0.174232
0.250642
0.0912433
0.263817
0.131986
0.139582
0.173174
0.238054
0.284099
0.347629
0.159307
0.375831
0.164199
0.254303
0.252655
0.108009
0.191029
0.266488
0.207293
0.465703
0.236944
0.245656
0.15164
0.246205
0.303291
0.299358
0.29543
0.254255
0.244039
0.506563
0.198954
0.225501
0.259063
0.130319
0.235818
0.362876
0.126169
0.301631
0.136752
0.191838
0.333222
0.220194
0.233706
0.207764
0.0887808
0.26355
0.0939991
0.207388
0.498069
0.184466
0.284598
0.153331
0.24563
0.276684
0.186795
0.18266
0.315661
0.132472
0.248861
0.145038
0.296877
0.263071
0.46376
0.203168
0.22169
0.14872
0.280149
0.164029
0.208364
0.208113
0.292381
0.115361
