0.198204
0.432226
0.207657
0.335995
0.254628
0.226238
0.295283
0.356584
0.0969194
0.35263
0.130166
0.437531
0.116003
0.157353
0.278336
0.225387
0.194601
0.166964
0.173578
0.263353
0.375148
0.107769
0.178164
0.356895
0.170944
0.235896
0.247385
0.151655
0.402861
0.18075
0.26348
0.191244
0.356198
0.184375
0.229638
0.168023
0.368403
0.188877
0.200315
0.453772
0.112496
0.458017
0.172777
0.148023
0.252462
0.3077
0.321435
0.080371
0.201929
0.313336
0.0659253
0.0821905
0.255432
0.234924
0.22563
0.343037
0.129311
0.042322
0.199085
0.337785
0.0467226
0.158068
0.292895
0.181124
0.115647
0.0875028
0.515463
0.306499
0.340732
0.220545
0.306048
0.0959127
0.138401
0.116152
0.191757
0.143686
0.330971
0.269517
0.192926
0.173685
0.181131
0.153136
0.252924
0.218428
0.124761
0.203367
0.278655
0.304568
0.128271
0.158324
0.150297
0.360479
0.329306
0.334354
0.166533
0.15824
0.227697
0.294411
0.214807
0.297539
