0.0998002
0.18605
0.360378
0.407794
0.12941
0.203637
0.216116
0.171815
0.241243
0.0884743
0.24658
0.147638
0.130244
0.33591
0.278526
0.135626
0.230984
0.174982
0.1135
0.241242
0.200221
0.16143
0.330285
0.342731
0.0971522
0.28087
0.169092
0.243964
0.347113
0.240706
0.171566
0.233946
0.350178
0.380186
0.266243
0.16449
0.264776
0.241062
0.270202
0.247716
0.15799
0.26163
0.130845
0.418016
0.092479
0.087615
0.237512
0.263123
0.320079
0.133018
0.134413
0.0338818
0.373327
0.212759
0.126341
0.166368
0.175027
0.0763062
0.147907
0.389002
0.17631
0.511279
0.136457
0.25498
0.140783
0.373555
0.307192
0.136209
0.310574
0.166454
0.318207
0.220356
0.170134
0.385685
0.292257
0.0916669
0.0935425
0.267228
0.185835
0.372867
0.136085
0.203117
0.217163
0.209841
0.497525
0.206529
0.283362
0.266846
0.189036
0.116963
0.457894
0.0807744
0.269289
0.267499
0.284488
0.235567
0.300211
0.21501
0.241211
0.317142
