0.166505
0.32007
0.333374
0.25414
0.278473
0.229848
0.0960198
0.132889
0.258271
0.237123
0.156328
0.179835
0.366302
0.202077
0.28461
0.338302
0.178101
0.1527
0.301576
0.348931
0.133717
0.251145
0.0408071
0.243302
0.120227
0.286238
0.199778
0.220672
0.0770778
0.2205
0.296692
0.0955002
0.240019
0.269494
0.19878
0.364446
0.0833894
0.411078
0.318366
0.299692
0.302705
0.154372
0.131279
0.164375
0.247561
0.214136
0.230531
0.203997
0.131629
0.39424
0.223563
0.319713
0.102432
0.363295
0.255841
0.146414
0.153171
0.190539
0.143914
0.403078
0.371408
0.206268
0.0783162
0.256405
0.388592
0.201151
0.295324
0.175436
0.147725
0.29576
0.1413
0.262502
0.281097
0.245916
0.346367
0.468791
0.461245
0.219444
0.110592
0.230457
0.108186
0.147245
0.205488
0.328986
0.231225
0.0671388
0.51175
0.283279
0.129708
0.353187
0.132411
0.117382
0.191083
0.310614
0.117871
0.178974
0.133365
0.0856753
0.227027
0.289792
