0.124777
0.222138
0.183294
0.196404
0.249292
0.084048
0.263439
0.304497
0.199423
0.283485
0.40752
0.339824
0.284072
0.11351
0.224764
0.253394
0.211026
0.125115
0.180748
0.201387
0.0953232
0.293346
0.254318
0.236634
0.184454
0.183646
0.241727
0.368883
0.122171
0.267268
0.139253
0.237582
0.232365
0.314479
0.316002
0.290276
0.125001
0.320201
0.262813
0.103038
0.280358
0.188954
0.267457
0.153763
0.310343
0.227842
0.145581
0.243139
0.334584
0.410395
0.240472
0.0545371
0.0948369
0.215087
0.113795
0.449166
0.395264
0.271334
0.17134
0.167967
0.119014
0.181517
0.296419
0.310246
0.198486
0.175039
0.351067
0.214401
0.370865
0.149297
0.0841233
0.246669
0.133595
0.182472
0.165573
0.381549
0.184255
0.25059
0.214351
0.523213
0.332075
0.212943
0.225903
0.289425
0.47534
0.273486
0.27156
0.135434
0.166829
0.283539
0.21571
0.117135
0.185612
0.321503
0.0838078
0.221875
0.165642
0.272602
0.239904
0.287379
