0.212614
0.223379
0.302004
0.308839
0.118207
0.107911
0.343112
0.248324
0.113427
0.172432
0.153303
0.102981
0.343663
0.0255117
0.352549
0.177738
0.110979
0.238097
0.281994
0.122017
0.0540892
0.533388
0.335423
0.0969266
0.117084
0.28128
0.378679
0.433464
0.255815
0.295703
0.195458
0.0965208
0.229887
0.22529
0.315465
0.179943
0.0266132
0.123248
0.388012
0.140818
0.265782
0.199577
0.484165
0.386812
0.123983
0.195231
0.147239
0.290099
0.331355
0.231188
0.148439
0.118123
0.137342
0.296682
0.176496
0.301467
0.369872
0.181824
0.0927281
0.11403
0.128427
0.281175
0.109742
0.145153
0.246575
0.0453483
0.210328
0.164117
0.114288
0.178576
0.223278
0.169545
0.441336
0.550762
0.340304
0.215937
0.324244
0.0710226
0.4423
0.116184
0.0742172
0.11917
0.229318
0.237704
0.194451
0.191217
0.330597
0.235215
0.337505
0.0628888
0.231236
0.34311
0.187394
0.307222
0.166825
0.33798
0.282676
0.253925
0.174661
0.223733
