0.301269
0.135238
0.201455
0.249194
0.263028
0.288827
0.307554
0.271048
0.265484
0.223091
0.251326
0.405848
0.299456
0.43203
0.17819
0.203466
0.180845
0.19607
0.153968
0.253425
0.110133
0.233284
0.363716
0.230197
0.179101
0.191367
0.378132
0.31585
0.200757
0.565073
0.243229
0.261624
0.234994
0.34518
0.189737
0.193802
0.167249
0.255372
0.0363106
0.40122
0.111704
0.305584
0.207914
0.127774
0.366045
0.190135
0.179055
0.364782
0.177031
0.236495
0.234441
0.249943
0.0914002
0.22026
0.168198
0.306218
0.215107
0.301244
0.143698
0.197791
0.441598
0.430903
0.269931
0.282378
0.096615
0.162206
0.160837
0.160826
0.0556953
0.0593822
0.171746
0.119065
0.202619
0.17384
0.101399
0.131926
0.306925
0.351912
0.131875
0.125443
0.258004
0.0724236
0.237557
0.205082
0.232904
0.106714
0.151553
0.176197
0.259046
0.218522
0.159525
0.249045
0.146969
0.607107
0.336
0.245862
0.140241
0.190696
0.240412
0.187569
