0.199436
0.193411
0.208765
0.275685
0.323422
0.300173
0.298506
0.201571
0.308116
0.0917742
0.282677
0.226481
0.247781
0.232092
0.111994
0.197327
0.300136
0.262692
0.102576
0.326117
0.324899
0.160863
0.113028
0.4081
0.168564
0.184143
0.490689
0.0323016
0.334773
0.302154
0.143389
0.237556
0.17251
0.0405782
0.40998
0.203079
0.465551
0.265441
0.201487
0.189352
0.314095
0.329174
0.371443
0.231939
0.155622
0.240096
0.356741
0.124883
0.197218
0.30338
0.210894
0.239926
0.285509
0.130042
0.0555571
0.257601
0.169901
0.149981
0.161032
0.362077
0.243119
0.419845
0.323275
0.20478
0.205456
0.0468963
0.238791
0.200096
0.191134
0.253938
0.225525
0.181891
0.172088
0.272197
0.262656
0.261448
0.261823
0.339192
0.263836
0.243324
0.249478
0.169736
0.0781937
0.117746
0.257252
0.288089
0.115998
0.0645124
0.292363
0.267926
0.190232
0.328583
0.24905
0.134458
0.244451
0.128738
0.181372
0.325279
0.157178
0.397931
