0.261831
0.161462
0.336393
0.16187
0.260042
0.0692102
0.199145
0.452883
0.399377
0.16114
0.138866
0.0939232
0.188549
0.183078
0.297705
0.346266
0.111835
0.121745
0.262324
0.153604
0.105381
0.226029
0.419413
0.120519
0.159958
0.277897
0.238224
0.167629
0.179835
0.338084
0.37606
0.216198
0.135408
0.121909
0.186479
0.193921
0.308552
0.196136
0.384987
0.3793
0.285881
0.180003
0.205729
0.226763
0.194904
0.151354
0.290946
0.24103
0.157657
0.459499
0.469069
0.146606
0.0869687
0.392826
0.321903
0.261293
0.169079
0.313383
0.208446
0.307637
0.276397
0.126576
0.282648
0.168013
0.293864
0.213362
0.154962
0.268545
0.0493742
0.477595
0.254886
0.154278
0.333052
0.246513
0.198377
0.29107
0.114048
0.35107
0.140171
0.0678739
0.374949
0.100454
0.264486
0.191389
0.0692004
0.128509
0.173719
0.153254
0.311192
0.328334
0.187205
0.0536403
0.278281
0.216643
0.136886
0.42396
0.0771034
0.165117
0.331409
0.221353
