0.0811867
0.316687
0.155911
0.168332
0.288855
0.185067
0.259045
0.1996
0.269354
0.264889
0.145549
0.258016
0.338762
0.19319
0.231633
0.274732
0.376146
0.201988
0.251264
0.208182
0.253814
0.351018
0.377297
0.301916
0.171306
0.272866
0.177439
0.0285081
0.336225
0.0156792
0.287024
0.246129
0.102644
0.141884
0.308676
0.201939
0.0341735
0.16714
0.137194
0.186863
0.190233
0.159378
0.0213407
0.307835
0.302372
0.488388
0.353941
0.326415
0.240681
0.171541
0.200178
0.140338
0.2848
0.211886
0.242548
0.29448
0.351984
0.152253
0.11106
0.217428
0.263632
0.267282
0.199386
0.181798
0.142011
0.326764
0.0956673
0.319975
0.25303
0.0867252
0.163893
0.213738
0.472009
0.269543
0.175145
0.195072
0.12754
0.183498
0.376498
0.264894
0.111995
0.326184
0.205202
0.135552
0.181763
0.279382
0.308073
0.349647
0.174483
0.324356
0.302357
0.431586
0.163955
0.378181
0.333537
0.312916
0.145045
0.161593
0.161401
0.25053
