0.251212
0.116142
0.273295
0.333892
0.164602
0.213178
0.398308
0.215095
0.268586
0.176666
0.297792
0.0665736
0.229344
0.310092
0.136427
0.285424
0.273826
0.108361
0.0994244
0.415218
0.164736
0.255648
0.161605
0.224021
0.322554
0.207684
0.0943847
0.325628
0.187185
0.292823
0.250584
0.241544
0.185483
0.106631
0.433062
0.174795
0.239844
0.367811
0.257239
0.113966
0.229222
0.229731
0.106224
0.305303
0.0881745
0.369778
0.181855
0.158993
0.216168
0.164005
0.254704
0.141483
0.11701
0.161292
0.33895
0.18546
0.19571
0.125669
0.0558338
0.111829
0.233079
0.280675
0.247835
0.181288
0.181593
0.11485
0.279162
0.473168
0.210884
0.228403
0.0923394
0.293307
0.333247
0.377415
0.091323
0.196413
0.543607
0.231746
0.201119
0.307149
0.380406
0.29347
0.381905
0.158286
0.189873
0.0687507
0.17157
0.104527
0.170275
0.169433
0.257206
0.185117
0.259111
0.410748
0.38696
0.228563
0.279198
0.240784
0.236956
0.367417
