0.071117
0.250004
0.259015
0.164938
0.237643
0.222014
0.571801
0.256131
0.405761
0.379605
0.196322
0.29468
0.265728
0.156232
0.271508
0.249137
0.132259
0.272507
0.120139
0.341347
0.187305
0.230073
0.269149
0.157704
0.140971
0.095037
0.241492
0.185495
0.231453
0.205277
0.077631
0.315688
0.132863
0.176245
0.282705
0.201097
0.178323
0.426095
0.175403
0.201396
0.0876268
0.0800318
0.386723
0.371419
0.431869
0.0972056
0.329116
0.107635
0.483968
0.272092
0.267871
0.197496
0.114861
0.586089
0.0721726
0.388716
0.273268
0.161834
0.0437201
0.169736
0.168184
0.0935343
0.208846
0.268851
0.147845
0.290922
0.238559
0.176915
0.0811554
0.205648
0.29092
0.0691479
0.238626
0.192288
0.0919018
0.183844
0.0461282
0.405991
0.199368
0.22951
0.218295
0.232973
0.22232
0.204031
0.308744
0.226568
0.262373
0.109196
0.148509
0.102103
0.307199
0.500491
0.0906136
0.176547
0.179938
0.18098
0.380582
0.261671
0.225912
0.104598
