0.0851067
0.10085
0.244835
0.147424
0.296901
0.204032
0.450242
0.218248
0.349817
0.361776
0.249787
0.283901
0.181843
0.21318
0.185574
0.150286
0.122484
0.235309
0.193836
0.306489
0.349791
0.445491
0.502526
0.177264
0.301301
0.145396
0.407979
0.252116
0.423603
0.348771
0.177057
0.173067
0.291511
0.11626
0.142421
0.24429
0.303104
0.0558282
0.340065
0.269213
0.118942
0.168571
0.169038
0.0583413
0.265323
0.382592
0.189015
0.342646
0.237236
0.348095
0.172287
0.170416
0.155261
0.256582
0.0674079
0.267481
0.240613
0.232375
0.135227
0.272303
0.124033
0.226625
0.234358
0.192959
0.238087
0.233914
0.369146
0.326641
0.235764
0.221805
0.191409
0.240244
0.321263
0.273896
0.112926
0.272511
0.394721
0.242612
0.0951057
0.168143
0.222439
0.286354
0.169112
0.292999
0.149302
0.257437
0.270845
0.286329
0.298018
0.328159
0.256244
0.0862111
0.235937
0.157606
0.0440396
0.203784
0.175174
0.125087
0.187362
0.144984
