0.184389
0.168444
0.314304
0.217196
0.189897
0.349111
0.286744
0.567901
0.182999
0.352223
0.155985
0.378834
0.271828
0.250218
0.298175
0.224499
0.27963
0.187873
0.268886
0.118994
0.259961
0.171705
0.331622
0.123851
0.291688
0.156561
0.398819
0.112242
0.22883
0.128825
0.227988
0.25304
0.0911093
0.218301
0.385429
0.286403
0.0817079
0.0509932
0.0448395
0.279288
0.235265
0.277916
0.328942
0.128191
0.507131
0.128978
0.198235
0.238769
0.151471
0.158632
0.163766
0.219167
0.339538
0.156784
0.297906
0.32965
0.294426
0.175806
0.100732
0.189742
0.397846
0.190959
0.274124
0.485352
0.16219
0.132126
0.260878
0.19076
0.0891422
0.289081
0.301788
0.148019
0.307173
0.249377
0.174572
0.266122
0.265573
0.157415
0.2065
0.293332
0.256015
0.278451
0.108287
0.212593
0.232392
0.177648
0.176963
0.161234
0.17865
0.308148
0.0946619
0.335829
0.171684
0.241251
0.363641
0.0758368
0.14532
0.307846
0.272498
0.12162
