0.202226
0.130834
0.19936
0.170434
0.203246
0.160152
0.354241
0.202387
0.225006
0.186716
0.302281
0.278127
0.403115
0.351534
0.358791
0.245809
0.124433
0.18537
0.281946
0.24754
0.327626
0.209314
0.235387
0.318496
0.291282
0.224047
0.148274
0.268121
0.274586
0.23179
0.225835
0.307698
0.0597613
0.283368
0.334491
0.172438
0.328899
0.281368
0.24313
0.254327
0.260915
0.332944
0.111771
0.181856
0.367483
0.130104
0.326748
0.193162
0.313777
0.158637
0.18513
0.118649
0.116363
0.362899
0.0819511
0.301237
0.268602
0.270272
0.266684
0.104986
0.15367
0.195392
0.320357
0.20199
0.0946506
0.242266
0.161435
0.225202
0.250727
0.254586
0.174039
0.194025
0.304909
0.233395
0.143741
0.134658
0.17563
0.165096
0.376289
0.190052
0.527566
0.163209
0.247979
0.0540647
0.236927
0.114914
0.246798
0.133058
0.331488
0.121676
0.24935
0.391931
0.425348
0.327396
0.30378
0.211892
0.22751
0.0897549
0.27286
0.272319
