0.213511
0.0575376
0.0433328
0.119038
0.229169
0.130013
0.132841
0.291405
0.27931
0.437284
0.409681
0.340142
0.11798
0.113669
0.247611
0.119244
0.165693
0.1982
0.177382
0.25706
0.263173
0.0960096
0.157347
0.309574
0.381732
0.276206
0.343758
0.241981
0.26514
0.207387
0.28868
0.0982588
0.218446
0.047127
0.402722
0.296529
0.394957
0.254741
0.252242
0.277277
0.259457
0.27648
0.296763
0.143915
0.190681
0.303577
0.256281
0.196862
0.154324
0.174962
0.411161
0.158341
0.136727
0.2163
0.434821
0.413392
0.194816
0.135867
0.0848329
0.117672
0.138643
0.258267
0.192971
0.074806
0.414763
0.290355
0.138044
0.289953
0.141865
0.120553
0.0989168
0.135671
0.0693932
0.244143
0.283057
0.227006
0.219865
0.409173
0.0529962
0.155798
0.321722
0.345399
0.359924
0.20518
0.303878
0.404016
0.20378
0.312347
0.231076
0.0852779
0.265324
0.226465
0.2008
0.236789
0.361323
0.135333
0.21055
0.273114
0.356008
0.196938
