0.144316
0.168384
0.406611
0.0997525
0.148399
0.350865
0.145062
0.263298
0.0184622
0.118016
0.239738
0.211459
0.192386
0.2951
0.304917
0.240748
0.131711
0.194974
0.185411
0.398875
0.203068
0.31749
0.247297
0.118793
0.322931
0.248003
0.134075
0.305651
0.27299
0.154363
0.259943
0.233121
0.229329
0.182819
0.329652
0.333887
0.171725
0.275609
0.191141
0.187351
0.205992
0.283863
0.181778
0.392906
0.361466
0.29722
0.302056
0.124333
0.274653
0.164935
0.218902
0.329551
0.17385
0.252206
0.311771
0.255668
0.198811
0.136515
0.151755
0.234903
0.326443
0.345927
0.0702862
0.35555
0.344683
0.157479
0.155767
0.381967
0.22927
0.0748621
0.101519
0.315345
0.564243
0.340528
0.244536
0.0733963
0.314884
0.376563
0.16608
0.151152
0.152409
0.1997
0.337687
0.217269
0.191822
0.243124
0.229734
0.153698
0.196921
0.348683
0.253839
0.206675
0.0344222
0.216071
0.154334
0.24819
0.0553678
0.344877
0.261651
0.213454
