0.1571
0.0894732
0.124611
0.111321
0.328836
0.126554
0.23354
0.329679
0.20915
0.412843
0.0909334
0.27954
0.198141
0.228421
0.205465
0.443043
0.322613
0.277875
0.22434
0.228599
0.334268
0.188512
0.297296
0.111489
0.186337
0.302409
0.459289
0.166252
0.180334
0.283223
0.183944
0.21077
0.408187
0.147019
0.12605
0.310178
0.456628
0.355423
0.0785803
0.142124
0.253887
0.328824
0.158953
0.136066
0.278764
0.173166
0.0861491
0.393537
0.266338
0.300875
0.187591
0.195925
0.348046
0.225999
0.0997624
0.220618
0.35451
0.144917
0.227863
0.132576
0.17846
0.275344
0.106065
0.17294
0.296167
0.277281
0.203087
0.261046
0.17466
0.250686
0.48298
0.142976
0.221603
0.25729
0.0883383
0.175075
0.25126
0.205078
0.217713
0.170272
0.11674
0.0797587
0.364454
0.193972
0.131932
0.383843
0.290333
0.193629
0.135942
0.558722
0.119057
0.178456
0.0909646
0.2981
0.202992
0.232746
0.111598
0.362306
0.103103
0.219313
