0.321174
0.266901
0.234967
0.313075
0.316698
0.49234
0.072273
0.294496
0.165734
0.187275
0.0561361
0.347714
0.0929195
0.235433
0.0608401
0.19322
0.32025
0.104085
0.14466
0.240194
0.253969
0.182335
0.517246
0.14421
0.139763
0.125783
0.23697
0.271899
0.486205
0.0969322
0.120199
0.182365
0.184879
0.265421
0.265348
0.464376
0.163439
0.13449
0.243811
0.337788
0.152691
0.212776
0.203408
0.243752
0.116934
0.0700925
0.165851
0.163823
0.387403
0.284314
0.44078
0.219316
0.185153
0.116447
0.271979
0.403569
0.276567
0.198562
0.122544
0.191398
0.2895
0.177008
0.263099
0.13457
0.240388
0.273797
0.293721
0.134231
0.211233
0.152058
0.267435
0.206139
0.319485
0.108601
0.247852
0.214364
0.18376
0.428711
0.137566
0.139938
0.072885
0.278894
0.346159
0.191828
0.325455
0.11454
0.0442051
0.527156
0.249695
0.168456
0.27945
0.107913
0.258575
0.311776
0.353593
0.142419
0.107018
0.216981
0.200105
0.237731
