0.292388
0.295393
0.180555
0.338449
0.384981
0.140559
0.152359
0.227619
0.303436
0.206684
0.242996
0.191742
0.294889
0.243109
0.158009
0.177808
0.428409
0.376274
0.263694
0.346939
0.207656
0.204962
0.416358
0.444161
0.129702
0.253459
0.151392
0.211076
0.248485
0.0578267
0.164419
0.106685
0.369616
0.232916
0.224922
0.158643
0.235281
0.269447
0.236591
0.191037
0.191603
0.257999
0.170108
0.198382
0.301946
0.24569
0.356741
0.264946
0.205059
0.334246
0.339731
0.130708
0.176433
0.256923
0.0555571
0.16432
0.242332
0.149981
0.342848
0.396264
0.242056
0.205983
0.309776
0.153062
0.183992
0.412547
0.150338
0.225082
0.113702
0.199966
0.359875
0.244625
0.244731
0.230571
0.159926
0.232841
0.236178
0.229997
0.205066
0.199713
0.197097
0.279898
0.183227
0.125183
0.245913
0.193987
0.115998
0.313517
0.355787
0.348726
0.0752977
0.124967
0.24905
0.272078
0.424138
0.150319
0.204003
0.262303
0.120049
0.146798
