0.405774
0.260375
0.231138
0.289407
0.3367
0.148723
0.314661
0.42457
0.24789
0.300436
0.121515
0.132839
0.181233
0.290975
0.189593
0.135257
0.319582
0.275024
0.308423
0.282407
0.269921
0.183719
0.198578
0.250036
0.310808
0.139277
0.268052
0.133796
0.0868655
0.301436
0.0578501
0.14723
0.606165
0.287804
0.170517
0.202929
0.233054
0.219367
0.232428
0.121978
0.165016
0.274444
0.24813
0.153508
0.405819
0.260644
0.329165
0.25831
0.264828
0.299692
0.435799
0.246077
0.131193
0.349914
0.286475
0.202237
0.168488
0.15946
0.279117
0.296584
0.0890585
0.275707
0.28906
0.243665
0.157872
0.271585
0.320905
0.229624
0.204749
0.225577
0.332491
0.174707
0.146215
0.261122
0.286056
0.550698
0.0929794
0.107074
0.277641
0.155491
0.180214
0.113387
0.152207
0.180285
0.309879
0.143623
0.199311
0.253034
0.0721166
0.115159
0.105353
0.184282
0.321514
0.153739
0.0365818
0.279577
0.197163
0.0374201
0.0395667
0.308098
