0.142645
0.101535
0.290725
0.276911
0.227572
0.23553
0.343159
0.358821
0.32621
0.253956
0.16573
0.226487
0.241543
0.333968
0.285993
0.0977155
0.323501
0.158169
0.282578
0.417679
0.154427
0.24995
0.323305
0.32956
0.271482
0.440585
0.145817
0.293049
0.380447
0.324574
0.148732
0.253594
0.286448
0.18127
0.292473
0.21105
0.29096
0.158277
0.137281
0.0757964
0.207657
0.218673
0.310291
0.0448285
0.329555
0.16637
0.202611
0.278858
0.19112
0.12777
0.411768
0.417019
0.134523
0.157047
0.29153
0.389367
0.366294
0.233391
0.241136
0.183827
0.424228
0.0940682
0.119335
0.217587
0.29606
0.35694
0.215496
0.155304
0.156259
0.131822
0.106723
0.151166
0.181796
0.291341
0.350328
0.194509
0.12357
0.122439
0.068477
0.093793
0.38733
0.265733
0.186384
0.203987
0.101071
0.379829
0.187831
0.337809
0.0944752
0.115403
0.214224
0.236525
0.161815
0.147686
0.179721
0.198291
0.356656
0.236005
0.150658
0.185042
