0.159641
0.263867
0.283896
0.19729
0.247876
0.128235
0.129678
0.143126
0.298696
0.361397
0.216018
0.264575
0.250211
0.167139
0.146287
0.211005
0.357597
0.117079
0.23844
0.132733
0.281825
0.284918
0.479333
0.103129
0.30642
0.198588
0.311587
0.191713
0.213727
0.0606653
0.0935252
0.11015
0.197201
0.335725
0.143772
0.119642
0.302394
0.127441
0.186852
0.306403
0.101217
0.165358
0.251568
0.381371
0.165982
0.225982
0.252552
0.228585
0.408452
0.332641
0.205333
0.173272
0.372335
0.112347
0.420671
0.222591
0.289247
0.146947
0.117157
0.136812
0.287085
0.243572
0.181838
0.278189
0.0659404
0.258834
0.216779
0.367788
0.314468
0.0447197
0.318569
0.216827
0.10697
0.23485
0.290531
0.161799
0.460535
0.0944974
0.183328
0.23774
0.129338
0.372577
0.277941
0.426893
0.233268
0.357995
0.364294
0.261914
0.185232
0.146045
0.133893
0.246342
0.160522
0.362581
0.178135
0.227148
0.348553
0.293968
0.296482
0.174725
