0.244284
0.248561
0.133849
0.236353
0.218341
0.0881863
0.14741
0.325296
0.0921816
0.411899
0.237215
0.324679
0.268002
0.114941
0.247872
0.337244
0.242559
0.314815
0.160721
0.0778154
0.0810088
0.260895
0.263298
0.182349
0.256544
0.228459
0.214362
0.360628
0.176669
0.322408
0.384831
0.160642
0.212413
0.205511
0.195269
0.396607
0.340827
0.422741
0.346841
0.0867238
0.274725
0.177415
0.182211
0.31148
0.161155
0.196183
0.215022
0.249563
0.1668
0.153795
0.236311
0.26528
0.214623
0.0519139
0.165
0.3186
0.182476
0.193555
0.171016
0.23929
0.179849
0.179332
0.346674
0.296643
0.251489
0.114534
0.407692
0.140928
0.329109
0.392498
0.264358
0.105104
0.183656
0.0944414
0.152956
0.390263
0.412633
0.112906
0.375686
0.216399
0.26894
0.213788
0.182145
0.192821
0.205954
0.326682
0.0886506
0.0911474
0.237496
0.240545
0.225668
0.22527
0.320774
0.309312
0.327739
0.260613
0.366149
0.0883173
0.286852
0.195186
