0.270174
0.30557
0.327995
0.192602
0.112235
0.197953
0.175021
0.212897
0.111607
0.367356
0.3063
0.351905
0.422972
0.315186
0.108197
0.202738
0.198097
0.116192
0.207657
0.0721092
0.0820639
0.313862
0.167246
0.12623
0.404615
0.183319
0.327774
0.334383
0.338623
0.193978
0.0990315
0.134112
0.346029
0.276628
0.34765
0.198176
0.171381
0.307326
0.161192
0.348023
0.419292
0.208707
0.159151
0.165581
0.257655
0.143909
0.206175
0.0738691
0.324623
0.245774
0.351955
0.210722
0.387491
0.313662
0.0940925
0.247917
0.199211
0.171454
0.208096
0.28102
0.11789
0.0717208
0.190982
0.393453
0.360025
0.276536
0.363361
0.318215
0.147316
0.21608
0.130984
0.141688
0.283819
0.182441
0.365917
0.13367
0.14761
0.228319
0.420918
0.317265
0.238007
0.143284
0.189534
0.176658
0.319569
0.321216
0.301489
0.256473
0.0851825
0.204592
0.357428
0.135524
0.140551
0.179327
0.230973
0.255051
0.134852
0.147003
0.150611
0.2872
