0.219273
0.0489336
0.196189
0.180287
0.116027
0.310848
0.185308
0.168
0.227258
0.54176
0.2089
0.35187
0.226018
0.32586
0.253533
0.421981
0.325847
0.241967
0.11625
0.160556
0.113208
0.216088
0.270912
0.238568
0.348614
0.137909
0.311297
0.160228
0.252294
0.364911
0.318449
0.227323
0.214635
0.242583
0.100567
0.189353
0.230709
0.287588
0.290523
0.0762528
0.228063
0.233437
0.240773
0.157446
0.0987103
0.117263
0.158075
0.158036
0.368425
0.220289
0.352223
0.096192
0.0912092
0.166786
0.0980514
0.20591
0.285163
0.351365
0.468332
0.126711
0.390363
0.236367
0.318496
0.0583539
0.143009
0.288645
0.171656
0.274731
0.24173
0.211654
0.179238
0.127591
0.136641
0.428018
0.271883
0.173897
0.169767
0.348014
0.236478
0.15286
0.210258
0.325672
0.487224
0.207521
0.288101
0.242453
0.158752
0.22537
0.31261
0.206811
0.327013
0.302643
0.150769
0.11165
0.275209
0.250224
0.125922
0.193793
0.301841
0.191973
