0.209551
0.0715354
0.217663
0.176577
0.125697
0.0977748
0.162897
0.100189
0.314567
0.145267
0.159234
0.268217
0.0612695
0.137512
0.226765
0.263122
0.281583
0.0666648
0.353195
0.258969
0.256808
0.131867
0.0663322
0.20391
0.135507
0.187534
0.125628
0.269799
0.253653
0.251634
0.278626
0.243338
0.453024
0.176138
0.2173
0.20633
0.209439
0.134853
0.185086
0.188622
0.205745
0.219233
0.188908
0.29865
0.233332
0.346347
0.218507
0.269537
0.173325
0.150283
0.159586
0.267424
0.333966
0.151577
0.129767
0.0373228
0.231935
0.138499
0.346665
0.264848
0.210804
0.19035
0.0599056
0.304055
0.381177
0.163745
0.253334
0.332495
0.276525
0.338358
0.268104
0.177123
0.299372
0.251641
0.386275
0.165524
0.303237
0.188868
0.068636
0.25156
0.453674
0.421395
0.241342
0.0878986
0.370387
0.326041
0.397758
0.412217
0.367153
0.359127
0.202225
0.341216
0.171716
0.196418
0.179442
0.424992
0.171033
0.243469
0.361323
0.26403
