0.0839887
0.12305
0.209139
0.242391
0.271883
0.177935
0.361286
0.642365
0.264492
0.123403
0.081518
0.237286
0.162584
0.0610888
0.132629
0.163245
0.422235
0.224241
0.15805
0.170433
0.199518
0.17348
0.339725
0.180663
0.0924887
0.173038
0.248502
0.256457
0.0903687
0.171324
0.312937
0.111172
0.0953211
0.201577
0.300548
0.148372
0.284112
0.350731
0.413937
0.185015
0.390893
0.29795
0.224365
0.211748
0.302318
0.163117
0.281407
0.0800557
0.309536
0.310968
0.549164
0.11374
0.214434
0.160557
0.287381
0.0926482
0.25668
0.169211
0.238482
0.357584
0.326065
0.193691
0.271616
0.31683
0.281684
0.154519
0.166979
0.175606
0.219227
0.184044
0.0949392
0.227296
0.149777
0.424778
0.206494
0.118244
0.106822
0.111573
0.286659
0.376909
0.208883
0.374133
0.171651
0.327872
0.218381
0.222445
0.0829439
0.305648
0.20973
0.186668
0.0973411
0.298042
0.219976
0.430023
0.127262
0.303171
0.160514
0.108218
0.388863
0.152646
