0.154402
0.225938
0.0997059
0.281254
0.22345
0.110943
0.341538
0.210594
0.22884
0.225268
0.268269
0.0759735
0.290391
0.153139
0.227081
0.345972
0.239519
0.158315
0.350294
0.191729
0.358025
0.262233
0.304783
0.184922
0.154636
0.214761
0.285455
0.140265
0.274881
0.296579
0.294208
0.324131
0.230217
0.129037
0.267773
0.122633
0.152075
0.344958
0.127817
0.184845
0.131312
0.232515
0.109624
0.30537
0.308108
0.36522
0.0655576
0.19588
0.184868
0.265542
0.149781
0.233545
0.339932
0.370646
0.380472
0.25279
0.335044
0.145665
0.19531
0.108449
0.161085
0.314031
0.270778
0.231236
0.293238
0.400304
0.289306
0.307529
0.298633
0.501857
0.294645
0.159712
0.305766
0.0798507
0.268615
0.229207
0.264336
0.27075
0.339145
0.165296
0.345383
0.147473
0.0323492
0.0946403
0.208939
0.220452
0.106144
0.2613
0.105972
0.212193
0.272852
0.135135
0.160697
0.275437
0.493567
0.148172
0.306548
0.206778
0.171313
0.207397
