0.108652
0.263867
0.408937
0.334012
0.222783
0.0747407
0.339821
0.235549
0.492399
0.234361
0.210454
0.110756
0.172694
0.145982
0.307268
0.25786
0.0779906
0.282623
0.23844
0.275562
0.292934
0.133451
0.275979
0.258755
0.346561
0.182997
0.309172
0.273636
0.376601
0.169441
0.46734
0.153784
0.119214
0.40321
0.143772
0.241997
0.238984
0.18829
0.159449
0.208914
0.118955
0.214606
0.237012
0.258134
0.248112
0.225982
0.0840148
0.214206
0.162376
0.10253
0.184865
0.539202
0.207961
0.266
0.298835
0.343166
0.226341
0.146947
0.281579
0.159409
0.324139
0.177192
0.0962347
0.290831
0.185368
0.284642
0.0846229
0.245251
0.170216
0.268451
0.202753
0.116146
0.411897
0.23485
0.290531
0.258714
0.299973
0.226268
0.257666
0.236979
0.128838
0.268492
0.202703
0.254929
0.178592
0.284968
0.0912514
0.17003
0.267614
0.126008
0.303157
0.152045
0.106385
0.149083
0.392577
0.248505
0.0292282
0.464423
0.0929729
0.195223
