0.175628
0.253207
0.14538
0.235974
0.40534
0.188328
0.243373
0.276858
0.274878
0.259821
0.357554
0.323653
0.204778
0.34034
0.126942
0.23587
0.0946487
0.174763
0.390068
0.0870688
0.159771
0.160837
0.149411
0.252894
0.242304
0.169828
0.191868
0.193215
0.190972
0.18405
0.390775
0.25377
0.162464
0.174393
0.420705
0.168111
0.351934
0.218591
0.248849
0.240248
0.381056
0.193842
0.230209
0.287339
0.126472
0.276746
0.220835
0.240165
0.470389
0.15308
0.221466
0.380072
0.288269
0.348557
0.234153
0.0804667
0.26916
0.112676
0.346857
0.12177
0.243973
0.642614
0.252712
0.207773
0.168966
0.156351
0.386141
0.124767
0.269387
0.176041
0.168153
0.170876
0.274525
0.244351
0.23638
0.376677
0.222422
0.242836
0.144048
0.077074
0.269349
0.207108
0.311239
0.241986
0.152556
0.146306
0.232651
0.111175
0.0868121
0.106863
0.274595
0.147294
0.0844449
0.132758
0.173545
0.300498
0.372414
0.281879
0.25508
0.0600384
