0.404786
0.15733
0.155939
0.111494
0.402514
0.219452
0.486271
0.22947
0.201872
0.186716
0.358421
0.157095
0.212783
0.309915
0.153834
0.26633
0.243905
0.170896
0.191524
0.0539857
0.327626
0.254351
0.277269
0.106877
0.240461
0.32268
0.0968715
0.189263
0.113856
0.241119
0.221122
0.375248
0.132426
0.106305
0.334491
0.0968346
0.354071
0.13061
0.202697
0.212948
0.239489
0.256045
0.111771
0.269603
0.308026
0.119386
0.326748
0.223275
0.381468
0.239963
0.133633
0.22034
0.267853
0.142428
0.139525
0.342133
0.341644
0.119013
0.345689
0.119468
0.15367
0.262221
0.156418
0.270632
0.120941
0.366629
0.133147
0.236557
0.122024
0.26049
0.317289
0.248085
0.153282
0.0667319
0.157997
0.172421
0.19023
0.162819
0.296377
0.0845581
0.302874
0.152341
0.236584
0.0540647
0.359864
0.114914
0.154462
0.267587
0.471786
0.144104
0.24935
0.443433
0.330688
0.334695
0.439023
0.0630726
0.261079
0.383414
0.162355
0.341597
