0.211346
0.195636
0.243336
0.293636
0.180886
0.247242
0.162285
0.124943
0.317937
0.323426
0.170204
0.234694
0.162702
0.178482
0.302645
0.16113
0.320976
0.154977
0.152633
0.28855
0.303883
0.207271
0.113871
0.186025
0.271758
0.233572
0.118933
0.287477
0.246104
0.132415
0.497791
0.143613
0.250975
0.514545
0.111296
0.310438
0.2041
0.256344
0.335999
0.137775
0.250925
0.365642
0.114036
0.224597
0.377094
0.170751
0.105612
0.299702
0.289965
0.197084
0.178274
0.156761
0.188465
0.223186
0.185416
0.18159
0.233889
0.32385
0.338784
0.146648
0.34468
0.197361
0.149341
0.253581
0.205778
0.13177
0.12814
0.321704
0.110644
0.193236
0.291769
0.227977
0.396322
0.216706
0.210931
0.214615
0.307632
0.246085
0.269672
0.174093
0.450473
0.242367
0.173553
0.199011
0.15861
0.23809
0.356724
0.214265
0.404978
0.142202
0.0890301
0.263707
0.204703
0.282319
0.288916
0.342148
0.336094
0.295942
0.23271
0.0870813
