0.331565
0.168444
0.314304
0.206842
0.189897
0.349111
0.231619
0.0969313
0.322439
0.294439
0.155985
0.378834
0.16784
0.296606
0.298175
0.224499
0.229084
0.214586
0.277945
0.282001
0.151409
0.171705
0.161932
0.163977
0.291688
0.156561
0.398819
0.112242
0.167757
0.237682
0.227988
0.0993811
0.0911093
0.218301
0.236392
0.398869
0.16103
0.57133
0.207134
0.279288
0.188907
0.25785
0.137722
0.235639
0.422656
0.128978
0.198235
0.359548
0.25193
0.158632
0.186792
0.219167
0.223431
0.156784
0.222835
0.32965
0.294426
0.175806
0.100732
0.189742
0.352925
0.07603
0.272027
0.259831
0.180139
0.190907
0.274656
0.230158
0.183339
0.479914
0.14352
0.23587
0.307173
0.249377
0.170667
0.12657
0.115793
0.112376
0.251709
0.293332
0.277733
0.209334
0.163415
0.173892
0.322373
0.177648
0.176963
0.161234
0.17865
0.308148
0.101533
0.481064
0.346052
0.285496
0.363641
0.0758368
0.318764
0.307846
0.154189
0.0929894
