0.262204
0.135188
0.276516
0.32006
0.132902
0.172112
0.304428
0.129767
0.363043
0.221006
0.404986
0.25779
0.305461
0.355609
0.25372
0.329579
0.200081
0.172368
0.207886
0.107339
0.387668
0.184761
0.077166
0.153382
0.15156
0.171056
0.18931
0.189488
0.444879
0.363273
0.139598
0.297421
0.173301
0.543259
0.159976
0.104938
0.282095
0.150841
0.31799
0.252738
0.262674
0.220776
0.259574
0.180343
0.30152
0.108995
0.272089
0.178132
0.227394
0.172028
0.125623
0.129805
0.186587
0.288358
0.160978
0.440331
0.246641
0.162688
0.155565
0.339874
0.237271
0.160797
0.173172
0.319166
0.38749
0.396593
0.116634
0.10066
0.154682
0.227849
0.176128
0.274612
0.132079
0.391544
0.376882
0.16822
0.286154
0.274663
0.180147
0.136587
0.323612
0.413673
0.150584
0.320221
0.279085
0.123692
0.322416
0.112832
0.216661
0.176745
0.237638
0.192093
0.222663
0.23984
0.215203
0.164479
0.133288
0.0761516
0.280295
0.217105
