0.156896
0.0575376
0.0581873
0.165044
0.223461
0.199431
0.35076
0.0207431
0.311833
0.263981
0.217963
0.200927
0.137531
0.113669
0.354244
0.119244
0.26347
0.22175
0.289464
0.25706
0.200634
0.0960096
0.312156
0.283736
0.220687
0.287992
0.321672
0.238442
0.041444
0.207387
0.437773
0.18501
0.0426726
0.0786647
0.123198
0.343925
0.153061
0.346334
0.340172
0.26133
0.15533
0.143546
0.148607
0.387406
0.140587
0.15567
0.19437
0.2513
0.218454
0.140679
0.400745
0.158341
0.387049
0.210861
0.411329
0.20211
0.151604
0.292739
0.190357
0.23083
0.138643
0.253401
0.192971
0.282708
0.16567
0.190596
0.281822
0.240045
0.237255
0.120553
0.395969
0.174219
0.116719
0.328379
0.296583
0.30766
0.18009
0.409173
0.202054
0.198324
0.307189
0.119136
0.368657
0.30013
0.263306
0.336269
0.20378
0.376431
0.129056
0.0928643
0.344845
0.178603
0.345392
0.295119
0.273831
0.18547
0.22716
0.302849
0.394341
0.269756
