0.184389
0.168444
0.30062
0.217196
0.151302
0.349111
0.286744
0.227952
0.551396
0.373932
0.155985
0.378834
0.224044
0.269331
0.159797
0.224499
0.27963
0.187873
0.268886
0.118994
0.311568
0.171705
0.331622
0.123851
0.291688
0.156561
0.398819
0.112242
0.22883
0.128825
0.315707
0.106117
0.0911093
0.218301
0.385429
0.286403
0.140871
0.0509932
0.255703
0.279288
0.235265
0.250938
0.328942
0.148688
0.501504
0.128978
0.24719
0.159798
0.249821
0.158632
0.163766
0.361348
0.339538
0.156784
0.297906
0.32965
0.351482
0.261614
0.100732
0.189742
0.332549
0.190959
0.274124
0.391188
0.16219
0.132126
0.260878
0.19076
0.0891422
0.214554
0.301788
0.148019
0.307173
0.249377
0.174572
0.266122
0.265573
0.157415
0.2065
0.293332
0.282509
0.278451
0.108287
0.212593
0.232392
0.150912
0.176963
0.161234
0.17865
0.308148
0.0946619
0.27555
0.171684
0.241251
0.39488
0.0758368
0.117087
0.307846
0.229018
0.170255
