0.292588
0.320126
0.190006
0.249287
0.209399
0.128235
0.195229
0.252218
0.298696
0.241431
0.108325
0.189624
0.315555
0.142112
0.326861
0.406887
0.343685
0.193063
0.196004
0.165277
0.235786
0.270683
0.456745
0.110011
0.187322
0.198588
0.208269
0.155548
0.257698
0.139093
0.394438
0.0730703
0.249925
0.261728
0.278428
0.237449
0.265715
0.114747
0.18762
0.306355
0.126985
0.0803211
0.238311
0.171328
0.200341
0.414966
0.0605924
0.445429
0.152835
0.337722
0.149404
0.304903
0.408161
0.236898
0.318759
0.336341
0.168618
0.390667
0.211309
0.166761
0.187319
0.117515
0.123893
0.0568437
0.21598
0.247066
0.13509
0.200524
0.320524
0.0645546
0.152771
0.20857
0.360718
0.342704
0.190464
0.11778
0.214392
0.126842
0.362883
0.236222
0.191273
0.332253
0.303647
0.274466
0.194614
0.263255
0.313909
0.267067
0.165953
0.261049
0.285607
0.281671
0.25616
0.309397
0.363413
0.344464
0.0450643
0.219383
0.121561
0.174725
