0.27222
0.253721
0.0373619
0.233734
0.372671
0.309098
0.368703
0.324336
0.174646
0.173309
0.411577
0.186008
0.205216
0.0709101
0.184255
0.335129
0.24801
0.12407
0.265983
0.0795797
0.0912974
0.200893
0.199581
0.102588
0.205129
0.321613
0.263028
0.362521
0.186077
0.0449522
0.155031
0.159321
0.248809
0.133623
0.129538
0.227325
0.163479
0.233719
0.307695
0.202927
0.371164
0.207312
0.300628
0.192272
0.276005
0.415756
0.358526
0.107884
0.204261
0.319701
0.301215
0.23584
0.163055
0.234382
0.420714
0.260459
0.24592
0.28312
0.321543
0.465565
0.272276
0.193766
0.352558
0.289856
0.172609
0.292904
0.0991255
0.205129
0.203935
0.130572
0.131957
0.236631
0.116709
0.0940783
0.480975
0.0969583
0.254819
0.311832
0.379956
0.130083
0.154977
0.134351
0.327394
0.27818
0.144614
0.200581
0.269472
0.116481
0.0743993
0.340926
0.375435
0.147003
0.0957798
0.234918
0.254399
0.359635
0.136529
0.284875
0.147946
0.228151
