0.334337
0.0313613
0.242637
0.14721
0.37299
0.162259
0.378454
0.192279
0.248792
0.300555
0.321326
0.470233
0.162143
0.236289
0.251527
0.119656
0.346044
0.186068
0.18029
0.215187
0.19139
0.19799
0.165876
0.247425
0.191104
0.333964
0.267653
0.400756
0.0876598
0.105375
0.350471
0.201372
0.229104
0.259343
0.244857
0.158821
0.0539085
0.0704098
0.256573
0.275818
0.380281
0.0168476
0.109108
0.465892
0.286823
0.187051
0.219166
0.255027
0.284975
0.346349
0.0471284
0.267627
0.223628
0.15321
0.247591
0.195715
0.390057
0.364657
0.335643
0.222545
0.0925158
0.135012
0.261394
0.49631
0.125121
0.154694
0.136892
0.265372
0.277918
0.0988854
0.347649
0.0834954
0.208237
0.0694696
0.286133
0.130553
0.232223
0.27892
0.1167
0.114744
0.135659
0.0471459
0.24144
0.0693088
0.223999
0.177992
0.147038
0.261083
0.273502
0.105176
0.371879
0.342105
0.376547
0.243575
0.26969
0.268128
0.21411
0.160419
0.441955
0.245754
