0.253823
0.140402
0.312625
0.103779
0.362283
0.230654
0.133237
0.179952
0.288222
0.0828573
0.208661
0.113135
0.195765
0.245463
0.415706
0.0941326
0.150366
0.254228
0.374538
0.17059
0.228489
0.245304
0.0506055
0.187842
0.412293
0.160485
0.182491
0.304606
0.472181
0.178486
0.273624
0.159324
0.268755
0.0844476
0.267429
0.139314
0.172212
0.267928
0.167287
0.274549
0.396016
0.387378
0.13679
0.354195
0.184048
0.0747591
0.179787
0.284555
0.363781
0.251061
0.431329
0.202312
0.128966
0.256581
0.145865
0.216448
0.302749
0.201561
0.21206
0.335217
0.221395
0.344736
0.0872334
0.27046
0.291066
0.270242
0.388131
0.284348
0.183543
0.282671
0.111125
0.350603
0.272354
0.27814
0.179043
0.109625
0.167494
0.171495
0.156555
0.171649
0.244701
0.0994682
0.348027
0.268639
0.308606
0.14205
0.132662
0.241853
0.184835
0.207773
0.293907
0.320765
0.332814
0.178622
0.304268
0.243431
0.244254
0.225513
0.294067
0.254142
