0.262204
0.273924
0.276516
0.32006
0.124394
0.0718578
0.28062
0.160621
0.363043
0.225565
0.424239
0.25779
0.305461
0.237043
0.25372
0.382326
0.200081
0.172368
0.207886
0.107339
0.387668
0.323118
0.077166
0.242004
0.15156
0.0850957
0.18931
0.189488
0.444879
0.274241
0.139598
0.297421
0.173301
0.543259
0.205161
0.104938
0.150149
0.116634
0.31799
0.252738
0.25042
0.220776
0.34649
0.180343
0.265672
0.145015
0.250924
0.178132
0.167311
0.172028
0.125623
0.129805
0.191278
0.288358
0.255277
0.440331
0.0798911
0.162688
0.113471
0.212647
0.32288
0.116868
0.173172
0.293091
0.231124
0.335772
0.116634
0.111003
0.299444
0.190743
0.204867
0.379021
0.177128
0.472866
0.228046
0.202889
0.234072
0.274663
0.180147
0.251394
0.363069
0.442249
0.37729
0.233641
0.279085
0.123692
0.185848
0.189182
0.087691
0.20569
0.208821
0.365554
0.201542
0.260163
0.215203
0.1014
0.146239
0.161654
0.101588
0.217105
