0.460851
0.554336
0.226029
0.425826
0.121358
0.169335
0.397314
0.145555
0.218226
0.206139
0.187767
0.22155
0.21537
0.259677
0.188405
0.15492
0.18172
0.33891
0.0953398
0.329023
0.221378
0.151668
0.148552
0.207581
0.138731
0.217725
0.132508
0.312596
0.127291
0.19575
0.278623
0.218404
0.398712
0.223244
0.0507031
0.0661049
0.326326
0.274734
0.245141
0.344968
0.368342
0.378342
0.152927
0.121166
0.0522555
0.40821
0.359884
0.154187
0.0349647
0.31782
0.289616
0.500018
0.111134
0.267201
0.358974
0.334091
0.103796
0.0910974
0.236066
0.258565
0.237718
0.302749
0.256365
0.228627
0.189661
0.213047
0.253056
0.273839
0.305702
0.21679
0.148889
0.364163
0.184779
0.244085
0.326095
0.196084
0.116415
0.124582
0.283674
0.134633
0.227315
0.270658
0.177056
0.176185
0.288479
0.229174
0.245367
0.186336
0.297438
0.0912009
0.258771
0.039947
0.302682
0.143051
0.0785359
0.124127
0.151144
0.310427
0.0800199
0.233671
