0.265837
0.204866
0.181166
0.114837
0.129103
0.113297
0.13602
0.271052
0.248678
0.240507
0.20588
0.240653
0.31597
0.358766
0.0773318
0.0533388
0.150274
0.232016
0.231188
0.105246
0.265434
0.306318
0.201489
0.454045
0.282152
0.0783154
0.289291
0.119052
0.339075
0.209808
0.172818
0.324956
0.138435
0.190587
0.0960663
0.304056
0.132765
0.194677
0.226228
0.297102
0.261951
0.239072
0.22086
0.403354
0.231907
0.199522
0.284111
0.167978
0.397365
0.188818
0.143333
0.359506
0.173543
0.212826
0.251489
0.240611
0.318813
0.303139
0.221343
0.179207
0.300036
0.138655
0.116588
0.391072
0.124657
0.393682
0.188552
0.143538
0.291123
0.140654
0.297014
0.241511
0.128137
0.346144
0.337763
0.31015
0.170311
0.191689
0.357891
0.220382
0.099352
0.163105
0.212423
0.173156
0.280951
0.326917
0.297051
0.21432
0.295215
0.301481
0.366914
0.260614
0.288148
0.188754
0.0851409
0.117614
0.266502
0.507548
0.328275
0.212829
