0.308671
0.365067
0.331549
0.358587
0.233098
0.156778
0.282229
0.166656
0.130586
0.268644
0.244367
0.133728
0.355174
0.0576122
0.145803
0.187062
0.178912
0.162365
0.214935
0.15738
0.153867
0.0808367
0.179867
0.199018
0.244348
0.21815
0.198078
0.108329
0.0882638
0.173244
0.324528
0.0847969
0.337958
0.0787255
0.143099
0.306206
0.174302
0.15229
0.268175
0.245738
0.194568
0.379572
0.229157
0.0385379
0.300733
0.185402
0.451891
0.0721782
0.386771
0.0807084
0.209914
0.383238
0.316216
0.22655
0.272729
0.169542
0.297905
0.260762
0.185897
0.0735515
0.347528
0.27439
0.199882
0.280239
0.272333
0.447088
0.196984
0.216425
0.208923
0.152612
0.359101
0.160338
0.231812
0.146504
0.0964671
0.210548
0.309109
0.209036
0.265435
0.176969
0.178318
0.232016
0.236916
0.248398
0.305497
0.168171
0.161533
0.247764
0.271233
0.390319
0.396275
0.327108
0.341582
0.125854
0.186197
0.341065
0.441885
0.216834
0.329272
0.335666
