0.289178
0.170178
0.150817
0.179275
0.122454
0.486928
0.353663
0.250321
0.274243
0.0428104
0.211173
0.21436
0.357648
0.237975
0.467292
0.277733
0.268294
0.190922
0.228307
0.273156
0.162104
0.180172
0.353738
0.384852
0.338862
0.28728
0.246349
0.0900438
0.116913
0.0908787
0.363576
0.170232
0.162722
0.2389
0.226902
0.219463
0.133143
0.423631
0.227301
0.203426
0.0391881
0.151392
0.162235
0.202701
0.195877
0.335007
0.286638
0.231364
0.122732
0.206798
0.159378
0.296047
0.409619
0.252992
0.383171
0.226499
0.424316
0.195745
0.100423
0.331537
0.0956808
0.320729
0.202281
0.095638
0.180139
0.143678
0.143554
0.164068
0.0356897
0.159664
0.200936
0.210985
0.300131
0.278464
0.0976458
0.149232
0.242486
0.187406
0.0943905
0.339018
0.289494
0.211094
0.26029
0.195359
0.0864534
0.1646
0.304905
0.110862
0.499704
0.343409
0.14551
0.403482
0.387172
0.0609119
0.284081
0.0758368
0.341088
0.134879
0.245942
0.18863
