0.174183
0.0807111
0.526636
0.220704
0.157318
0.154578
0.332907
0.136956
0.193163
0.125647
0.0588458
0.20787
0.182859
0.328004
0.174969
0.153719
0.206235
0.176534
0.279134
0.149922
0.0670266
0.158955
0.269853
0.205339
0.268223
0.252559
0.192867
0.244279
0.333426
0.168028
0.187891
0.131611
0.225701
0.231971
0.290556
0.288547
0.277722
0.250308
0.268682
0.297182
0.31433
0.305827
0.543804
0.0947918
0.311599
0.307746
0.269833
0.181732
0.108877
0.256159
0.259454
0.295241
0.206875
0.352147
0.145164
0.0853094
0.16063
0.217575
0.0934667
0.0805267
0.173834
0.165272
0.325005
0.350129
0.26003
0.0590684
0.389611
0.401816
0.211288
0.256541
0.17656
0.170977
0.321134
0.256693
0.246785
0.285937
0.188411
0.343724
0.190054
0.427942
0.277401
0.164095
0.0985548
0.172176
0.21514
0.327585
0.145034
0.280313
0.13448
0.215563
0.343066
0.353521
0.124056
0.242227
0.073276
0.303111
0.334955
0.25877
0.38327
0.246789
