0.0856671
0.202262
0.387709
0.313717
0.200484
0.139321
0.351248
0.326169
0.273955
0.242451
0.225431
0.198679
0.258387
0.170761
0.116077
0.260821
0.160604
0.116931
0.443966
0.214882
0.251719
0.102682
0.318393
0.277305
0.314036
0.15876
0.204888
0.137804
0.264437
0.0951261
0.137767
0.224564
0.357727
0.318205
0.255983
0.151263
0.302567
0.22621
0.278677
0.146054
0.320575
0.199819
0.462916
0.168303
0.196223
0.143429
0.178937
0.145994
0.13971
0.101556
0.182964
0.313533
0.103389
0.465318
0.247796
0.392826
0.175121
0.144636
0.233169
0.388238
0.260136
0.400533
0.19972
0.100449
0.190684
0.2942
0.19737
0.168415
0.260882
0.194383
0.394173
0.270294
0.102751
0.333789
0.266099
0.377614
0.317822
0.218624
0.249791
0.239142
0.130199
0.0800846
0.179122
0.12914
0.272188
0.358815
0.153182
0.16141
0.0582868
0.108618
0.267828
0.358138
0.3397
0.227045
0.218463
0.308084
0.207651
0.285654
0.229756
0.206411
