0.360691
0.315518
0.334346
0.379865
0.257655
0.276682
0.212971
0.359396
0.395066
0.150473
0.394893
0.167349
0.27836
0.178122
0.151586
0.0694281
0.335063
0.308765
0.397926
0.147696
0.508871
0.257559
0.141418
0.373955
0.30295
0.222613
0.118017
0.213051
0.215368
0.205887
0.182105
0.511658
0.168379
0.213695
0.21136
0.168585
0.224193
0.200871
0.135885
0.24204
0.26782
0.212605
0.165373
0.324726
0.117026
0.141376
0.101694
0.134027
0.134568
0.133323
0.216557
0.421606
0.175958
0.285765
0.128392
0.220182
0.190696
0.0944719
0.234068
0.195652
0.130925
0.36007
0.229905
0.174432
0.257197
0.135549
0.302171
0.211162
0.104783
0.153877
0.177087
0.120903
0.336881
0.165214
0.247828
0.119544
0.275715
0.168712
0.180773
0.323839
0.322978
0.0866217
0.10462
0.110469
0.187218
0.348341
0.254226
0.233797
0.340949
0.249322
0.317019
0.325732
0.178778
0.431983
0.156537
0.215604
0.120547
0.17627
0.320162
0.25281
