0.206604
0.23646
0.359848
0.18687
0.129103
0.137128
0.21871
0.203101
0.223616
0.125381
0.188574
0.192593
0.480113
0.176914
0.175748
0.117846
0.150274
0.246869
0.268639
0.211633
0.217376
0.156313
0.053966
0.377453
0.334174
0.0783154
0.349134
0.23368
0.292135
0.240683
0.181967
0.258248
0.282318
0.21946
0.0960663
0.242058
0.132765
0.223437
0.228513
0.0638971
0.261951
0.267743
0.22086
0.0748214
0.294229
0.335254
0.284111
0.173359
0.396991
0.223003
0.438487
0.144685
0.202958
0.496924
0.155655
0.531379
0.295911
0.278686
0.282578
0.272089
0.267026
0.195578
0.0790955
0.4031
0.408649
0.160043
0.188552
0.064012
0.25791
0.140654
0.146025
0.241511
0.128137
0.283955
0.173139
0.303826
0.238726
0.217781
0.155719
0.237969
0.261915
0.0918277
0.188881
0.344348
0.189957
0.326917
0.326303
0.24327
0.202373
0.270111
0.303541
0.209065
0.0331156
0.226984
0.140541
0.378424
0.244844
0.217902
0.259454
0.207602
