0.29873
0.193125
0.276987
0.324838
0.2324
0.185121
0.526983
0.113422
0.122303
0.108504
0.242211
0.281919
0.183597
0.398097
0.247406
0.195754
0.305992
0.356922
0.129723
0.252848
0.315993
0.385439
0.37655
0.31497
0.247885
0.177022
0.312047
0.0816673
0.195122
0.33624
0.248433
0.115389
0.186031
0.197053
0.23835
0.294678
0.0886917
0.226598
0.15525
0.169555
0.305578
0.20297
0.27646
0.231327
0.265003
0.169819
0.122304
0.306999
0.16443
0.235012
0.204613
0.242846
0.191456
0.262893
0.100616
0.340598
0.278117
0.239523
0.304596
0.474484
0.218453
0.258748
0.237084
0.228592
0.207911
0.409795
0.162257
0.230847
0.32044
0.0884766
0.184989
0.119955
0.0894844
0.071793
0.174389
0.28728
0.104885
0.36251
0.336602
0.266942
0.168064
0.232782
0.125707
0.212224
0.12841
0.220989
0.408116
0.183861
0.124258
0.321593
0.113744
0.271568
0.296635
0.0776743
0.192337
0.256537
0.227213
0.354047
0.237015
0.226737
