0.324763
0.162565
0.352429
0.23976
0.209824
0.256044
0.162285
0.190197
0.317937
0.303861
0.187598
0.179225
0.281526
0.433597
0.285426
0.148428
0.320976
0.150435
0.152633
0.16393
0.198896
0.216761
0.136894
0.237441
0.252473
0.299781
0.209516
0.287477
0.246104
0.130733
0.306377
0.257166
0.207255
0.44939
0.162751
0.38841
0.138456
0.313281
0.279193
0.346098
0.213266
0.283696
0.314883
0.112565
0.164768
0.170751
0.455018
0.147515
0.210287
0.197084
0.0914486
0.311384
0.167466
0.172626
0.185416
0.303056
0.115469
0.312728
0.134883
0.0875864
0.261866
0.174751
0.144477
0.237103
0.243017
0.202026
0.428791
0.069713
0.110644
0.253396
0.149808
0.198002
0.301127
0.302281
0.297782
0.191698
0.307632
0.263408
0.265379
0.105331
0.38801
0.198157
0.170243
0.224854
0.15861
0.212398
0.255419
0.0963652
0.159201
0.142202
0.204937
0.200044
0.204703
0.174499
0.288916
0.342148
0.336094
0.423878
0.186546
0.458155
