0.290598
0.269969
0.114397
0.367992
0.259742
0.18734
0.118824
0.133484
0.208282
0.220561
0.157658
0.0998221
0.427939
0.317644
0.303517
0.331668
0.392504
0.238698
0.22477
0.226655
0.155132
0.159979
0.127585
0.322404
0.28031
0.0905986
0.156493
0.348973
0.133444
0.21629
0.261323
0.191469
0.179188
0.182782
0.046657
0.252724
0.286068
0.191695
0.168656
0.219573
0.220084
0.241205
0.358352
0.191131
0.278379
0.301617
0.425621
0.12126
0.246784
0.222137
0.357229
0.156953
0.208851
0.115925
0.158466
0.363916
0.321004
0.2361
0.4208
0.140488
0.206621
0.474571
0.263857
0.365859
0.221206
0.224631
0.280621
0.171295
0.115605
0.302924
0.135548
0.245142
0.443603
0.211894
0.163401
0.0550576
0.118418
0.197354
0.253785
0.265874
0.27378
0.192032
0.54047
0.255809
0.225611
0.226606
0.182976
0.270062
0.237225
0.342744
0.134791
0.135542
0.157697
0.0365959
0.077133
0.22313
0.189904
0.220808
0.186647
0.322488
