0.0998202
0.0808605
0.372618
0.125939
0.288466
0.288916
0.231716
0.219946
0.385639
0.206138
0.410003
0.322767
0.189496
0.238841
0.226054
0.0944274
0.0685914
0.0813776
0.200846
0.275205
0.227101
0.436896
0.274614
0.15969
0.246349
0.268636
0.382523
0.141403
0.157095
0.351675
0.318996
0.329902
0.382146
0.173446
0.324088
0.210156
0.386762
0.155358
0.182996
0.326779
0.147127
0.244664
0.168552
0.138288
0.238834
0.0443379
0.299261
0.0760896
0.295502
0.385157
0.220542
0.255686
0.251049
0.227018
0.108577
0.170006
0.231207
0.130116
0.167227
0.266517
0.227939
0.208876
0.242275
0.145627
0.0523573
0.210852
0.164276
0.226643
0.224651
0.259269
0.102164
0.138516
0.339337
0.19422
0.442269
0.136359
0.191484
0.311868
0.234065
0.30994
0.161684
0.265094
0.324429
0.0794399
0.137294
0.491902
0.519383
0.298512
0.263125
0.286276
0.261336
0.173853
0.103575
0.16398
0.216729
0.10962
0.131465
0.25466
0.214639
0.255492
