0.20686
0.221175
0.182839
0.212903
0.303687
0.0880852
0.15528
0.253566
0.194591
0.16815
0.265357
0.159517
0.390486
0.226094
0.264835
0.314132
0.306022
0.239556
0.251264
0.139623
0.120226
0.304095
0.442842
0.27879
0.28837
0.24506
0.208833
0.21257
0.234894
0.144948
0.172977
0.22528
0.189559
0.268318
0.246064
0.241321
0.167604
0.184519
0.185428
0.403036
0.0536121
0.211232
0.165072
0.316365
0.216879
0.093352
0.313889
0.274127
0.346936
0.181097
0.0762904
0.131857
0.0892523
0.182642
0.342501
0.346575
0.220102
0.203561
0.181619
0.19989
0.186709
0.39107
0.166035
0.269921
0.272863
0.236948
0.30568
0.325131
0.158881
0.181549
0.381433
0.250868
0.241105
0.269543
0.389678
0.21889
0.0971351
0.144259
0.349763
0.231313
0.301052
0.120919
0.076666
0.391961
0.299795
0.0518741
0.262086
0.241895
0.235304
0.132314
0.351172
0.419082
0.277349
0.303804
0.132742
0.284125
0.237114
0.161593
0.37446
0.279031
