0.43912
0.18938
0.0873567
0.258692
0.328518
0.277013
0.290019
0.197796
0.322655
0.0714502
0.401575
0.189526
0.267091
0.358276
0.35832
0.318013
0.150065
0.192026
0.152316
0.0801667
0.314655
0.312133
0.277834
0.177375
0.0943584
0.513978
0.295162
0.3513
0.222068
0.320085
0.15048
0.284496
0.28374
0.246018
0.0752736
0.176044
0.200738
0.181699
0.35182
0.136062
0.299422
0.164864
0.445877
0.163083
0.316298
0.326437
0.175672
0.232134
0.227115
0.191908
0.209731
0.31695
0.283151
0.163102
0.176876
0.156334
0.209728
0.219115
0.274469
0.126641
0.153876
0.141369
0.191193
0.165173
0.20567
0.223024
0.155484
0.122934
0.205379
0.287183
0.285904
0.152876
0.259325
0.214081
0.145039
0.229645
0.22016
0.190784
0.142308
0.316327
0.242971
0.220434
0.281245
0.224145
0.254334
0.263695
0.370248
0.138686
0.184092
0.287618
0.164442
0.304128
0.254561
0.123187
0.133182
0.272768
0.353387
0.424703
0.207569
0.140818
