0.166093
0.133847
0.126351
0.0933822
0.307418
0.234734
0.205091
0.138339
0.42767
0.369438
0.169414
0.164187
0.171629
0.0761632
0.333248
0.170811
0.0814641
0.334559
0.247886
0.226188
0.129927
0.367624
0.271616
0.240308
0.194673
0.338265
0.286296
0.0975772
0.135999
0.20617
0.281697
0.138767
0.176241
0.0256327
0.297335
0.256756
0.382254
0.230317
0.162344
0.175784
0.137005
0.183594
0.237058
0.272603
0.219606
0.158029
0.275823
0.204233
0.348075
0.366126
0.333655
0.281743
0.165051
0.0778793
0.214394
0.342018
0.185601
0.303994
0.227341
0.215349
0.433733
0.188025
0.276978
0.237379
0.186993
0.16774
0.189995
0.159412
0.111483
0.461503
0.332146
0.12294
0.386279
0.236511
0.305179
0.412163
0.28003
0.265097
0.15255
0.183493
0.136968
0.257978
0.305895
0.179518
0.320246
0.185716
0.14414
0.379881
0.422021
0.0374058
0.225515
0.257119
0.291581
0.205731
0.245652
0.188888
0.259267
0.28546
0.317125
0.169264
