0.196386
0.18928
0.249695
0.195866
0.140531
0.108617
0.408409
0.470415
0.14785
0.452156
0.108048
0.105875
0.196991
0.0804698
0.296941
0.291329
0.273317
0.142537
0.24227
0.151419
0.28818
0.350671
0.204284
0.0901881
0.354993
0.159697
0.317033
0.232811
0.353771
0.189199
0.0723103
0.346561
0.41483
0.472459
0.20427
0.28569
0.119576
0.376375
0.282774
0.341958
0.180823
0.271746
0.109108
0.215948
0.414564
0.295426
0.302354
0.240239
0.205217
0.321892
0.287002
0.252976
0.36956
0.315033
0.419579
0.279749
0.114555
0.188872
0.097467
0.21393
0.215825
0.251649
0.237664
0.0829267
0.273995
0.201151
0.0783322
0.0640634
0.249606
0.27716
0.177335
0.238203
0.142787
0.195961
0.186905
0.115391
0.338432
0.301055
0.246941
0.279291
0.227529
0.157879
0.171203
0.107647
0.212816
0.20392
0.11438
0.174414
0.169267
0.0588046
0.194362
0.0722805
0.17382
0.348686
0.253597
0.0596763
0.359042
0.303517
0.178487
0.241616
