0.277541
0.247451
0.182839
0.223541
0.258148
0.0777846
0.15528
0.253566
0.194591
0.16815
0.265357
0.159517
0.265787
0.226094
0.228464
0.314132
0.306022
0.233919
0.251264
0.139623
0.120226
0.233902
0.442842
0.180573
0.28837
0.234948
0.208833
0.216551
0.234894
0.144948
0.142868
0.22528
0.323927
0.268318
0.246064
0.267057
0.245871
0.1293
0.194271
0.403036
0.176905
0.213537
0.108703
0.150031
0.291205
0.161379
0.313889
0.10836
0.346936
0.107159
0.138104
0.131857
0.0892523
0.14239
0.342501
0.346575
0.202213
0.203561
0.279468
0.19989
0.229787
0.39107
0.166035
0.269921
0.272863
0.236948
0.264335
0.325131
0.132552
0.241962
0.457051
0.265499
0.241105
0.269543
0.406444
0.198547
0.0971351
0.144259
0.34836
0.276788
0.301052
0.152032
0.076666
0.290925
0.299795
0.255813
0.253074
0.241895
0.235304
0.132314
0.220986
0.463925
0.382682
0.280978
0.132742
0.284125
0.237114
0.161593
0.37446
0.279031
