0.301361
0.265087
0.31529
0.383084
0.29643
0.222114
0.34085
0.339636
0.426051
0.154497
0.0677892
0.37155
0.129547
0.45154
0.0946854
0.261212
0.366429
0.269464
0.243159
0.180624
0.207087
0.549717
0.319997
0.107248
0.143385
0.169856
0.372063
0.160422
0.187459
0.120221
0.291622
0.206004
0.147394
0.0901754
0.0894697
0.209337
0.234132
0.15904
0.320604
0.14562
0.463176
0.106018
0.0947861
0.323626
0.122595
0.259427
0.240279
0.16173
0.137517
0.235438
0.217599
0.173922
0.248235
0.240628
0.193508
0.0907873
0.194991
0.321389
0.294785
0.146876
0.148176
0.179237
0.0789683
0.116325
0.214788
0.348718
0.174338
0.293368
0.178698
0.15156
0.293363
0.0588631
0.219427
0.309499
0.284785
0.144649
0.107558
0.313677
0.192229
0.128675
0.423606
0.21538
0.121321
0.293204
0.171246
0.369831
0.1996
0.0329429
0.205499
0.177337
0.159676
0.233745
0.241377
0.164244
0.347244
0.25821
0.400185
0.387034
0.27277
0.255576
