0.21909
0.102275
0.14029
0.164829
0.271222
0.185647
0.23498
0.171842
0.346157
0.297111
0.254441
0.197015
0.0843634
0.185806
0.383618
0.154925
0.278058
0.207528
0.201729
0.252952
0.352192
0.230732
0.115837
0.408249
0.0989556
0.337247
0.183831
0.0842385
0.210145
0.164502
0.219078
0.230909
0.401472
0.116841
0.347948
0.175505
0.11007
0.140846
0.370816
0.160577
0.249519
0.214569
0.34513
0.31009
0.214568
0.272274
0.291049
0.223179
0.307092
0.140072
0.23863
0.110863
0.205108
0.38017
0.17581
0.282669
0.165694
0.109636
0.184328
0.185692
0.21442
0.0426086
0.252414
0.152439
0.357531
0.296583
0.194382
0.142893
0.209817
0.214353
0.197834
0.382919
0.0937447
0.22099
0.357555
0.300255
0.124154
0.36271
0.299799
0.526702
0.396983
0.113687
0.2688
0.135839
0.111272
0.328059
0.2421
0.189028
0.0854434
0.198677
0.409995
0.216407
0.281691
0.311923
0.217754
0.326059
0.102316
0.409215
0.269183
0.164231
