0.310178
0.117836
0.0605408
0.266508
0.31212
0.301245
0.224579
0.232241
0.178513
0.281911
0.118844
0.302166
0.196419
0.0709101
0.266676
0.344611
0.271096
0.202285
0.128185
0.220238
0.258467
0.31528
0.48315
0.312903
0.354763
0.321613
0.282628
0.193563
0.257742
0.0906836
0.430652
0.237852
0.357592
0.136564
0.156623
0.101802
0.120778
0.177488
0.265331
0.208108
0.348255
0.342577
0.247973
0.192272
0.224608
0.223599
0.364518
0.422219
0.308651
0.258537
0.218891
0.0932887
0.273483
0.0883483
0.298664
0.30667
0.24592
0.101255
0.252833
0.178531
0.155341
0.232317
0.157998
0.243728
0.201436
0.361521
0.244911
0.106667
0.200569
0.294968
0.183
0.140983
0.174942
0.0940783
0.274587
0.0969583
0.22275
0.255997
0.135801
0.462874
0.305537
0.161853
0.0925419
0.284509
0.320817
0.114015
0.255705
0.216696
0.234121
0.312782
0.308219
0.2836
0.231823
0.323954
0.197101
0.165744
0.181697
0.120804
0.305508
0.228151
