0.14327
0.109897
0.232859
0.382018
0.150726
0.210312
0.145209
0.363219
0.0468466
0.297605
0.283583
0.219691
0.254602
0.0660063
0.316563
0.374387
0.210813
0.114659
0.15649
0.282953
0.239077
0.145148
0.445883
0.269661
0.479338
0.148959
0.154794
0.152268
0.254488
0.278429
0.113751
0.129009
0.277096
0.0257829
0.197258
0.0340377
0.265382
0.193096
0.233655
0.143237
0.124947
0.248721
0.230769
0.279523
0.14141
0.0665961
0.213473
0.0876092
0.300742
0.0943628
0.413791
0.233731
0.284757
0.312306
0.35067
0.344111
0.312953
0.269197
0.305233
0.336935
0.333385
0.18493
0.303434
0.176815
0.225554
0.0497123
0.0408616
0.331771
0.23775
0.256589
0.202886
0.187393
0.214166
0.220937
0.363603
0.17448
0.229202
0.212068
0.426019
0.208809
0.0888168
0.145001
0.314477
0.360261
0.371347
0.190823
0.261718
0.140249
0.318963
0.168486
0.11048
0.213258
0.302795
0.230682
0.381681
0.147738
0.153033
0.233636
0.332497
0.393735
