0.218346
0.345658
0.150871
0.0792031
0.189434
0.253963
0.533625
0.111977
0.172978
0.237148
0.141314
0.246071
0.29656
0.209406
0.0930109
0.317295
0.270756
0.276999
0.166317
0.296891
0.465081
0.164791
0.204159
0.335393
0.185235
0.0728933
0.233625
0.407206
0.212713
0.236826
0.254741
0.25868
0.045586
0.204435
0.130251
0.425814
0.24195
0.168324
0.248099
0.0555677
0.18616
0.240163
0.166603
0.0970297
0.236835
0.312163
0.38653
0.235763
0.236016
0.261097
0.155083
0.292866
0.277617
0.246214
0.193134
0.196849
0.209051
0.185478
0.114138
0.296465
0.106559
0.141897
0.344753
0.336906
0.188211
0.0754149
0.103771
0.25222
0.277199
0.309166
0.21966
0.26713
0.19639
0.425466
0.185515
0.399679
0.289712
0.298764
0.274199
0.342969
0.19429
0.207106
0.314271
0.14337
0.190347
0.363204
0.270678
0.241462
0.0954359
0.290139
0.331238
0.201563
0.219253
0.366374
0.0685118
0.208213
0.109052
0.0868349
0.316385
0.197992
