0.169449
0.128668
0.279119
0.33079
0.191604
0.417991
0.293862
0.214523
0.0729723
0.264103
0.151347
0.227088
0.332091
0.162935
0.18022
0.291261
0.134905
0.047527
0.260727
0.0893905
0.204842
0.384484
0.382837
0.201463
0.138976
0.323555
0.29337
0.358388
0.448213
0.323783
0.232004
0.207852
0.253232
0.227696
0.24852
0.221895
0.363476
0.243415
0.122729
0.0722433
0.211425
0.367412
0.212845
0.230116
0.16483
0.471228
0.177326
0.337393
0.229672
0.385098
0.388627
0.234868
0.249407
0.247338
0.084412
0.0693122
0.208175
0.252577
0.0822943
0.217824
0.29144
0.447442
0.223094
0.101536
0.366612
0.200991
0.161722
0.297836
0.124202
0.0600932
0.21239
0.195965
0.314876
0.416763
0.122202
0.286734
0.0892097
0.286644
0.124642
0.10973
0.24335
0.317227
0.24456
0.276045
0.07996
0.169975
0.209858
0.186423
0.393425
0.396137
0.159601
0.264829
0.117481
0.0910458
0.233828
0.0871039
0.169113
0.173849
0.139661
0.187704
