0.212925
0.328513
0.227219
0.195369
0.422188
0.254457
0.241853
0.186787
0.174642
0.322691
0.272721
0.268867
0.37808
0.103623
0.346814
0.317937
0.100977
0.350002
0.280767
0.233163
0.220972
0.0908523
0.128693
0.326476
0.316298
0.191224
0.147092
0.192628
0.246194
0.356782
0.217606
0.104583
0.238097
0.231892
0.346167
0.302193
0.217665
0.286099
0.230818
0.294687
0.364164
0.365617
0.158854
0.250488
0.260846
0.375521
0.0741086
0.240837
0.393391
0.124853
0.184435
0.105769
0.325788
0.290115
0.27449
0.243182
0.267284
0.0975695
0.338218
0.226834
0.140417
0.267332
0.15342
0.231639
0.222888
0.181414
0.395239
0.107377
0.317042
0.437585
0.26573
0.189943
0.0944494
0.188616
0.140733
0.127606
0.208619
0.237353
0.0885005
0.05928
0.18839
0.153167
0.12457
0.157651
0.377239
0.20946
0.17358
0.137516
0.263649
0.0865398
0.240007
0.173211
0.278845
0.357851
0.135142
0.253283
0.411838
0.309439
0.0724753
0.233346
