0.225561
0.33894
0.152686
0.305762
0.401176
0.188192
0.267162
0.335409
0.167716
0.258499
0.219686
0.0787907
0.301985
0.121282
0.35011
0.0491232
0.170423
0.125319
0.340846
0.267687
0.226251
0.216122
0.188036
0.220857
0.184476
0.259386
0.155495
0.168154
0.20117
0.236018
0.32507
0.170813
0.179701
0.120832
0.131653
0.112109
0.19294
0.320641
0.320658
0.135608
0.101379
0.181406
0.208693
0.237536
0.270471
0.362798
0.458438
0.220457
0.137236
0.349775
0.288178
0.438191
0.177466
0.320563
0.15494
0.26317
0.220911
0.144362
0.119453
0.332943
0.467706
0.104847
0.229212
0.270086
0.187177
0.143291
0.227996
0.276921
0.235906
0.205148
0.219713
0.282871
0.149512
0.310621
0.246737
0.0712022
0.203805
0.151752
0.211906
0.347524
0.31153
0.504212
0.0454908
0.140923
0.183492
0.0578135
0.288125
0.234445
0.230305
0.290138
0.312078
0.343536
0.424069
0.10407
0.256353
0.113479
0.221523
0.31343
0.300501
0.189747
