0.220527
0.293585
0.352457
0.409941
0.311439
0.134138
0.18398
0.152267
0.122613
0.250156
0.214174
0.239644
0.164483
0.284874
0.139433
0.279264
0.26174
0.192758
0.275458
0.27857
0.215904
0.306088
0.187581
0.229047
0.24358
0.29743
0.389107
0.319892
0.227027
0.246894
0.233905
0.177172
0.146282
0.300578
0.188064
0.109847
0.368171
0.228735
0.149915
0.171485
0.22512
0.228437
0.232758
0.121854
0.149548
0.263502
0.184861
0.230356
0.160428
0.0999419
0.322985
0.306539
0.188354
0.231653
0.319609
0.234561
0.407319
0.168875
0.267736
0.338541
0.192048
0.271172
0.456519
0.200855
0.219102
0.238287
0.143759
0.322447
0.289618
0.162492
0.146992
0.141202
0.141493
0.307048
0.201589
0.137152
0.131296
0.293822
0.337215
0.149715
0.242568
0.205555
0.268137
0.237763
0.269748
0.336462
0.0268487
0.406022
0.307616
0.341405
0.179362
0.102388
0.241469
0.323888
0.122206
0.229954
0.228054
0.29464
0.321266
0.323079
