0.0632699
0.173055
0.226826
0.241024
0.238522
0.128891
0.339933
0.366767
0.32092
0.184484
0.161358
0.314703
0.123835
0.325072
0.230196
0.332316
0.114295
0.104484
0.300543
0.364041
0.184249
0.305836
0.215377
0.187528
0.298613
0.166035
0.213697
0.196007
0.215496
0.216325
0.151758
0.209852
0.25614
0.23302
0.221903
0.270284
0.382303
0.158293
0.146171
0.35523
0.137578
0.224792
0.431747
0.48254
0.375098
0.131755
0.290946
0.0808265
0.161565
0.362479
0.319248
0.266441
0.234565
0.207547
0.229868
0.230389
0.206587
0.266575
0.164919
0.350038
0.229
0.112747
0.372617
0.168013
0.293864
0.18396
0.154962
0.22813
0.111292
0.174171
0.319577
0.207788
0.14907
0.209819
0.276427
0.195313
0.158819
0.332258
0.140171
0.28304
0.0749688
0.241246
0.106585
0.228475
0.180093
0.220511
0.222327
0.423226
0.180844
0.242711
0.0397196
0.349582
0.3562
0.166757
0.215566
0.328848
0.257736
0.162301
0.174723
0.452694
