0.21909
0.100803
0.271135
0.164829
0.361326
0.182222
0.24451
0.156537
0.334015
0.138089
0.282217
0.197015
0.335598
0.199461
0.383618
0.154925
0.377786
0.291326
0.201729
0.226932
0.264909
0.248434
0.160229
0.408249
0.211171
0.343169
0.13122
0.0767691
0.210145
0.302547
0.336007
0.463099
0.250058
0.178251
0.0586448
0.175505
0.11007
0.194679
0.262173
0.160577
0.3202
0.214762
0.385303
0.18771
0.241922
0.272274
0.347848
0.0796407
0.230092
0.140072
0.390802
0.214683
0.253433
0.154402
0.17581
0.282669
0.0969142
0.109636
0.184328
0.138265
0.0514521
0.345177
0.254785
0.121806
0.28808
0.18474
0.194382
0.042879
0.136944
0.214353
0.213344
0.380212
0.0868681
0.186432
0.319543
0.251549
0.124154
0.36271
0.299799
0.119861
0.434401
0.353934
0.398932
0.135839
0.111272
0.328514
0.2421
0.15981
0.180472
0.219641
0.411507
0.216407
0.281691
0.147519
0.127983
0.326059
0.288183
0.168341
0.374898
0.164231
