0.225561
0.0817246
0.362382
0.084426
0.303728
0.231594
0.317839
0.289503
0.485077
0.153596
0.333837
0.187986
0.0727248
0.206037
0.244897
0.241582
0.195232
0.125319
0.2423
0.142687
0.227765
0.115145
0.188036
0.269987
0.184476
0.268722
0.155495
0.526125
0.318422
0.141032
0.253326
0.15483
0.191199
0.307105
0.104376
0.239717
0.339325
0.196165
0.172336
0.0792815
0.310784
0.354601
0.217197
0.164433
0.155622
0.618673
0.0962937
0.172856
0.173846
0.127415
0.274453
0.185499
0.246273
0.11949
0.193263
0.151386
0.159326
0.236421
0.397752
0.125355
0.186411
0.286013
0.283999
0.0813793
0.206477
0.390904
0.154335
0.161755
0.257065
0.104521
0.0700728
0.355604
0.266988
0.32972
0.286099
0.240716
0.18924
0.130471
0.178737
0.112936
0.469016
0.299203
0.157114
0.140923
0.379641
0.198
0.333139
0.119228
0.354191
0.28349
0.245663
0.273348
0.354642
0.0984995
0.292892
0.109278
0.148917
0.272768
0.315698
0.206493
