0.11417
0.324332
0.152612
0.0688685
0.196342
0.178269
0.323682
0.20213
0.208495
0.237007
0.138952
0.23767
0.186261
0.128648
0.224657
0.224204
0.248041
0.12386
0.129636
0.233851
0.328553
0.35983
0.25892
0.390299
0.340589
0.259077
0.0712509
0.325924
0.278959
0.126512
0.307943
0.356469
0.179619
0.186181
0.206453
0.189555
0.151043
0.126412
0.479129
0.438122
0.625286
0.183097
0.333236
0.175635
0.0211471
0.12589
0.184495
0.336032
0.143579
0.170955
0.360714
0.116881
0.22331
0.0466471
0.104871
0.145143
0.24863
0.250601
0.276733
0.312982
0.223925
0.129995
0.249756
0.158296
0.328177
0.201413
0.28708
0.287211
0.356923
0.200498
0.350485
0.590211
0.0936067
0.302564
0.262529
0.147307
0.204115
0.421688
0.146619
0.187136
0.124582
0.364334
0.214788
0.185274
0.157503
0.0523188
0.0774618
0.249078
0.268737
0.087214
0.262894
0.138506
0.122543
0.222045
0.285065
0.317235
0.240771
0.149476
0.0850889
0.182145
