0.301269
0.298623
0.152602
0.223945
0.201838
0.180483
0.360376
0.257267
0.378553
0.251919
0.402208
0.253335
0.448176
0.246664
0.232143
0.285989
0.263576
0.26564
0.153968
0.102701
0.151232
0.199216
0.363716
0.230197
0.179101
0.0883766
0.196384
0.31585
0.401496
0.340981
0.245946
0.372255
0.234994
0.279357
0.185901
0.193802
0.194577
0.199345
0.292008
0.40122
0.144942
0.305584
0.332895
0.150127
0.128176
0.375294
0.179055
0.104707
0.29022
0.248764
0.119794
0.249943
0.207507
0.22026
0.253189
0.306218
0.214312
0.182512
0.143698
0.169369
0.133015
0.391862
0.22236
0.393611
0.096615
0.0987157
0.138243
0.0316126
0.334474
0.360209
0.171746
0.18333
0.221262
0.109476
0.101399
0.145451
0.428856
0.132557
0.0395465
0.125443
0.263895
0.0724236
0.196727
0.239254
0.294787
0.106714
0.29041
0.180459
0.164612
0.168281
0.253885
0.286812
0.268075
0.561865
0.30587
0.215179
0.140241
0.194116
0.168614
0.0999525
