0.340121
0.125121
0.284454
0.356716
0.228894
0.23379
0.0889081
0.244763
0.130956
0.164447
0.239953
0.110987
0.157151
0.391032
0.223554
0.41848
0.205824
0.218885
0.221762
0.222596
0.361147
0.10035
0.255447
0.357629
0.224857
0.309948
0.414535
0.350002
0.249097
0.149072
0.132943
0.288248
0.264363
0.291533
0.199509
0.253079
0.266627
0.245711
0.251369
0.265264
0.194634
0.150692
0.121862
0.119292
0.0866238
0.10035
0.243418
0.298698
0.166658
0.425435
0.126866
0.201147
0.126385
0.0670825
0.376573
0.205082
0.233477
0.305639
0.518039
0.173586
0.231216
0.204456
0.338156
0.261354
0.118365
0.301254
0.143633
0.105656
0.160833
0.15977
0.262582
0.140742
0.155899
0.23203
0.38872
0.090748
0.463803
0.12025
0.150139
0.209769
0.194826
0.146969
0.504303
0.22005
0.256515
0.143824
0.188497
0.309004
0.338753
0.0886001
0.18159
0.308988
0.174875
0.161342
0.132014
0.198933
0.192272
0.120903
0.327927
0.427582
