0.453128
0.202355
0.375829
0.200705
0.203535
0.203442
0.257514
0.320765
0.194804
0.187996
0.420372
0.0453168
0.155113
0.469851
0.117263
0.0908356
0.236523
0.351181
0.0692363
0.26737
0.256756
0.14806
0.278011
0.0844397
0.264762
0.343481
0.114528
0.365276
0.0792303
0.172844
0.206556
0.101531
0.284799
0.216232
0.323841
0.377484
0.167165
0.245711
0.0880146
0.160472
0.194634
0.260856
0.224913
0.281746
0.197752
0.225042
0.0713936
0.437252
0.284567
0.215513
0.318679
0.17846
0.109601
0.268829
0.128919
0.229261
0.263077
0.25359
0.403806
0.271863
0.237325
0.102999
0.379641
0.160585
0.164792
0.262814
0.236577
0.141873
0.333551
0.189556
0.155831
0.319537
0.0844149
0.133041
0.27047
0.26888
0.271209
0.27584
0.140707
0.142134
0.0942158
0.302697
0.141484
0.313066
0.291169
0.273317
0.306672
0.303376
0.326045
0.192743
0.241274
0.329794
0.252545
0.206842
0.184309
0.149155
0.389942
0.130226
0.253341
0.287766
