0.130048
0.0924036
0.372071
0.215278
0.310242
0.350865
0.181672
0.263298
0.0980203
0.118016
0.0915411
0.207383
0.179162
0.212763
0.359758
0.19666
0.155783
0.319328
0.247443
0.398875
0.165703
0.165056
0.350928
0.311904
0.114544
0.0774177
0.29343
0.199674
0.226001
0.362943
0.197885
0.227419
0.0902523
0.18744
0.308532
0.429835
0.171725
0.183086
0.224105
0.146614
0.183623
0.212541
0.323819
0.4196
0.387779
0.164686
0.371853
0.0444406
0.226281
0.409093
0.23432
0.0558343
0.26206
0.232116
0.211352
0.255668
0.21638
0.136515
0.317866
0.337994
0.217057
0.524138
0.217693
0.251349
0.0358839
0.393115
0.0900053
0.253469
0.245282
0.274764
0.0996048
0.192656
0.304812
0.125732
0.122115
0.208927
0.314884
0.342979
0.279613
0.151152
0.124474
0.249161
0.247283
0.443482
0.161369
0.25183
0.229734
0.0876041
0.0810883
0.32004
0.305084
0.206675
0.313699
0.116396
0.338586
0.19613
0.0930746
0.114799
0.228432
0.185033
