0.0998002
0.116984
0.300561
0.30701
0.12941
0.34543
0.197848
0.171815
0.375444
0.0884743
0.305667
0.127222
0.0880096
0.235548
0.264607
0.239835
0.230984
0.238943
0.475626
0.150182
0.186569
0.16143
0.330285
0.215171
0.0971522
0.28087
0.169092
0.243964
0.347113
0.226059
0.171566
0.274342
0.317315
0.276741
0.230834
0.16449
0.334962
0.193135
0.270202
0.247716
0.15799
0.26163
0.130845
0.418016
0.0729905
0.170385
0.237512
0.136362
0.320079
0.133018
0.134413
0.0338818
0.357912
0.212759
0.137912
0.18062
0.175027
0.0763062
0.135952
0.332872
0.17631
0.511279
0.189304
0.144665
0.334422
0.387253
0.248467
0.161594
0.310574
0.148189
0.318207
0.177034
0.24903
0.214382
0.0970278
0.0916669
0.0935425
0.267228
0.35796
0.222475
0.136085
0.350996
0.217163
0.209841
0.49396
0.229502
0.483482
0.266846
0.189036
0.177503
0.457894
0.0807744
0.269289
0.267499
0.319411
0.262542
0.19366
0.124642
0.218543
0.161613
