0.219273
0.0489336
0.217262
0.180287
0.116027
0.229423
0.221923
0.26873
0.227258
0.416865
0.2089
0.35187
0.226018
0.308306
0.253533
0.421981
0.325847
0.205034
0.11625
0.130634
0.113208
0.216088
0.270912
0.238568
0.293593
0.137909
0.311297
0.204046
0.215461
0.191173
0.315391
0.227323
0.200359
0.242583
0.336778
0.189353
0.210488
0.150946
0.290523
0.239715
0.341181
0.217817
0.240773
0.157446
0.0987103
0.117263
0.158075
0.205932
0.368425
0.220289
0.352223
0.096192
0.113817
0.166786
0.161626
0.20591
0.285163
0.221728
0.424494
0.126711
0.390363
0.236367
0.400574
0.131931
0.143009
0.288645
0.195741
0.301249
0.24173
0.211654
0.121217
0.134341
0.280344
0.428018
0.271883
0.173897
0.169767
0.363656
0.236478
0.242283
0.362142
0.325672
0.504595
0.204531
0.137247
0.242453
0.12788
0.22537
0.182574
0.209769
0.327013
0.0682284
0.150769
0.208586
0.275209
0.250224
0.0646584
0.242536
0.301841
0.365331
