0.308313
0.21443
0.203591
0.212455
0.210764
0.173027
0.192152
0.206988
0.217664
0.268047
0.177196
0.14476
0.161791
0.184301
0.139234
0.126913
0.281161
0.155598
0.358058
0.221945
0.186634
0.150483
0.196977
0.102517
0.189129
0.15794
0.145992
0.247374
0.327889
0.19737
0.0536733
0.362686
0.412219
0.359719
0.389754
0.156534
0.26201
0.28693
0.397093
0.0622129
0.173952
0.14449
0.266847
0.33441
0.218748
0.102098
0.273449
0.146029
0.175311
0.359388
0.243407
0.129266
0.207062
0.30869
0.235448
0.155477
0.272863
0.176584
0.227423
0.298508
0.375795
0.201472
0.251062
0.229194
0.274826
0.377362
0.139635
0.275542
0.24173
0.419
0.306327
0.0961147
0.376654
0.445316
0.262062
0.225061
0.223829
0.162086
0.32777
0.0790433
0.286665
0.275893
0.239994
0.40956
0.298674
0.151584
0.252911
0.182854
0.340123
0.0932345
0.164179
0.198385
0.239607
0.166353
0.222193
0.28367
0.31855
0.175187
0.383815
0.191973
