0.381213
0.136558
0.333374
0.216429
0.173948
0.229848
0.311687
0.132889
0.253402
0.293225
0.300525
0.179835
0.311021
0.0682896
0.0807843
0.338302
0.183483
0.155908
0.301576
0.371837
0.133717
0.251145
0.243851
0.243302
0.130429
0.25491
0.199778
0.298524
0.158425
0.311815
0.320837
0.0955002
0.240019
0.173526
0.311225
0.301683
0.277835
0.485457
0.230841
0.315312
0.160479
0.0915146
0.299188
0.410501
0.291321
0.214136
0.230531
0.275562
0.179157
0.443948
0.346786
0.0734762
0.102432
0.363295
0.255841
0.146414
0.153171
0.153895
0.273077
0.13226
0.195601
0.0649102
0.228279
0.161622
0.140787
0.201151
0.244977
0.295698
0.147725
0.284546
0.291603
0.410727
0.289119
0.373093
0.228335
0.101713
0.160837
0.186784
0.110592
0.225013
0.108186
0.147245
0.310471
0.316544
0.21231
0.20698
0.360287
0.290691
0.154253
0.229459
0.262155
0.460818
0.178713
0.309016
0.117871
0.178974
0.227321
0.0856753
0.227027
0.136772
