0.463544
0.174256
0.330444
0.457379
0.231976
0.191006
0.218997
0.303425
0.278404
0.15167
0.28005
0.102625
0.247664
0.13451
0.165764
0.256183
0.176281
0.264424
0.0692363
0.419762
0.328413
0.207188
0.205684
0.0844397
0.162916
0.185908
0.114528
0.0812468
0.134827
0.172844
0.265084
0.179046
0.191581
0.320289
0.217247
0.369049
0.400808
0.112385
0.451676
0.159449
0.160953
0.341434
0.37163
0.173776
0.109066
0.0749806
0.193136
0.475869
0.0974283
0.491928
0.165516
0.0495786
0.129514
0.340298
0.265443
0.26574
0.112247
0.300603
0.108125
0.206514
0.218319
0.102999
0.118917
0.195696
0.104124
0.295161
0.37794
0.294167
0.362247
0.225973
0.117719
0.185193
0.156844
0.347717
0.155251
0.12924
0.149236
0.341116
0.352342
0.21072
0.0942158
0.172995
0.151921
0.197382
0.260649
0.239969
0.359691
0.405584
0.373945
0.256687
0.193639
0.286151
0.241237
0.133147
0.0862658
0.236626
0.232727
0.0650408
0.167328
0.343239
