0.20845
0.184835
0.152003
0.141211
0.17615
0.284679
0.313344
0.15611
0.311688
0.340507
0.262669
0.14476
0.267243
0.254097
0.311343
0.186591
0.0754957
0.271909
0.250335
0.116897
0.159054
0.150792
0.371251
0.233202
0.144159
0.257508
0.21735
0.335755
0.195116
0.258968
0.533573
0.132251
0.410189
0.223509
0.0921594
0.162424
0.28648
0.23854
0.459624
0.392841
0.193202
0.223075
0.407311
0.309057
0.234458
0.0751769
0.066303
0.130206
0.0794651
0.31439
0.401215
0.270331
0.202525
0.187595
0.290933
0.232515
0.282549
0.137466
0.132212
0.200675
0.273812
0.34339
0.114563
0.410803
0.0523382
0.318105
0.340215
0.246231
0.218744
0.154136
0.264586
0.262479
0.189722
0.309876
0.215319
0.229704
0.175676
0.170413
0.416724
0.265983
0.361125
0.164695
0.21727
0.260425
0.198736
0.243169
0.339944
0.258018
0.0798279
0.0235294
0.327077
0.0874392
0.104856
0.139076
0.245157
0.213019
0.129929
0.293275
0.189188
0.155547
