0.213542
0.156374
0.26413
0.0751211
0.202931
0.224552
0.277694
0.131405
0.342901
0.104118
0.167674
0.100895
0.302625
0.140696
0.301719
0.386699
0.145933
0.220613
0.125898
0.170901
0.269921
0.45224
0.184279
0.0873629
0.313524
0.185686
0.292273
0.135199
0.21053
0.288406
0.29294
0.129618
0.216541
0.325027
0.190319
0.139314
0.161303
0.29228
0.125134
0.127793
0.277422
0.357147
0.0532431
0.188685
0.291794
0.0730319
0.198908
0.187247
0.0917724
0.357666
0.370175
0.277145
0.242901
0.146382
0.323183
0.0546037
0.227221
0.37701
0.318144
0.307716
0.0547861
0.478447
0.0872334
0.152211
0.398233
0.321105
0.202037
0.277615
0.162103
0.235916
0.290277
0.500067
0.112815
0.402737
0.280669
0.341256
0.196491
0.066154
0.156555
0.22767
0.170975
0.315675
0.168145
0.243099
0.241616
0.34379
0.31043
0.295721
0.181312
0.150065
0.281525
0.356089
0.128118
0.225444
0.15998
0.337692
0.178229
0.266362
0.294067
0.172513
