0.0451731
0.152916
0.228546
0.296346
0.311634
0.2183
0.142614
0.168453
0.273798
0.333941
0.270682
0.210868
0.263513
0.100869
0.240458
0.129993
0.404834
0.197161
0.198232
0.193639
0.251767
0.484777
0.224028
0.205135
0.440653
0.215591
0.329764
0.394195
0.151051
0.126512
0.119892
0.126698
0.272576
0.267193
0.3009
0.293552
0.0864437
0.0629515
0.274578
0.255254
0.194205
0.21
0.429622
0.164299
0.269093
0.262041
0.260346
0.330572
0.17467
0.223282
0.189724
0.227411
0.255599
0.181329
0.535511
0.272671
0.181729
0.203821
0.126704
0.286432
0.231342
0.263512
0.370566
0.0792987
0.0990207
0.218274
0.313293
0.316635
0.270806
0.164
0.192519
0.306202
0.193531
0.0584864
0.205879
0.185545
0.316511
0.190655
0.282952
0.112477
0.14951
0.248332
0.24802
0.422162
0.149722
0.0719699
0.3592
0.295101
0.176331
0.158355
0.260372
0.0970005
0.16788
0.235205
0.275948
0.335423
0.26088
0.210774
0.262256
0.218145
