0.21848
0.267586
0.100749
0.111787
0.144143
0.132597
0.187424
0.103775
0.361693
0.33071
0.355889
0.240188
0.412488
0.312913
0.17393
0.303906
0.368443
0.0663116
0.135104
0.186675
0.0583345
0.143743
0.19489
0.0824544
0.341646
0.324683
0.114786
0.163999
0.264078
0.159502
0.110424
0.152372
0.415325
0.313497
0.249807
0.291177
0.19049
0.232032
0.241295
0.174191
0.319393
0.0811072
0.229339
0.191351
0.252061
0.244039
0.198674
0.327432
0.100001
0.229917
0.275139
0.144997
0.155367
0.280031
0.277693
0.189826
0.329364
0.107504
0.248205
0.148145
0.432669
0.147783
0.257538
0.39506
0.162044
0.162301
0.281791
0.228411
0.163697
0.207966
0.288804
0.310097
0.506651
0.302787
0.175666
0.125933
0.179746
0.311752
0.174045
0.255803
0.43166
0.154971
0.235924
0.334101
0.249888
0.125149
0.335996
0.0818022
0.235372
0.301631
0.212628
0.205091
0.0731179
0.231749
0.405137
0.269141
0.228579
0.197883
0.452295
0.156262
