0.166552
0.130122
0.181472
0.256923
0.268485
0.226238
0.242979
0.285322
0.0649529
0.324873
0.154224
0.155503
0.116003
0.176862
0.471764
0.0865955
0.368072
0.166964
0.173578
0.245024
0.218835
0.235354
0.0902613
0.264235
0.172237
0.234953
0.246884
0.286467
0.35387
0.18075
0.256379
0.262764
0.12373
0.184375
0.381892
0.168023
0.309939
0.125837
0.200315
0.1505
0.220052
0.22306
0.172777
0.16075
0.274071
0.249416
0.321435
0.355188
0.258231
0.322082
0.0741921
0.325601
0.166197
0.234924
0.22563
0.145811
0.022428
0.402263
0.22623
0.336066
0.195352
0.259267
0.121671
0.280017
0.238856
0.168295
0.515463
0.306499
0.416551
0.290535
0.263708
0.0959127
0.207855
0.196496
0.138719
0.17877
0.483265
0.311737
0.399242
0.173685
0.181131
0.326846
0.239688
0.0627163
0.124761
0.203367
0.228627
0.185774
0.421595
0.158324
0.189369
0.166927
0.409865
0.334354
0.135415
0.139594
0.24455
0.158615
0.250182
0.250479
