0.246381
0.189986
0.269388
0.243955
0.0980406
0.261609
0.187217
0.103507
0.178916
0.209823
0.390873
0.336602
0.226935
0.399024
0.221534
0.0360822
0.233428
0.333011
0.313153
0.161999
0.227752
0.161877
0.237436
0.163767
0.122383
0.213205
0.417974
0.399229
0.195259
0.110733
0.255507
0.308656
0.239457
0.134859
0.155326
0.297071
0.187953
0.253902
0.464534
0.250203
0.151349
0.347126
0.22601
0.312689
0.339872
0.165831
0.100322
0.204314
0.116766
0.329966
0.199313
0.0955461
0.296768
0.185913
0.124019
0.190616
0.221549
0.213452
0.258052
0.353042
0.17631
0.276103
0.434768
0.113505
0.186268
0.254966
0.151515
0.215811
0.145008
0.113111
0.324187
0.259854
0.168135
0.191227
0.215124
0.127261
0.30921
0.378965
0.330297
0.415705
0.228283
0.357887
0.20291
0.320069
0.244088
0.102595
0.419841
0.124558
0.150491
0.187778
0.28713
0.30096
0.269289
0.127772
0.223186
0.0886802
0.290525
0.0841128
0.215984
0.343917
