0.252705
0.0807111
0.214546
0.256586
0.294401
0.120369
0.395088
0.117264
0.417699
0.146973
0.255588
0.181423
0.132807
0.335145
0.284405
0.226802
0.313848
0.178234
0.0835422
0.480105
0.297885
0.1856
0.230296
0.234671
0.0534868
0.252559
0.0830899
0.336474
0.258166
0.275726
0.266529
0.25399
0.146164
0.210985
0.20705
0.0906603
0.410026
0.288817
0.194897
0.266043
0.278659
0.277177
0.227062
0.229743
0.161087
0.187156
0.180899
0.0613418
0.192239
0.24804
0.175213
0.313329
0.349079
0.0844194
0.334484
0.175617
0.305154
0.192822
0.187058
0.225946
0.0677995
0.368609
0.151707
0.233134
0.315128
0.0590684
0.229428
0.303683
0.297758
0.329828
0.219106
0.202046
0.293289
0.15628
0.221317
0.186588
0.403472
0.305839
0.193113
0.253739
0.0588573
0.251611
0.407727
0.0915045
0.307772
0.271586
0.201903
0.172027
0.415246
0.272866
0.0855032
0.123582
0.143248
0.21943
0.28312
0.367024
0.164976
0.147675
0.119626
0.476035
