0.279064
0.263245
0.276516
0.293496
0.174586
0.294262
0.303305
0.146327
0.114074
0.140464
0.317358
0.182135
0.228956
0.271403
0.230575
0.243427
0.18689
0.172368
0.254638
0.107339
0.175479
0.386784
0.326933
0.140292
0.230421
0.415449
0.227617
0.188455
0.10949
0.274241
0.0886734
0.0875295
0.173301
0.139242
0.165472
0.286157
0.17288
0.18323
0.328153
0.0635108
0.429747
0.066756
0.24321
0.233388
0.282189
0.188075
0.36083
0.3375
0.167311
0.132909
0.152119
0.129805
0.188366
0.39769
0.206903
0.195176
0.273408
0.34101
0.191484
0.290646
0.393465
0.116868
0.228776
0.250282
0.230999
0.16918
0.335817
0.466521
0.211414
0.318529
0.0971032
0.379021
0.350903
0.293941
0.333855
0.298551
0.234072
0.274663
0.171271
0.251394
0.395768
0.303267
0.170718
0.373667
0.126491
0.132903
0.185848
0.117113
0.177131
0.20569
0.208821
0.320549
0.465763
0.153362
0.248746
0.192764
0.146239
0.167231
0.101588
0.162282
