0.0800638
0.248861
0.182839
0.175986
0.256891
0.123863
0.328053
0.345149
0.240254
0.163026
0.23471
0.159517
0.265787
0.327794
0.337916
0.359098
0.28316
0.212217
0.204517
0.193555
0.117612
0.391963
0.251532
0.118326
0.21924
0.159571
0.244303
0.388205
0.176717
0.171569
0.325879
0.215133
0.147303
0.290755
0.116697
0.21494
0.259269
0.260046
0.233986
0.145159
0.128079
0.393445
0.108703
0.183639
0.283042
0.12757
0.354593
0.128398
0.299837
0.208665
0.0867634
0.176791
0.131338
0.3228
0.252429
0.266781
0.13973
0.293282
0.18423
0.105512
0.217398
0.376283
0.345555
0.246743
0.251002
0.174442
0.264335
0.271761
0.143372
0.266157
0.329131
0.186828
0.27121
0.283119
0.427515
0.187136
0.0738734
0.255366
0.15303
0.46043
0.301395
0.224151
0.076666
0.342469
0.299795
0.203207
0.354619
0.241895
0.497308
0.169131
0.213211
0.220712
0.184076
0.283469
0.241067
0.108027
0.268886
0.154694
0.282925
0.192272
