0.290624
0.253207
0.191375
0.235974
0.0412224
0.169987
0.243373
0.247308
0.384015
0.259821
0.164531
0.169633
0.204778
0.34034
0.0524964
0.23587
0.371921
0.174763
0.294542
0.0870688
0.159771
0.223209
0.292568
0.195412
0.248678
0.169828
0.395572
0.115665
0.0928587
0.268482
0.217528
0.25377
0.162464
0.174393
0.204452
0.221897
0.1976
0.218591
0.26041
0.240248
0.0360743
0.354013
0.339003
0.138893
0.299021
0.389797
0.138385
0.240165
0.495504
0.15308
0.204199
0.147374
0.156033
0.298002
0.249049
0.0804667
0.26916
0.112676
0.233374
0.255304
0.243973
0.367422
0.252712
0.222104
0.168966
0.156351
0.447137
0.101715
0.220391
0.176041
0.359235
0.184357
0.274525
0.390413
0.23638
0.376677
0.236735
0.242836
0.144048
0.077074
0.276821
0.179498
0.311239
0.1968
0.151489
0.146306
0.232651
0.437469
0.319164
0.453695
0.294496
0.147294
0.204504
0.149791
0.173545
0.0504846
0.292064
0.302877
0.221433
0.378873
