0.152891
0.249326
0.130559
0.153032
0.354275
0.275423
0.276877
0.190872
0.347062
0.322447
0.260803
0.130391
0.416278
0.0623855
0.159797
0.248005
0.295214
0.210427
0.233152
0.145892
0.27209
0.171705
0.22776
0.123851
0.106115
0.172411
0.475317
0.112242
0.224735
0.0822461
0.315707
0.162387
0.150588
0.247323
0.400461
0.186284
0.140871
0.21031
0.176571
0.450276
0.290932
0.250938
0.313434
0.163168
0.430625
0.392528
0.163264
0.244266
0.277404
0.269852
0.199838
0.453581
0.18326
0.443931
0.297906
0.12409
0.184136
0.261614
0.172283
0.183556
0.284166
0.124291
0.293376
0.123767
0.264968
0.312778
0.260878
0.19076
0.289713
0.296713
0.0812515
0.289694
0.216131
0.212454
0.248424
0.152709
0.239941
0.177787
0.280197
0.153181
0.185231
0.22342
0.260798
0.237911
0.232392
0.150912
0.239561
0.211255
0.432522
0.218061
0.0946619
0.316756
0.171684
0.198786
0.375261
0.171435
0.22024
0.225641
0.155767
0.170255
