0.227464
0.0808605
0.421044
0.258219
0.0437928
0.212222
0.231716
0.253252
0.385639
0.206138
0.410003
0.322767
0.189496
0.238841
0.156636
0.0944274
0.0685914
0.362173
0.200846
0.275205
0.227101
0.268539
0.274614
0.297094
0.184796
0.268636
0.303376
0.141403
0.168374
0.351675
0.302282
0.32815
0.382146
0.173446
0.316091
0.236877
0.386762
0.155358
0.182996
0.326779
0.219573
0.37268
0.383633
0.138288
0.180641
0.111128
0.299261
0.158497
0.196507
0.385157
0.194352
0.19874
0.251049
0.227018
0.150453
0.170006
0.231207
0.264642
0.167227
0.266517
0.17828
0.283108
0.242275
0.145627
0.0523573
0.264857
0.164276
0.408532
0.244528
0.235107
0.264378
0.138516
0.293165
0.108911
0.442269
0.136359
0.191484
0.387327
0.212815
0.30994
0.161684
0.265094
0.324429
0.0794399
0.137294
0.30287
0.467913
0.298512
0.127003
0.138529
0.0718843
0.173853
0.0475632
0.16398
0.102226
0.190859
0.269673
0.25466
0.214639
0.111871
