0.12223
0.143775
0.111262
0.20327
0.240264
0.503771
0.421414
0.391199
0.273297
0.22646
0.149617
0.234213
0.370995
0.395453
0.138565
0.203318
0.110377
0.105113
0.313144
0.30587
0.0933393
0.306513
0.412182
0.29185
0.255332
0.281496
0.142362
0.196631
0.0917092
0.108724
0.309096
0.25772
0.148276
0.269118
0.151246
0.312243
0.212636
0.265953
0.216393
0.120551
0.11314
0.200389
0.239189
0.2956
0.241535
0.166045
0.258727
0.232674
0.135315
0.216549
0.147972
0.255759
0.20316
0.272143
0.14432
0.114952
0.100044
0.219473
0.154234
0.255342
0.0382173
0.161896
0.252719
0.170441
0.353688
0.313814
0.08165
0.283648
0.110855
0.328057
0.339223
0.18081
0.486765
0.30177
0.188807
0.266416
0.239593
0.260666
0.273461
0.176752
0.255497
0.255613
0.339657
0.220399
0.252535
0.220479
0.309855
0.179728
0.146792
0.243865
0.341561
0.458666
0.206976
0.316862
0.125469
0.386961
0.248582
0.233494
0.119595
0.0967013
