0.190505
0.105605
0.328655
0.205372
0.120883
0.149922
0.269987
0.268632
0.209165
0.201964
0.185109
0.204574
0.123511
0.177397
0.20774
0.165008
0.0951326
0.101457
0.439419
0.253589
0.167666
0.367327
0.134097
0.285186
0.242892
0.111027
0.348941
0.167151
0.201151
0.201221
0.284094
0.15699
0.236992
0.302477
0.139393
0.179065
0.329719
0.486116
0.313981
0.0597758
0.351674
0.28693
0.122093
0.106756
0.2367
0.343144
0.393125
0.307782
0.270805
0.151731
0.112525
0.206899
0.192549
0.15768
0.323589
0.110461
0.271688
0.255338
0.230332
0.300028
0.194251
0.207651
0.126364
0.184135
0.213127
0.252267
0.326365
0.195252
0.376344
0.325201
0.55925
0.162657
0.330012
0.209637
0.121328
0.25761
0.277312
0.179584
0.321648
0.369408
0.187833
0.108657
0.187241
0.261597
0.205673
0.283575
0.357218
0.201254
0.179236
0.263071
0.184067
0.203189
0.292933
0.327477
0.274993
0.0998289
0.182329
0.172232
0.384802
0.264606
