0.232708
0.254355
0.162574
0.100772
0.266951
0.330693
0.0480944
0.329519
0.223243
0.12288
0.237411
0.218925
0.0928334
0.178585
0.157043
0.245018
0.134732
0.112333
0.220425
0.288979
0.324701
0.342927
0.154898
0.319131
0.216684
0.203974
0.364342
0.155112
0.344445
0.0930631
0.350412
0.4316
0.176672
0.223375
0.313986
0.281363
0.215462
0.163346
0.210991
0.119161
0.306247
0.228191
0.0509194
0.107297
0.247325
0.260801
0.162083
0.225229
0.168622
0.174043
0.176266
0.276361
0.173758
0.179612
0.275478
0.241048
0.214956
0.235286
0.37562
0.360327
0.317033
0.185498
0.172561
0.269628
0.207153
0.267011
0.185989
0.257283
0.233684
0.249694
0.103579
0.233085
0.174128
0.199299
0.518613
0.187865
0.309634
0.222145
0.0604956
0.327115
0.259651
0.174689
0.273538
0.206316
0.345643
0.247729
0.224427
0.239268
0.262829
0.416164
0.291528
0.108931
0.354903
0.289241
0.297241
0.207226
0.282022
0.262
0.219738
0.422305
