0.196176
0.240393
0.189717
0.190378
0.257709
0.201135
0.194285
0.168326
0.384217
0.164063
0.243816
0.107742
0.190119
0.166496
0.193254
0.246618
0.190761
0.263293
0.17248
0.295896
0.134453
0.0892214
0.217928
0.360337
0.118654
0.437455
0.225924
0.15773
0.349547
0.312647
0.413525
0.272583
0.257337
0.198193
0.146149
0.203906
0.313599
0.409881
0.163778
0.202354
0.260526
0.273963
0.11621
0.38405
0.4484
0.291357
0.292606
0.230714
0.12885
0.167688
0.240182
0.159522
0.12761
0.229681
0.358891
0.195849
0.217063
0.262608
0.140261
0.133854
0.205811
0.295195
0.181914
0.240321
0.343703
0.378708
0.101188
0.317813
0.317314
0.334849
0.17287
0.218108
0.0896265
0.261548
0.0812099
0.208274
0.258667
0.243363
0.152923
0.115561
0.262984
0.193226
0.254031
0.0878773
0.144743
0.232255
0.559895
0.228599
0.226507
0.325797
0.275826
0.166879
0.124513
0.277422
0.31133
0.317037
0.162212
0.226802
0.287243
0.274392
