0.296466
0.235245
0.196787
0.273844
0.362924
0.422015
0.162081
0.217867
0.220163
0.305271
0.0972196
0.318926
0.292533
0.132788
0.516795
0.242928
0.274869
0.173105
0.259086
0.175689
0.314035
0.440118
0.281858
0.385052
0.070502
0.119861
0.0696721
0.144365
0.182417
0.182888
0.38224
0.151246
0.320478
0.310542
0.236079
0.180311
0.180003
0.208504
0.305334
0.0844405
0.221854
0.117436
0.199769
0.228254
0.265278
0.290298
0.277849
0.241935
0.167446
0.157467
0.149993
0.0939051
0.109622
0.303267
0.261469
0.102226
0.174637
0.283497
0.111099
0.148696
0.279251
0.394967
0.305398
0.243074
0.211823
0.259173
0.210864
0.115659
0.299365
0.285157
0.198507
0.138029
0.113451
0.350911
0.423349
0.272233
0.212444
0.157592
0.146863
0.361061
0.372098
0.0629778
0.266442
0.289918
0.359456
0.0137412
0.0647394
0.215825
0.142336
0.390652
0.0659022
0.104469
0.15956
0.183243
0.385274
0.0847785
0.265039
0.336722
0.128913
0.352542
