0.1356
0.172582
0.163832
0.330382
0.0732298
0.264498
0.218954
0.112651
0.151529
0.251013
0.11549
0.248312
0.193096
0.274082
0.170434
0.48801
0.28888
0.207773
0.200167
0.170764
0.13265
0.147575
0.24408
0.340541
0.225659
0.528319
0.280673
0.379066
0.145466
0.248665
0.346889
0.213389
0.230105
0.333579
0.135002
0.106637
0.142182
0.309766
0.206096
0.277179
0.155155
0.121759
0.0913213
0.291064
0.108742
0.133451
0.269793
0.141799
0.246408
0.236492
0.31755
0.397642
0.352093
0.211404
0.225963
0.307269
0.323266
0.423103
0.278405
0.127295
0.165159
0.289788
0.42204
0.126347
0.18932
0.209652
0.244441
0.393724
0.233831
0.14316
0.086887
0.0896126
0.170658
0.262825
0.112025
0.11935
0.299647
0.285885
0.305357
0.415981
0.487689
0.267305
0.192183
0.342725
0.183106
0.113406
0.0657981
0.356996
0.0900983
0.106503
0.238918
0.27172
0.085435
0.148524
0.205237
0.196165
0.288308
0.250151
0.192983
0.296386
