0.103801
0.394242
0.243416
0.108985
0.188463
0.215949
0.128473
0.2994
0.12835
0.250011
0.110316
0.140002
0.258181
0.273605
0.158763
0.353622
0.171632
0.0946087
0.116888
0.326039
0.183029
0.20937
0.302021
0.338215
0.158323
0.137731
0.19458
0.372511
0.249835
0.281295
0.162089
0.355467
0.258282
0.207144
0.23926
0.353702
0.418601
0.198302
0.16891
0.125981
0.215947
0.276293
0.329999
0.227325
0.0938483
0.157045
0.284821
0.0282126
0.349227
0.111649
0.171784
0.198081
0.413182
0.321418
0.173778
0.246976
0.244903
0.221071
0.185053
0.1297
0.349342
0.198597
0.144035
0.107076
0.147763
0.188596
0.186808
0.143774
0.132508
0.102113
0.133818
0.284155
0.200865
0.118157
0.302926
0.244696
0.301847
0.189507
0.119583
0.334473
0.248362
0.380688
0.199355
0.384092
0.255668
0.165916
0.35158
0.331156
0.199453
0.424831
0.343761
0.479326
0.277888
0.125958
0.37853
0.206124
0.17792
0.086679
0.306146
0.441702
