0.184313
0.198681
0.299287
0.317181
0.34042
0.278007
0.265499
0.287085
0.224217
0.258083
0.155116
0.206907
0.164562
0.353598
0.462526
0.31044
0.248834
0.273497
0.0933537
0.183527
0.159094
0.165307
0.155158
0.274244
0.157995
0.144327
0.173949
0.215876
0.394076
0.245597
0.570963
0.165051
0.326125
0.366876
0.225161
0.393829
0.222649
0.25765
0.123416
0.0891132
0.4907
0.260926
0.107777
0.0834511
0.369038
0.183404
0.343077
0.218766
0.210285
0.131973
0.0874747
0.330843
0.287154
0.195013
0.0978114
0.335103
0.170086
0.295015
0.267332
0.12781
0.345153
0.201044
0.152536
0.246809
0.269566
0.110634
0.26845
0.177715
0.20328
0.175096
0.287666
0.253073
0.231271
0.096989
0.130281
0.160163
0.136902
0.136083
0.278904
0.143499
0.117724
0.126436
0.178915
0.241999
0.136194
0.158581
0.0872045
0.19602
0.120693
0.44166
0.410212
0.0930918
0.225198
0.248256
0.326306
0.11604
0.366684
0.261284
0.376199
0.180367
