0.243361
0.0842293
0.31529
0.168148
0.372792
0.183638
0.129673
0.222381
0.248686
0.470478
0.210242
0.148149
0.121024
0.100259
0.180033
0.402485
0.229054
0.415722
0.178724
0.254488
0.233835
0.510654
0.316922
0.107248
0.402844
0.398132
0.276642
0.218079
0.195078
0.247148
0.349934
0.284981
0.0741222
0.54002
0.216522
0.222206
0.177592
0.227115
0.435945
0.290759
0.110001
0.18744
0.197007
0.344539
0.181245
0.565273
0.228225
0.201822
0.209461
0.149251
0.189732
0.166533
0.324595
0.254634
0.193508
0.247687
0.174495
0.315611
0.448214
0.225552
0.175806
0.137228
0.0789683
0.135171
0.331099
0.272512
0.118978
0.102409
0.120359
0.0874782
0.258991
0.207141
0.26409
0.139625
0.0985186
0.139213
0.10728
0.152585
0.192229
0.182905
0.15946
0.270238
0.119907
0.287454
0.155079
0.148138
0.17395
0.242809
0.276118
0.147307
0.20325
0.342758
0.172711
0.141302
0.186664
0.100454
0.135929
0.383069
0.251677
0.143699
