0.117363
0.2469
0.521552
0.23705
0.163492
0.282937
0.200189
0.229754
0.434775
0.186372
0.341068
0.151623
0.222431
0.182793
0.0797894
0.408082
0.17733
0.136973
0.149311
0.426087
0.137866
0.311847
0.311987
0.283614
0.236784
0.164712
0.138241
0.263486
0.374187
0.349344
0.177867
0.378639
0.271631
0.106631
0.177896
0.254721
0.31143
0.173733
0.240357
0.178771
0.0208885
0.0581885
0.30827
0.217477
0.162764
0.248254
0.36588
0.203018
0.218187
0.104701
0.401878
0.183726
0.0787141
0.260053
0.184576
0.277182
0.281237
0.145234
0.0625375
0.191811
0.323755
0.181722
0.318578
0.280714
0.399533
0.211168
0.35914
0.329984
0.310578
0.268804
0.285207
0.152061
0.150355
0.412775
0.168028
0.295501
0.190629
0.0947068
0.270503
0.258746
0.264957
0.165456
0.163481
0.238907
0.322249
0.307244
0.0833372
0.117218
0.256522
0.309491
0.11109
0.280941
0.130321
0.0895168
0.145642
0.244479
0.29833
0.179264
0.217956
0.170676
