0.173607
0.414563
0.193195
0.238784
0.491476
0.161578
0.154108
0.216929
0.0837211
0.318491
0.237587
0.249825
0.198375
0.245636
0.271412
0.169465
0.336979
0.246536
0.306418
0.296554
0.308829
0.271981
0.221716
0.184017
0.218376
0.329627
0.282809
0.191434
0.164318
0.117316
0.243015
0.326896
0.280982
0.285812
0.0935897
0.300132
0.204612
0.377968
0.309405
0.2622
0.373515
0.310304
0.18211
0.215684
0.268841
0.183728
0.409113
0.214175
0.164138
0.195125
0.170716
0.187535
0.21001
0.330139
0.28351
0.149823
0.112029
0.148185
0.372513
0.249692
0.250297
0.0927907
0.192361
0.123376
0.112233
0.165241
0.391921
0.0914502
0.114846
0.321062
0.137155
0.336242
0.135747
0.14153
0.36958
0.324452
0.170358
0.147062
0.370491
0.251821
0.143615
0.231043
0.276087
0.197301
0.0673646
0.240953
0.0670655
0.405945
0.136297
0.126198
0.243096
0.293107
0.245321
0.374728
0.138411
0.320623
0.12974
0.351978
0.179543
0.179185
