0.241194
0.145513
0.318512
0.255707
0.137656
0.245482
0.330974
0.326851
0.162596
0.220942
0.259811
0.0828931
0.251777
0.31404
0.215417
0.195889
0.0660278
0.259451
0.07207
0.343434
0.259949
0.263601
0.183997
0.181496
0.305401
0.154466
0.150892
0.410518
0.214261
0.231509
0.248804
0.361655
0.242665
0.0411755
0.278937
0.1894
0.226713
0.414375
0.539261
0.222687
0.201013
0.225112
0.208249
0.208276
0.359676
0.19256
0.0727475
0.146477
0.185084
0.195002
0.258102
0.350682
0.243956
0.180438
0.332459
0.151576
0.327486
0.164295
0.025713
0.25578
0.29195
0.234484
0.337639
0.191198
0.206174
0.285101
0.37972
0.444651
0.330356
0.220301
0.331909
0.361576
0.146733
0.235806
0.154481
0.0302219
0.285964
0.296456
0.222976
0.269173
0.272045
0.114752
0.201174
0.261426
0.132463
0.166128
0.263792
0.190914
0.239627
0.169432
0.17901
0.147693
0.217576
0.140457
0.344197
0.183328
0.286698
0.339642
0.239078
0.0785311
