0.298519
0.23026
0.3498
0.327201
0.230869
0.0992675
0.232902
0.240034
0.293035
0.264409
0.176878
0.391511
0.4241
0.214874
0.121995
0.174214
0.363312
0.124251
0.200901
0.173878
0.193605
0.238402
0.277237
0.2313
0.247417
0.18591
0.0650091
0.229834
0.235799
0.113916
0.278161
0.372748
0.192524
0.104556
0.33652
0.122518
0.168247
0.141821
0.350828
0.304056
0.118694
0.517165
0.200096
0.203908
0.255955
0.384016
0.315615
0.295659
0.153261
0.0920806
0.194579
0.196181
0.178175
0.24414
0.24312
0.188304
0.312406
0.378896
0.209813
0.377609
0.131169
0.241824
0.262745
0.196992
0.181861
0.359333
0.240889
0.276215
0.421826
0.165846
0.169695
0.218585
0.384709
0.0973089
0.266853
0.298561
0.16549
0.298147
0.0938156
0.196544
0.200292
0.181285
0.31813
0.182319
0.0983967
0.0717903
0.237618
0.192358
0.243612
0.11554
0.0816173
0.248312
0.181053
0.176679
0.241584
0.181895
0.433207
0.209718
0.361925
0.259991
