0.309377
0.171549
0.250936
0.144564
0.257166
0.282863
0.180916
0.221787
0.208282
0.144144
0.0940925
0.163941
0.15805
0.229595
0.177512
0.367336
0.474365
0.333023
0.258848
0.144175
0.369445
0.319983
0.177442
0.322508
0.184097
0.118795
0.445668
0.186898
0.133444
0.234088
0.272073
0.348129
0.242476
0.150527
0.2777
0.231844
0.0884534
0.29281
0.114845
0.250757
0.2367
0.0869616
0.0842989
0.352509
0.302755
0.141581
0.278632
0.22481
0.206889
0.146301
0.254532
0.369152
0.118072
0.125684
0.319856
0.0412894
0.261741
0.430444
0.137773
0.206722
0.206621
0.351641
0.316516
0.413567
0.2503
0.377307
0.194154
0.116501
0.240141
0.109357
0.347258
0.203291
0.448271
0.203706
0.219746
0.213605
0.312195
0.191457
0.165479
0.288397
0.122146
0.158068
0.217033
0.121603
0.285065
0.241412
0.250137
0.453813
0.181159
0.19666
0.259273
0.201522
0.157697
0.178628
0.230194
0.130981
0.242764
0.418879
0.063135
0.170915
