0.228431
0.0849985
0.12861
0.141244
0.263158
0.160658
0.209117
0.229573
0.189098
0.258336
0.444665
0.0956938
0.203526
0.128808
0.217917
0.163468
0.0827878
0.41171
0.190746
0.251786
0.188157
0.26573
0.160029
0.141978
0.233128
0.23463
0.258783
0.29359
0.31143
0.238834
0.359458
0.231208
0.194069
0.297731
0.20144
0.262747
0.320941
0.200091
0.170531
0.309723
0.274897
0.34797
0.329437
0.334123
0.36423
0.167995
0.372745
0.345711
0.272439
0.111124
0.12214
0.405518
0.406624
0.34837
0.309517
0.205165
0.268218
0.288473
0.235381
0.290858
0.211106
0.185365
0.223855
0.0920048
0.210534
0.270139
0.262925
0.127316
0.112904
0.235087
0.160236
0.557586
0.279969
0.113291
0.189248
0.0683534
0.448953
0.0970206
0.250582
0.222672
0.290886
0.161434
0.0738467
0.107365
0.317616
0.199958
0.266035
0.160631
0.230266
0.167719
0.249278
0.23991
0.21164
0.261614
0.115795
0.12137
0.29597
0.113494
0.160067
0.367151
