0.437833
0.126143
0.286066
0.322497
0.283758
0.22231
0.235949
0.242782
0.184995
0.144144
0.168681
0.246713
0.160217
0.248886
0.406699
0.328636
0.249349
0.229952
0.143636
0.216205
0.181499
0.257351
0.22863
0.139422
0.235998
0.118795
0.0968715
0.232147
0.160164
0.11317
0.110637
0.199315
0.131376
0.245993
0.184149
0.216504
0.290786
0.0979305
0.267784
0.253099
0.220958
0.198169
0.15804
0.207445
0.219872
0.141581
0.204491
0.0832676
0.2286
0.320093
0.303986
0.329103
0.225995
0.188746
0.127334
0.317282
0.152308
0.197108
0.314148
0.275658
0.15367
0.180843
0.323169
0.199955
0.124288
0.39785
0.220902
0.236557
0.207147
0.380913
0.23091
0.205551
0.19468
0.308385
0.270324
0.220562
0.0924285
0.220143
0.206446
0.373744
0.43808
0.0787342
0.326101
0.114123
0.233535
0.241412
0.250137
0.150044
0.484497
0.409587
0.39323
0.318868
0.159436
0.419168
0.338462
0.087413
0.301909
0.373725
0.271972
0.115112
