0.415631
0.229501
0.297588
0.221554
0.320018
0.308486
0.435041
0.289132
0.173689
0.0744853
0.108052
0.236135
0.114916
0.103297
0.203583
0.28587
0.166744
0.173393
0.16179
0.229171
0.196044
0.258852
0.29603
0.0840217
0.410703
0.112693
0.228787
0.151022
0.0758546
0.411112
0.270518
0.0768542
0.139963
0.285803
0.300007
0.193802
0.17253
0.152371
0.20644
0.313694
0.0961757
0.335511
0.342857
0.222877
0.23172
0.0303621
0.173631
0.432319
0.447833
0.330707
0.0699042
0.246002
0.174649
0.0968091
0.229347
0.256068
0.185261
0.31889
0.286384
0.25296
0.43318
0.192899
0.297267
0.201865
0.0980774
0.387569
0.17352
0.297218
0.295892
0.198491
0.155112
0.441362
0.223519
0.159239
0.200439
0.275649
0.212306
0.144605
0.185116
0.192218
0.130059
0.0724236
0.224277
0.100882
0.387913
0.134241
0.102444
0.330893
0.198359
0.265882
0.276166
0.344065
0.436785
0.24743
0.104474
0.224627
0.377541
0.145458
0.235411
0.0725612
