0.0848303
0.393497
0.280389
0.205802
0.164147
0.126914
0.238679
0.194424
0.158336
0.291456
0.228028
0.0782747
0.251194
0.180529
0.289238
0.186262
0.264391
0.281702
0.266464
0.354555
0.282868
0.124492
0.207096
0.165585
0.171727
0.209044
0.287657
0.095377
0.130251
0.184462
0.268617
0.369097
0.278947
0.153582
0.167627
0.150522
0.139356
0.256101
0.273215
0.1146
0.240075
0.367325
0.25932
0.257084
0.0704916
0.104218
0.291728
0.192312
0.240828
0.398796
0.138779
0.279329
0.425847
0.195639
0.241138
0.284228
0.253027
0.335252
0.187542
0.250273
0.390089
0.17951
0.344161
0.129052
0.190025
0.161096
0.192776
0.243399
0.407429
0.356012
0.370125
0.36421
0.189934
0.363884
0.233843
0.0869707
0.178445
0.167084
0.231119
0.138931
0.345035
0.149213
0.194568
0.244483
0.226095
0.173147
0.181267
0.308735
0.28016
0.239352
0.298772
0.22033
0.223924
0.180215
0.405118
0.464889
0.268929
0.0554162
0.213886
0.256044
