0.0967909
0.268323
0.225939
0.164394
0.271681
0.177953
0.163119
0.271138
0.208932
0.291865
0.333926
0.23112
0.454226
0.379826
0.22271
0.307369
0.373186
0.138155
0.305969
0.204331
0.238537
0.178402
0.153264
0.237202
0.243311
0.251906
0.0401358
0.39119
0.40141
0.0597633
0.314558
0.383849
0.270978
0.165633
0.23124
0.189989
0.23942
0.17595
0.27814
0.425863
0.119374
0.0987228
0.304609
0.142913
0.124963
0.189342
0.300513
0.449793
0.222299
0.0999396
0.0956625
0.218914
0.362766
0.336395
0.262878
0.144928
0.134719
0.22465
0.22034
0.337942
0.223788
0.211063
0.201949
0.386031
0.242479
0.276012
0.128736
0.213091
0.261438
0.274348
0.368535
0.128455
0.407271
0.154383
0.0919317
0.187072
0.245996
0.132178
0.211077
0.29058
0.3395
0.32844
0.190216
0.272442
0.149329
0.176911
0.0961037
0.170875
0.373616
0.12076
0.145467
0.187588
0.243418
0.211471
0.135743
0.161216
0.192672
0.308181
0.114155
0.3123
