0.15097
0.293578
0.194781
0.300522
0.141918
0.229423
0.148136
0.351955
0.288406
0.157683
0.268836
0.222495
0.195019
0.301764
0.109261
0.145879
0.204043
0.222239
0.102298
0.404659
0.168648
0.236621
0.320729
0.320142
0.253578
0.375919
0.13324
0.262305
0.283415
0.344245
0.184884
0.144923
0.337301
0.0894723
0.0533133
0.07178
0.243501
0.119054
0.424429
0.298405
0.328299
0.127408
0.113112
0.196324
0.415232
0.231231
0.18561
0.134709
0.390551
0.220289
0.3447
0.270507
0.244562
0.163505
0.288088
0.337931
0.285755
0.249523
0.0758187
0.126711
0.308768
0.104899
0.498503
0.131931
0.186873
0.250437
0.219996
0.141984
0.199264
0.281639
0.264499
0.389449
0.298799
0.136132
0.239205
0.300498
0.116833
0.313576
0.291858
0.18139
0.102206
0.201865
0.236844
0.0575574
0.156657
0.15126
0.262743
0.325298
0.282067
0.111289
0.154863
0.125087
0.150769
0.237472
0.286053
0.11245
0.143431
0.425358
0.35074
0.45276
