0.173846
0.163636
0.442331
0.160949
0.203828
0.177501
0.236584
0.161834
0.405844
0.393068
0.18841
0.414333
0.230949
0.0469862
0.34495
0.184189
0.15152
0.282166
0.193741
0.182149
0.0792002
0.290736
0.278313
0.303098
0.165892
0.269825
0.147092
0.387524
0.168404
0.0986369
0.228097
0.426281
0.315348
0.282165
0.308078
0.218654
0.227247
0.246936
0.23334
0.358226
0.341744
0.294141
0.245667
0.247567
0.174215
0.365639
0.24455
0.0916659
0.322903
0.185056
0.331685
0.055378
0.195703
0.159913
0.197417
0.256596
0.122416
0.0528224
0.209823
0.191387
0.0804759
0.0658102
0.262602
0.108936
0.252172
0.181414
0.391694
0.181084
0.201452
0.185624
0.196291
0.234673
0.184384
0.16759
0.23848
0.214209
0.209518
0.206097
0.0975352
0.05928
0.282886
0.2211
0.235651
0.233183
0.30305
0.235585
0.357045
0.329547
0.138341
0.162386
0.448908
0.188928
0.404644
0.099321
0.26997
0.384492
0.278345
0.400081
0.106016
0.235839
