0.204995
0.309263
0.334346
0.379865
0.210404
0.226942
0.29625
0.214849
0.389243
0.217162
0.328866
0.354231
0.27836
0.319628
0.151586
0.330493
0.335063
0.308765
0.371435
0.156791
0.508871
0.346191
0.141418
0.373955
0.104922
0.27433
0.312155
0.265407
0.137768
0.205887
0.182105
0.165011
0.168379
0.213695
0.21136
0.168585
0.0433102
0.260293
0.135885
0.181012
0.26782
0.212605
0.132029
0.323533
0.131852
0.141376
0.2411
0.119081
0.134568
0.133873
0.26012
0.338158
0.0757883
0.362196
0.128392
0.111612
0.147975
0.0994133
0.234068
0.195652
0.130925
0.332726
0.270625
0.257778
0.223221
0.204994
0.302171
0.262578
0.104783
0.230863
0.107767
0.0485128
0.413263
0.167538
0.247828
0.119544
0.316354
0.168712
0.305645
0.293268
0.429079
0.0866217
0.200367
0.255661
0.084207
0.267226
0.278541
0.224888
0.135125
0.249322
0.317019
0.325732
0.178778
0.434777
0.156537
0.215604
0.193533
0.372794
0.0939337
0.154272
