0.180934
0.197563
0.231957
0.356038
0.137495
0.227711
0.259237
0.362338
0.11353
0.209286
0.595496
0.192149
0.164401
0.281395
0.125449
0.382257
0.196386
0.265032
0.209749
0.12081
0.0801891
0.338362
0.23425
0.153805
0.2593
0.272909
0.368795
0.123681
0.20273
0.267948
0.380858
0.429926
0.222394
0.101118
0.305612
0.404448
0.165764
0.280079
0.179555
0.105249
0.0775518
0.153524
0.21799
0.219259
0.298599
0.188409
0.13728
0.150437
0.200545
0.391024
0.191444
0.190371
0.0504419
0.342553
0.268158
0.143647
0.364199
0.303153
0.179751
0.162341
0.124033
0.140706
0.219311
0.216752
0.218491
0.327556
0.400161
0.344535
0.22106
0.238501
0.0721853
0.16811
0.321171
0.169589
0.239721
0.213943
0.315427
0.242442
0.0679511
0.391706
0.234113
0.14907
0.0298031
0.228166
0.174549
0.416103
0.158397
0.245862
0.128344
0.249848
0.310104
0.216114
0.282195
0.152754
0.206574
0.283003
0.171971
0.371828
0.136503
0.287569
