0.245116
0.196053
0.209139
0.242391
0.160807
0.362557
0.331485
0.141759
0.35032
0.123403
0.081518
0.417894
0.162584
0.213046
0.132629
0.163245
0.348082
0.0774221
0.197638
0.208844
0.322682
0.129364
0.234402
0.315646
0.402351
0.196746
0.246708
0.206964
0.569413
0.0894371
0.205434
0.296305
0.270236
0.174117
0.220618
0.258653
0.287917
0.192146
0.387596
0.267163
0.206265
0.157325
0.219103
0.324505
0.302318
0.269363
0.147872
0.231447
0.227421
0.320563
0.142881
0.314217
0.0769464
0.197566
0.262864
0.0926482
0.160911
0.174569
0.50606
0.322591
0.264287
0.409048
0.183965
0.106059
0.257888
0.0781151
0.176662
0.245003
0.269159
0.398329
0.323474
0.227296
0.163165
0.251092
0.206494
0.283474
0.120022
0.101387
0.0523684
0.326737
0.276786
0.196298
0.145472
0.0315127
0.218381
0.186213
0.0829439
0.145888
0.20973
0.236155
0.152819
0.309147
0.258435
0.390155
0.127262
0.303171
0.306074
0.335427
0.194961
0.152646
