0.430736
0.440162
0.160603
0.12075
0.182017
0.277342
0.258238
0.324674
0.234103
0.275013
0.0872042
0.220775
0.205726
0.107713
0.539537
0.126996
0.169158
0.23187
0.220078
0.414622
0.270191
0.264644
0.226558
0.287355
0.12741
0.396801
0.266845
0.168652
0.14625
0.29707
0.112906
0.244271
0.133537
0.371164
0.207668
0.172094
0.232763
0.304405
0.125918
0.137838
0.223507
0.311933
0.362637
0.117341
0.129514
0.151647
0.396762
0.120491
0.211536
0.194648
0.391155
0.149627
0.0361295
0.229443
0.189188
0.240323
0.229337
0.158096
0.335557
0.263396
0.337358
0.242687
0.214862
0.184943
0.0929019
0.145276
0.0978393
0.280618
0.203243
0.433317
0.297393
0.15982
0.130917
0.268873
0.236525
0.208851
0.345038
0.243834
0.131919
0.268212
0.100652
0.274203
0.245455
0.080025
0.311161
0.197004
0.224427
0.0695946
0.141178
0.161394
0.178564
0.360703
0.36494
0.199195
0.0951956
0.29714
0.406956
0.368755
0.234674
0.192756
