0.17997
0.121017
0.328798
0.195642
0.292966
0.437644
0.242245
0.333851
0.301336
0.235164
0.13002
0.113482
0.480443
0.267466
0.176071
0.143219
0.239522
0.174609
0.21176
0.0678405
0.159988
0.213428
0.322926
0.406792
0.143732
0.170125
0.25158
0.153232
0.135398
0.208808
0.340614
0.248362
0.209098
0.28685
0.0764244
0.182144
0.202021
0.223342
0.223289
0.176538
0.0836842
0.209072
0.2109
0.301239
0.184475
0.0732508
0.232358
0.126738
0.247078
0.181722
0.106474
0.209062
0.239149
0.270175
0.102239
0.287588
0.334164
0.274733
0.277653
0.189495
0.38145
0.23425
0.230598
0.200948
0.315795
0.306637
0.299339
0.231836
0.068409
0.0830785
0.239741
0.413503
0.132632
0.464608
0.12033
0.371932
0.187728
0.183601
0.218851
0.25509
0.149245
0.306959
0.398163
0.397803
0.236807
0.247198
0.380036
0.137074
0.211363
0.141953
0.290184
0.218685
0.287913
0.135122
0.291002
0.273643
0.357358
0.351252
0.127821
0.205993
