0.231997
0.286316
0.193915
0.280386
0.233098
0.167847
0.302983
0.160059
0.130586
0.275172
0.244367
0.133728
0.355174
0.0576122
0.37448
0.187062
0.0827878
0.162365
0.129653
0.15738
0.164454
0.115544
0.179867
0.199018
0.263688
0.21815
0.198078
0.108329
0.303203
0.329557
0.0912168
0.121319
0.373663
0.168802
0.12399
0.306206
0.367074
0.15229
0.467434
0.0453915
0.210591
0.34132
0.251785
0.175705
0.365593
0.199848
0.379996
0.0721782
0.386771
0.0807084
0.407789
0.345824
0.316216
0.22655
0.272729
0.253951
0.279042
0.236214
0.258026
0.214869
0.363085
0.27439
0.375838
0.280239
0.272333
0.461633
0.23421
0.276051
0.169089
0.110594
0.156818
0.257015
0.231812
0.146504
0.222976
0.216107
0.309109
0.209036
0.190526
0.176969
0.178318
0.255884
0.283253
0.293982
0.274679
0.189716
0.123004
0.247764
0.271233
0.321006
0.0817546
0.327108
0.341582
0.125854
0.152713
0.214327
0.317513
0.0812276
0.110819
0.335666
