0.329417
0.328119
0.291255
0.132566
0.158553
0.13104
0.217046
0.225782
0.207884
0.241204
0.337433
0.126378
0.172491
0.451868
0.340868
0.276449
0.102339
0.217611
0.114788
0.197131
0.267756
0.135591
0.135542
0.392399
0.184461
0.342147
0.31304
0.380813
0.166483
0.0774008
0.244006
0.323567
0.283661
0.259722
0.133672
0.139743
0.257088
0.332747
0.239562
0.0222161
0.334588
0.339146
0.330133
0.178678
0.434071
0.255845
0.323777
0.140416
0.353885
0.205397
0.160269
0.195959
0.304112
0.282493
0.167893
0.540373
0.134297
0.221216
0.16698
0.187588
0.260304
0.270459
0.333019
0.0701239
0.225007
0.210716
0.323331
0.179202
0.481358
0.236523
0.131224
0.219391
0.164965
0.0627759
0.285748
0.327409
0.110959
0.173482
0.188175
0.232034
0.22175
0.107213
0.0972734
0.17949
0.292317
0.194292
0.245757
0.14641
0.219485
0.175859
0.376532
0.156367
0.110604
0.111258
0.232169
0.0523045
0.345632
0.33989
0.245248
0.162478
