0.366804
0.397764
0.162483
0.120611
0.213787
0.201876
0.413089
0.325523
0.23133
0.187716
0.19206
0.306289
0.288607
0.316394
0.20572
0.212238
0.162759
0.118759
0.121738
0.346972
0.314655
0.312133
0.244406
0.0502843
0.12735
0.263312
0.145287
0.326162
0.222154
0.326961
0.333005
0.284378
0.28374
0.208715
0.323416
0.237505
0.100095
0.172025
0.304485
0.234939
0.299422
0.238342
0.409066
0.163083
0.270634
0.222337
0.0618698
0.263618
0.151089
0.0869806
0.303123
0.0928511
0.247332
0.232658
0.371767
0.0658331
0.209728
0.150163
0.274469
0.123328
0.153876
0.139086
0.271354
0.180815
0.381574
0.291362
0.215035
0.22346
0.205379
0.22038
0.285904
0.29296
0.233028
0.169458
0.346725
0.166546
0.22016
0.127217
0.339145
0.320007
0.296595
0.152462
0.224697
0.108199
0.0539227
0.542556
0.32251
0.240258
0.349957
0.287618
0.194004
0.130449
0.259214
0.303719
0.158585
0.14039
0.276311
0.141348
0.171313
0.207397
