0.0560162
0.474175
0.243416
0.108985
0.136559
0.215949
0.143949
0.237608
0.203903
0.190803
0.110316
0.196293
0.257745
0.159534
0.158763
0.373694
0.154832
0.222997
0.393112
0.326039
0.113341
0.20937
0.302021
0.260146
0.158323
0.133523
0.19458
0.300601
0.145646
0.281295
0.28307
0.196015
0.298041
0.201193
0.23926
0.336481
0.418601
0.157613
0.124851
0.307807
0.3751
0.138607
0.295538
0.325506
0.125623
0.237992
0.297728
0.0282126
0.352251
0.248745
0.170833
0.198081
0.234815
0.361489
0.152392
0.22113
0.34507
0.185132
0.377004
0.1297
0.172496
0.422289
0.144035
0.107076
0.211937
0.253148
0.166049
0.189186
0.151598
0.102113
0.125889
0.284155
0.200865
0.53261
0.193307
0.214482
0.301847
0.249038
0.119583
0.334473
0.226343
0.214069
0.199355
0.33116
0.211796
0.165916
0.113756
0.245836
0.28458
0.0675995
0.129314
0.242993
0.269583
0.125958
0.414066
0.201811
0.47419
0.304584
0.249331
0.263858
