0.308313
0.369083
0.289088
0.284112
0.316433
0.266066
0.236784
0.198192
0.234297
0.268995
0.0660886
0.14476
0.170594
0.196674
0.236912
0.126913
0.275909
0.226105
0.37748
0.318804
0.186634
0.150483
0.196977
0.228153
0.189129
0.244895
0.121429
0.252181
0.450266
0.19737
0.231353
0.174906
0.143159
0.222181
0.228531
0.156534
0.141927
0.167493
0.199679
0.359949
0.273582
0.466675
0.146335
0.33441
0.276516
0.185699
0.22012
0.220627
0.350267
0.337485
0.243407
0.129266
0.349968
0.206762
0.211388
0.155477
0.150008
0.334215
0.243248
0.0788178
0.316811
0.201472
0.313751
0.215114
0.129796
0.338143
0.090745
0.177019
0.346661
0.380764
0.227546
0.0961147
0.340066
0.22609
0.262062
0.439562
0.3509
0.138771
0.142067
0.295867
0.35545
0.140692
0.239994
0.173632
0.126591
0.176944
0.252911
0.183572
0.358213
0.0652422
0.164179
0.25677
0.157151
0.166353
0.202258
0.309406
0.301732
0.0719466
0.316874
0.283271
