0.253653
0.231861
0.245456
0.326447
0.303023
0.258509
0.070932
0.316289
0.175161
0.269318
0.500595
0.226621
0.32951
0.162666
0.168542
0.296592
0.158777
0.245651
0.230728
0.275514
0.150516
0.239371
0.165215
0.176048
0.460655
0.337526
0.230025
0.268129
0.290924
0.289154
0.140342
0.178053
0.0994867
0.268232
0.285539
0.097919
0.30724
0.0510405
0.349842
0.0264345
0.185821
0.216523
0.128897
0.416648
0.203502
0.0326272
0.298431
0.433106
0.318401
0.137663
0.235483
0.170393
0.149821
0.255222
0.207755
0.176128
0.158589
0.194509
0.110549
0.343859
0.26027
0.142002
0.362623
0.246155
0.104651
0.0723117
0.278289
0.188394
0.338461
0.245832
0.23841
0.224981
0.162032
0.058388
0.349888
0.294078
0.293237
0.22027
0.316799
0.108212
0.395548
0.212579
0.172684
0.241031
0.138176
0.210893
0.28594
0.368556
0.23831
0.250397
0.184833
0.143946
0.179324
0.216052
0.236138
0.0615766
0.164888
0.534903
0.202965
0.2505
