0.257283
0.312758
0.17383
0.240442
0.248348
0.214924
0.213015
0.0816474
0.341468
0.154184
0.27574
0.229124
0.335871
0.308165
0.372132
0.189766
0.347099
0.187024
0.238844
0.14454
0.452779
0.286751
0.243396
0.155228
0.348444
0.417332
0.129583
0.246208
0.278959
0.126512
0.191315
0.101096
0.222671
0.226063
0.290408
0.240383
0.151043
0.18541
0.408814
0.147902
0.080088
0.146335
0.155099
0.248986
0.285693
0.132564
0.419026
0.3586
0.251768
0.287418
0.225242
0.127488
0.579764
0.136001
0.321409
0.429366
0.203996
0.21405
0.163631
0.286432
0.147131
0.269394
0.174738
0.261564
0.396444
0.397084
0.262945
0.0544811
0.251444
0.200498
0.195133
0.0816514
0.16266
0.276941
0.29055
0.241363
0.175962
0.333481
0.122196
0.221296
0.172491
0.263784
0.293565
0.0587876
0.193415
0.0690972
0.159549
0.318786
0.149649
0.217243
0.203096
0.138506
0.363135
0.154469
0.164478
0.253941
0.168975
0.0986731
0.19636
0.137638
