0.138399
0.294096
0.359751
0.443937
0.139919
0.0672968
0.393725
0.312424
0.0224391
0.0516968
0.13422
0.134634
0.110352
0.070343
0.270002
0.218123
0.155851
0.163314
0.103078
0.188944
0.325993
0.447339
0.249276
0.427719
0.205643
0.1097
0.254894
0.253714
0.159711
0.185223
0.0513465
0.269798
0.400411
0.10064
0.181796
0.37686
0.0774133
0.323485
0.324987
0.4188
0.195147
0.325775
0.249933
0.12624
0.299663
0.140019
0.187391
0.246645
0.13971
0.134147
0.143044
0.26683
0.106704
0.273339
0.142802
0.265196
0.389971
0.262299
0.144783
0.235913
0.18438
0.138455
0.362115
0.329769
0.285297
0.310526
0.138179
0.0940887
0.306123
0.251961
0.225257
0.338376
0.28069
0.294679
0.178991
0.377324
0.329367
0.177253
0.238597
0.251056
0.299214
0.119858
0.284249
0.375866
0.152617
0.342946
0.1612
0.494357
0.0955454
0.184568
0.127037
0.0625594
0.231073
0.081454
0.1909
0.182945
0.393061
0.120889
0.299357
0.132704
