0.148666
0.249166
0.113061
0.229577
0.515462
0.268597
0.313041
0.268386
0.346494
0.211416
0.0899059
0.170006
0.286229
0.444596
0.199663
0.190967
0.0555561
0.215926
0.121707
0.172757
0.133203
0.337014
0.128651
0.192374
0.37826
0.318679
0.349821
0.194623
0.200942
0.0428962
0.315514
0.348943
0.113885
0.0723524
0.0972368
0.143229
0.241666
0.25612
0.318345
0.446172
0.0670448
0.291245
0.21758
0.35359
0.250805
0.291035
0.174731
0.183278
0.284745
0.276378
0.140101
0.125411
0.217875
0.368876
0.107734
0.301579
0.168695
0.0802945
0.391473
0.24118
0.317465
0.178259
0.221951
0.479282
0.411422
0.240329
0.240636
0.118154
0.273797
0.23752
0.197852
0.23489
0.203596
0.183948
0.155333
0.238954
0.0900581
0.247574
0.327802
0.235001
0.297295
0.237614
0.211837
0.208054
0.157275
0.102202
0.298288
0.344869
0.269797
0.258409
0.288562
0.239322
0.191972
0.223649
0.253028
0.107457
0.297684
0.0781282
0.217919
0.174083
