0.218346
0.160741
0.163706
0.324731
0.246468
0.314749
0.478151
0.127427
0.325293
0.129544
0.0875007
0.444047
0.228296
0.230217
0.147133
0.192667
0.321005
0.0877056
0.264363
0.294658
0.146464
0.164791
0.279654
0.0857369
0.340817
0.0728933
0.175544
0.393768
0.105661
0.375316
0.280285
0.406568
0.294205
0.157803
0.305385
0.0554299
0.135406
0.502482
0.251591
0.202504
0.18616
0.197002
0.364508
0.393453
0.284196
0.0835322
0.190909
0.343101
0.138651
0.208579
0.282785
0.309692
0.205216
0.182222
0.170905
0.186489
0.296449
0.246506
0.156078
0.185373
0.1991
0.216161
0.361806
0.349825
0.415349
0.0481128
0.17887
0.129923
0.232745
0.310802
0.163196
0.29739
0.19639
0.310972
0.202019
0.151162
0.177988
0.198473
0.205504
0.221803
0.174208
0.164063
0.329527
0.140009
0.153288
0.294599
0.218759
0.173792
0.303407
0.317482
0.323991
0.19702
0.133231
0.246524
0.198279
0.240184
0.0989107
0.321988
0.28396
0.0383533
