0.122607
0.109399
0.126893
0.358576
0.315154
0.274062
0.0905558
0.237733
0.228514
0.266931
0.255989
0.140051
0.122846
0.278051
0.0524964
0.18366
0.298027
0.152049
0.227103
0.23827
0.135205
0.315061
0.310354
0.383923
0.342813
0.233615
0.177048
0.17324
0.118212
0.275521
0.303869
0.339149
0.203718
0.22191
0.219821
0.0592017
0.242479
0.0342488
0.408967
0.217083
0.308893
0.223117
0.291947
0.16942
0.189605
0.252073
0.0461093
0.264409
0.027045
0.241275
0.0493197
0.393157
0.233324
0.22183
0.321836
0.50662
0.235806
0.178745
0.174826
0.237893
0.0639543
0.340109
0.212421
0.188511
0.175697
0.253991
0.254085
0.254913
0.115462
0.0739991
0.216848
0.200815
0.413431
0.248791
0.218067
0.272915
0.300885
0.1959
0.255277
0.133966
0.262572
0.166684
0.310141
0.17204
0.13661
0.24471
0.122115
0.217073
0.337481
0.336828
0.557957
0.130241
0.454723
0.0695386
0.292864
0.257231
0.175842
0.317352
0.161201
0.386035
