0.225561
0.341367
0.206266
0.084426
0.303728
0.295589
0.232241
0.289503
0.350277
0.153596
0.694546
0.256855
0.200045
0.0752802
0.253997
0.274439
0.214364
0.275035
0.0919893
0.142687
0.227765
0.155675
0.188036
0.269987
0.261703
0.210212
0.257229
0.325039
0.376473
0.0758889
0.253326
0.396953
0.191199
0.270776
0.104376
0.285325
0.26994
0.241897
0.172336
0.0792815
0.310784
0.354601
0.177744
0.178724
0.155622
0.108669
0.227039
0.172856
0.280507
0.329997
0.274453
0.152272
0.246273
0.11949
0.193263
0.0561623
0.159326
0.236421
0.11151
0.0658706
0.21703
0.286013
0.114844
0.0813793
0.0526661
0.390904
0.154335
0.161755
0.231796
0.279983
0.17479
0.257905
0.285436
0.32972
0.238007
0.138934
0.30736
0.239557
0.178737
0.285497
0.280644
0.227965
0.165787
0.264093
0.379641
0.152387
0.333139
0.119228
0.354191
0.28349
0.244479
0.268177
0.354642
0.189269
0.339408
0.1021
0.24103
0.344436
0.315698
0.194615
