0.190879
0.154257
0.196354
0.202671
0.514228
0.256901
0.276412
0.373706
0.0794137
0.253741
0.231353
0.497657
0.16681
0.191939
0.0288118
0.244057
0.280494
0.362332
0.258891
0.276357
0.218232
0.366597
0.244285
0.105412
0.133463
0.120912
0.338023
0.197889
0.245061
0.176391
0.207823
0.0673038
0.234484
0.287996
0.241147
0.130706
0.240629
0.354869
0.180879
0.351396
0.0276207
0.343921
0.313373
0.458918
0.08625
0.190338
0.31475
0.11389
0.483869
0.208355
0.343032
0.216251
0.192267
0.207082
0.3869
0.0548824
0.159845
0.159208
0.218163
0.231676
0.133437
0.184617
0.404119
0.33109
0.195982
0.303975
0.322445
0.252693
0.218173
0.262379
0.278113
0.283809
0.10388
0.228759
0.299899
0.212544
0.286097
0.103781
0.164122
0.27881
0.338172
0.24894
0.13489
0.239969
0.270626
0.112482
0.13691
0.250404
0.0681055
0.219315
0.154929
0.157929
0.301105
0.184083
0.114444
0.331343
0.135908
0.0993547
0.274006
0.0839756
