0.241838
0.259902
0.302535
0.111331
0.342746
0.20638
0.255262
0.420677
0.281023
0.19591
0.234601
0.181929
0.163514
0.222387
0.219159
0.304472
0.136853
0.409335
0.125164
0.284336
0.335549
0.170747
0.210808
0.361215
0.4152
0.129712
0.162483
0.167222
0.312939
0.0517652
0.210975
0.389922
0.180568
0.245334
0.245599
0.494582
0.26177
0.197138
0.101476
0.149364
0.299756
0.382734
0.279321
0.337224
0.319685
0.340604
0.220965
0.341022
0.144103
0.242455
0.33023
0.18841
0.121038
0.320505
0.357578
0.240856
0.0903572
0.244616
0.333518
0.236869
0.0964213
0.266288
0.352958
0.0882582
0.0283738
0.282431
0.196189
0.331496
0.147086
0.2025
0.244085
0.232636
0.21332
0.179311
0.338238
0.163966
0.19337
0.181897
0.210101
0.32399
0.21506
0.361351
0.15908
0.361426
0.111046
0.118665
0.134198
0.10382
0.107161
0.248524
0.140033
0.286587
0.209993
0.147474
0.227198
0.172581
0.216809
0.283825
0.149114
0.164357
