0.288483
0.290578
0.172771
0.270801
0.138251
0.374777
0.238458
0.381063
0.250897
0.268602
0.186404
0.169001
0.399706
0.153178
0.206134
0.286487
0.219676
0.50101
0.208429
0.261888
0.279617
0.140683
0.3625
0.229358
0.232264
0.250952
0.211759
0.293687
0.189014
0.0747974
0.125394
0.311221
0.115804
0.355568
0.379266
0.146593
0.351139
0.218234
0.167991
0.226332
0.13052
0.187991
0.192902
0.200618
0.285499
0.235224
0.211141
0.187056
0.188276
0.167362
0.163387
0.224729
0.218104
0.257482
0.153352
0.168292
0.241721
0.177135
0.0558982
0.061095
0.0962228
0.249772
0.259128
0.202655
0.136587
0.335291
0.190427
0.0817378
0.129959
0.242316
0.198787
0.167361
0.306027
0.246964
0.227911
0.276827
0.219098
0.377938
0.036235
0.0788626
0.229042
0.413653
0.440985
0.212304
0.489884
0.407363
0.202374
0.274652
0.233936
0.199579
0.130088
0.26187
0.39678
0.281385
0.360972
0.090913
0.218135
0.159409
0.20007
0.281078
