0.206569
0.333351
0.266952
0.23705
0.151648
0.197967
0.235252
0.250322
0.274597
0.186372
0.274167
0.28115
0.151942
0.205952
0.136427
0.257934
0.542492
0.136973
0.143511
0.287304
0.225046
0.311847
0.311987
0.412445
0.197091
0.106953
0.240146
0.360884
0.345455
0.259234
0.259127
0.231047
0.311361
0.106631
0.341837
0.157105
0.342268
0.377849
0.167835
0.0827008
0.346852
0.292991
0.207288
0.366827
0.162764
0.248254
0.156875
0.158993
0.174344
0.115452
0.226521
0.203986
0.249112
0.277671
0.321699
0.277182
0.269371
0.145234
0.147917
0.191811
0.154328
0.248598
0.285887
0.304842
0.111662
0.151431
0.125866
0.329984
0.333886
0.25541
0.208159
0.152061
0.317387
0.379212
0.227278
0.218583
0.190629
0.231746
0.107333
0.277979
0.383922
0.165456
0.278613
0.158286
0.305813
0.207097
0.217131
0.217273
0.178554
0.309491
0.213002
0.0675737
0.382162
0.171853
0.147888
0.145261
0.104474
0.38047
0.217956
0.167069
