0.208467
0.0741246
0.123531
0.189917
0.231976
0.121228
0.309139
0.180282
0.316783
0.319684
0.274715
0.295759
0.329344
0.153521
0.179954
0.173699
0.309976
0.22628
0.101797
0.364342
0.118824
0.387425
0.244405
0.104225
0.237421
0.201834
0.122314
0.342528
0.101026
0.284298
0.1546
0.31145
0.147059
0.109011
0.233369
0.367409
0.181479
0.274739
0.342231
0.28991
0.160953
0.177101
0.353578
0.1311
0.109066
0.488658
0.133326
0.169264
0.218572
0.355313
0.430021
0.14824
0.161799
0.500582
0.154434
0.344576
0.217606
0.293579
0.26308
0.27471
0.178449
0.192125
0.140697
0.208506
0.0966309
0.209545
0.206246
0.373203
0.185656
0.248933
0.102137
0.122857
0.516405
0.249021
0.346349
0.1025
0.274285
0.170587
0.233513
0.05928
0.368941
0.326258
0.264791
0.197382
0.224745
0.171494
0.233195
0.338286
0.318624
0.331787
0.32079
0.137148
0.215954
0.142233
0.17554
0.16199
0.122686
0.0762769
0.346959
0.0973426
