0.290339
0.263867
0.429064
0.19729
0.234631
0.128235
0.129678
0.143126
0.298696
0.361397
0.216018
0.197514
0.187619
0.167139
0.146287
0.30273
0.357597
0.117079
0.23844
0.132733
0.281825
0.284918
0.479333
0.103129
0.30642
0.198588
0.331093
0.191713
0.213727
0.0606653
0.0935252
0.11015
0.197201
0.335725
0.0699351
0.187633
0.302394
0.127441
0.249637
0.428205
0.101217
0.0803211
0.341244
0.30378
0.165982
0.217307
0.0705076
0.445429
0.416201
0.337722
0.205333
0.173272
0.372335
0.112347
0.420671
0.222591
0.289247
0.146947
0.117157
0.220119
0.287085
0.243572
0.181838
0.278189
0.187979
0.0877723
0.216779
0.367788
0.320524
0.0447197
0.318569
0.160731
0.180616
0.200234
0.233823
0.161799
0.137164
0.157192
0.183328
0.23774
0.0647504
0.372577
0.277941
0.274466
0.233268
0.357995
0.364294
0.261914
0.185232
0.146045
0.133893
0.246342
0.160522
0.341086
0.178135
0.227148
0.348553
0.293968
0.296482
0.174725
