0.259057
0.207729
0.17009
0.106022
0.217571
0.166938
0.309618
0.101607
0.105873
0.212974
0.434769
0.188853
0.194071
0.480047
0.096741
0.119244
0.343639
0.239591
0.177382
0.367935
0.248968
0.152743
0.325719
0.438687
0.262052
0.238296
0.264733
0.476193
0.3723
0.109038
0.300373
0.146653
0.229966
0.29794
0.0852318
0.254958
0.202144
0.214338
0.104165
0.217828
0.302712
0.135346
0.251668
0.156302
0.125165
0.145934
0.149847
0.273545
0.335341
0.101542
0.376902
0.31625
0.104999
0.215248
0.234256
0.332118
0.3317
0.222661
0.297952
0.213835
0.298954
0.14679
0.308953
0.356356
0.19914
0.231751
0.334741
0.430013
0.24251
0.169182
0.224506
0.262267
0.121902
0.22611
0.239368
0.257465
0.342634
0.203161
0.131746
0.28095
0.319998
0.280363
0.288951
0.231276
0.197172
0.228622
0.0802185
0.215299
0.169767
0.200511
0.259578
0.216099
0.145567
0.225836
0.289308
0.143299
0.0749647
0.0432411
0.258659
0.302275
