0.326892
0.304688
0.553246
0.170775
0.163492
0.282937
0.390847
0.194329
0.246829
0.412884
0.250003
0.178837
0.204758
0.248339
0.14481
0.272155
0.181042
0.24257
0.299315
0.0842963
0.146449
0.268359
0.18312
0.0938414
0.211991
0.238973
0.305152
0.115338
0.161486
0.286637
0.389575
0.214097
0.301403
0.176002
0.199952
0.186
0.115068
0.17659
0.264892
0.305277
0.174909
0.25592
0.255002
0.206139
0.162764
0.175842
0.169713
0.271797
0.159724
0.317677
0.433518
0.424669
0.0930771
0.192186
0.286231
0.335401
0.116351
0.139757
0.0625375
0.0443015
0.407775
0.217288
0.123893
0.253549
0.218986
0.138677
0.263166
0.524537
0.255124
0.324807
0.154811
0.172237
0.232366
0.244406
0.186762
0.106105
0.22195
0.180981
0.157324
0.236222
0.335483
0.290624
0.163481
0.342782
0.0765728
0.211862
0.297444
0.103645
0.109959
0.205021
0.321293
0.220488
0.446131
0.375135
0.105362
0.146783
0.218675
0.28293
0.187911
0.170676
