0.112179
0.253539
0.217833
0.337605
0.401289
0.44183
0.280441
0.331396
0.384217
0.277568
0.187577
0.0673024
0.11258
0.144706
0.0498141
0.164447
0.226286
0.191344
0.129243
0.337664
0.309472
0.276435
0.311616
0.284342
0.15989
0.262569
0.218807
0.29964
0.149356
0.312647
0.135148
0.226129
0.151257
0.162785
0.191641
0.0774499
0.412364
0.29579
0.163778
0.337956
0.189846
0.0782996
0.126957
0.148973
0.126501
0.354677
0.257224
0.230714
0.12885
0.204202
0.262161
0.210125
0.193987
0.0606747
0.371912
0.191291
0.20685
0.583372
0.290511
0.310069
0.303674
0.307944
0.127328
0.198057
0.425164
0.196225
0.106255
0.257144
0.338615
0.321712
0.277046
0.180985
0.0896265
0.239429
0.0914316
0.274874
0.259469
0.184532
0.213498
0.238469
0.208702
0.193226
0.237019
0.252927
0.252888
0.225238
0.222181
0.425958
0.227062
0.125712
0.286269
0.288417
0.174493
0.253248
0.149813
0.178805
0.112843
0.115741
0.409165
0.155731
