0.121193
0.21608
0.160168
0.276035
0.210677
0.153137
0.133613
0.108879
0.501358
0.203012
0.192563
0.155503
0.456966
0.172806
0.11799
0.17543
0.372504
0.205822
0.132393
0.244366
0.163605
0.235354
0.191946
0.316793
0.199701
0.0593055
0.405737
0.363584
0.462616
0.267885
0.226509
0.0763787
0.205507
0.304887
0.302596
0.166979
0.310862
0.327213
0.320365
0.29684
0.230037
0.155245
0.384623
0.205059
0.091543
0.112647
0.316538
0.374214
0.130309
0.0463763
0.173161
0.111007
0.310166
0.30174
0.331614
0.135383
0.459527
0.284331
0.246613
0.260169
0.130044
0.259267
0.373457
0.31377
0.165762
0.119651
0.244341
0.257826
0.234761
0.0882881
0.320305
0.206683
0.0785934
0.133687
0.264329
0.188168
0.418367
0.192164
0.184258
0.247926
0.161264
0.156616
0.248396
0.347258
0.146711
0.181373
0.221479
0.435772
0.162758
0.12581
0.163674
0.095585
0.385988
0.297227
0.0983953
0.253415
0.0731848
0.222524
0.178659
0.280829
