0.325158
0.24568
0.247901
0.100211
0.158373
0.235467
0.142187
0.359278
0.244601
0.215662
0.374358
0.29116
0.379712
0.132788
0.460105
0.242928
0.463835
0.156776
0.244368
0.175689
0.246472
0.169621
0.37399
0.337127
0.332131
0.109618
0.0696721
0.133922
0.244696
0.200336
0.0826462
0.329698
0.412494
0.303333
0.0501266
0.059427
0.174492
0.255374
0.220805
0.123842
0.136861
0.223054
0.239981
0.423257
0.24293
0.297013
0.10011
0.214594
0.104445
0.157467
0.195366
0.178419
0.239427
0.319594
0.381751
0.102226
0.126926
0.312745
0.310344
0.225272
0.360413
0.142981
0.324557
0.341733
0.301936
0.112131
0.219372
0.115659
0.299365
0.264004
0.188206
0.0854538
0.275762
0.150942
0.289842
0.272233
0.133678
0.269262
0.146863
0.191245
0.147747
0.135417
0.150955
0.289918
0.214805
0.176878
0.270358
0.127949
0.123787
0.202522
0.277199
0.100895
0.223804
0.304116
0.0982382
0.118762
0.233614
0.339073
0.571791
0.317336
