0.205455
0.151892
0.20819
0.23031
0.313926
0.182714
0.0940637
0.140647
0.0910506
0.219885
0.232751
0.181482
0.162548
0.232524
0.216774
0.096718
0.36865
0.198272
0.114869
0.315444
0.391344
0.239249
0.244788
0.111489
0.314949
0.180128
0.117731
0.2535
0.162633
0.283223
0.318773
0.220814
0.17122
0.181125
0.0721013
0.0803716
0.410091
0.336256
0.243106
0.114257
0.350914
0.283469
0.20672
0.176987
0.413027
0.269342
0.276596
0.35327
0.266338
0.187909
0.0755461
0.143578
0.384
0.397206
0.417799
0.0648948
0.229338
0.156044
0.311706
0.246364
0.17846
0.203799
0.269182
0.132147
0.262883
0.294191
0.203087
0.283337
0.116597
0.437153
0.243517
0.365531
0.332802
0.218039
0.231018
0.162559
0.119498
0.327814
0.249436
0.20049
0.434878
0.234576
0.128774
0.216206
0.250698
0.18496
0.165055
0.490727
0.0651365
0.215467
0.119057
0.292562
0.137133
0.348334
0.223496
0.152793
0.161963
0.359292
0.262602
0.219313
