0.186716
0.213748
0.386901
0.298341
0.254192
0.218655
0.21348
0.337288
0.212753
0.221323
0.188035
0.375204
0.392641
0.130903
0.415488
0.287781
0.242611
0.147303
0.338033
0.225402
0.390071
0.473799
0.199196
0.391189
0.233752
0.145915
0.0883648
0.119349
0.279495
0.193702
0.357835
0.366465
0.125047
0.215137
0.25775
0.198111
0.244824
0.0894907
0.263564
0.0655477
0.0805128
0.378934
0.153236
0.252855
0.226978
0.23186
0.110147
0.132921
0.0568047
0.286421
0.0874747
0.130277
0.322691
0.11326
0.426309
0.201367
0.218923
0.286809
0.247849
0.061095
0.196517
0.363313
0.380564
0.213028
0.0717263
0.217479
0.24238
0.331708
0.0973915
0.236195
0.303879
0.277638
0.199946
0.144719
0.0589754
0.241653
0.25242
0.173556
0.108614
0.259882
0.163697
0.0758622
0.268993
0.313394
0.224897
0.269445
0.143655
0.150427
0.123792
0.234479
0.265005
0.0961405
0.417866
0.322969
0.226171
0.336913
0.339772
0.152266
0.312038
0.181405
