0.108652
0.21218
0.364462
0.247397
0.190527
0.0747407
0.233538
0.44121
0.321362
0.234361
0.211763
0.110756
0.279506
0.145982
0.244697
0.0724153
0.23387
0.172291
0.272164
0.30337
0.292934
0.113871
0.337458
0.222221
0.181674
0.209896
0.131527
0.257608
0.31128
0.172716
0.46734
0.281297
0.119214
0.263239
0.0603731
0.299396
0.297871
0.368723
0.232822
0.185838
0.118955
0.214606
0.130519
0.171881
0.141117
0.225982
0.0840148
0.24479
0.279737
0.19325
0.459123
0.155349
0.207961
0.276212
0.195149
0.0324846
0.226341
0.146947
0.281579
0.185682
0.24378
0.177192
0.265536
0.290831
0.185368
0.362969
0.167812
0.245251
0.170216
0.289814
0.138419
0.116146
0.409664
0.290277
0.272664
0.341751
0.36731
0.264988
0.253226
0.236979
0.22722
0.268492
0.202703
0.325702
0.184833
0.284968
0.0912514
0.375086
0.267614
0.0645489
0.263617
0.200357
0.106385
0.166054
0.392577
0.248505
0.517166
0.337597
0.0929729
0.140692
