0.292588
0.32064
0.190006
0.249287
0.099102
0.128235
0.224617
0.182167
0.298696
0.241431
0.108325
0.189624
0.356545
0.190795
0.254686
0.406887
0.343685
0.193063
0.196004
0.151725
0.235786
0.227744
0.476975
0.18081
0.187322
0.282875
0.108564
0.139905
0.20383
0.269602
0.394438
0.133154
0.249925
0.249841
0.289142
0.237449
0.265715
0.114747
0.18762
0.211839
0.126985
0.126706
0.179172
0.171328
0.337604
0.454927
0.158345
0.463661
0.0748588
0.24641
0.196535
0.36734
0.240632
0.288858
0.124963
0.336341
0.22107
0.390667
0.221241
0.166761
0.0847121
0.172261
0.123893
0.0568437
0.206862
0.247066
0.13509
0.200524
0.320524
0.235747
0.219892
0.248828
0.360718
0.151658
0.380747
0.11778
0.268234
0.206054
0.34239
0.236222
0.191273
0.332253
0.303647
0.267404
0.113406
0.263255
0.232101
0.267067
0.165953
0.320631
0.285607
0.211132
0.25616
0.318056
0.340889
0.229447
0.22585
0.258421
0.173307
0.174725
