0.313881
0.213997
0.1354
0.36407
0.16237
0.294262
0.303305
0.15169
0.206897
0.140464
0.350106
0.182135
0.228956
0.186001
0.140974
0.324356
0.18689
0.313604
0.333083
0.107339
0.175479
0.38606
0.111958
0.279712
0.542318
0.453782
0.250885
0.269591
0.189623
0.274241
0.264221
0.0875295
0.197291
0.22952
0.166694
0.172082
0.17288
0.166664
0.204284
0.199012
0.255621
0.066756
0.379342
0.202361
0.213951
0.188075
0.250229
0.254978
0.167311
0.132909
0.262994
0.434124
0.187285
0.39769
0.144506
0.19061
0.188851
0.34101
0.203676
0.276782
0.175859
0.0787714
0.228776
0.174241
0.0579918
0.16918
0.335817
0.430873
0.0854106
0.189404
0.298358
0.131571
0.365628
0.120602
0.333855
0.287158
0.234072
0.314065
0.171271
0.288911
0.395768
0.131873
0.170718
0.481014
0.0972244
0.132903
0.185848
0.211384
0.272156
0.180144
0.204958
0.320549
0.355635
0.182691
0.248746
0.192764
0.146239
0.167231
0.101588
0.227562
