0.27122
0.383716
0.100684
0.163941
0.306197
0.358622
0.0603476
0.380951
0.219322
0.121325
0.240951
0.215109
0.15971
0.445897
0.102516
0.516455
0.307021
0.0760478
0.14363
0.239387
0.246075
0.237802
0.130902
0.233584
0.151443
0.0528065
0.419369
0.292975
0.27608
0.326817
0.194454
0.20602
0.1675
0.24971
0.211614
0.21113
0.297795
0.360683
0.182426
0.357645
0.259035
0.169142
0.301182
0.0753881
0.236868
0.38505
0.324024
0.453973
0.154109
0.278844
0.14042
0.431705
0.181538
0.200505
0.205056
0.0993278
0.272174
0.161393
0.358716
0.287563
0.184268
0.499101
0.161311
0.250732
0.306362
0.067152
0.361335
0.142292
0.164445
0.0542046
0.207733
0.3006
0.267501
0.220416
0.143171
0.241159
0.15048
0.196439
0.245907
0.219133
0.155797
0.102643
0.154805
0.138015
0.166817
0.132022
0.25199
0.269849
0.24709
0.176432
0.203414
0.153326
0.310973
0.224696
0.328659
0.116953
0.245257
0.11728
0.289054
0.1657
