0.288677
0.0922178
0.391884
0.303322
0.217974
0.400806
0.337278
0.0868499
0.083236
0.18741
0.183257
0.0938466
0.301631
0.123741
0.34924
0.270495
0.212186
0.174842
0.123106
0.267098
0.297737
0.106099
0.350665
0.321228
0.178823
0.198653
0.169781
0.26331
0.17387
0.172633
0.213005
0.129378
0.258282
0.0587351
0.210606
0.169121
0.25849
0.120032
0.0666989
0.125981
0.358151
0.0715353
0.209617
0.342866
0.266782
0.157045
0.244774
0.0708048
0.179199
0.217325
0.254843
0.0878635
0.191672
0.301209
0.382245
0.327731
0.0611209
0.129962
0.244671
0.269934
0.371596
0.165784
0.302448
0.221431
0.116037
0.284469
0.258611
0.144513
0.290892
0.287185
0.250139
0.191372
0.413281
0.158693
0.110098
0.134161
0.345114
0.232323
0.100582
0.543833
0.235726
0.12989
0.209658
0.318733
0.324548
0.223981
0.150615
0.349513
0.113166
0.454942
0.155708
0.418093
0.35644
0.257568
0.0900299
0.118568
0.262707
0.306323
0.29368
0.411513
