0.212752
0.395034
0.146009
0.392578
0.212728
0.261815
0.0943371
0.281969
0.224695
0.269318
0.377334
0.377726
0.157391
0.177396
0.258174
0.217635
0.229964
0.267995
0.213572
0.396358
0.169585
0.059662
0.181264
0.242962
0.277521
0.311279
0.246176
0.176112
0.174048
0.299138
0.169252
0.173999
0.242646
0.137398
0.32543
0.097919
0.202586
0.30806
0.31215
0.260752
0.195893
0.172625
0.114086
0.247107
0.236645
0.214136
0.324443
0.244358
0.29783
0.124564
0.143083
0.196394
0.241622
0.113939
0.147167
0.0703015
0.158589
0.189005
0.176046
0.170287
0.230362
0.0659655
0.340184
0.138189
0.215945
0.427932
0.359896
0.275943
0.384033
0.254534
0.33758
0.205374
0.229322
0.058388
0.349888
0.250917
0.215996
0.0934156
0.351055
0.397341
0.180129
0.127322
0.172684
0.264274
0.200393
0.179792
0.259492
0.407063
0.330966
0.250397
0.191124
0.283611
0.255124
0.146712
0.137285
0.256224
0.284363
0.412736
0.325896
0.256009
