0.220393
0.253539
0.217833
0.337605
0.401289
0.44183
0.299362
0.222075
0.323083
0.43805
0.187577
0.0673024
0.11258
0.285387
0.163173
0.164447
0.226286
0.191344
0.0913872
0.337664
0.309472
0.276435
0.324741
0.264008
0.15989
0.262569
0.121993
0.29964
0.149356
0.312647
0.203394
0.226129
0.103295
0.162785
0.116714
0.0774499
0.136699
0.29579
0.0975186
0.280641
0.189846
0.0782996
0.178869
0.148973
0.262698
0.354677
0.0776631
0.230714
0.12885
0.204202
0.262161
0.254411
0.148028
0.0606747
0.329281
0.438651
0.20685
0.48863
0.151389
0.29059
0.303674
0.307944
0.127328
0.198057
0.425164
0.205856
0.106255
0.257144
0.501497
0.332904
0.277046
0.180985
0.0896265
0.233663
0.138531
0.267737
0.259469
0.184532
0.213498
0.238469
0.208702
0.193226
0.237019
0.165901
0.252888
0.225238
0.24814
0.236193
0.227062
0.277995
0.286269
0.288417
0.139724
0.253248
0.149813
0.283773
0.112843
0.115741
0.467877
0.155731
