0.15862
0.271303
0.16324
0.245623
0.304976
0.198086
0.313351
0.283414
0.0670376
0.303023
0.339658
0.271583
0.266841
0.178747
0.39624
0.172355
0.15482
0.286158
0.0965868
0.321161
0.164252
0.479363
0.151465
0.124694
0.325764
0.214702
0.114836
0.431889
0.14378
0.108704
0.261731
0.127417
0.244238
0.228475
0.304619
0.238588
0.160249
0.314702
0.158475
0.263351
0.361517
0.197747
0.175858
0.0703301
0.159433
0.299099
0.265374
0.136494
0.23818
0.189459
0.137115
0.391488
0.275976
0.195897
0.416282
0.265468
0.264006
0.158531
0.204932
0.219198
0.14701
0.334493
0.415227
0.249525
0.192708
0.146036
0.15853
0.17464
0.0647785
0.449335
0.221141
0.362822
0.189728
0.20603
0.377056
0.157273
0.242483
0.247574
0.274446
0.181686
0.202823
0.388688
0.161317
0.273953
0.131167
0.210259
0.365815
0.192809
0.157106
0.184756
0.210923
0.301324
0.235581
0.361392
0.118471
0.364456
0.12964
0.116717
0.191704
0.185975
