0.191768
0.371593
0.147273
0.256007
0.255899
0.327534
0.279608
0.0949575
0.208695
0.245875
0.366101
0.250603
0.282471
0.363495
0.21779
0.219321
0.239982
0.174811
0.182791
0.139162
0.2676
0.297328
0.186298
0.262731
0.222427
0.130426
0.164768
0.249594
0.347113
0.20161
0.21367
0.140997
0.328669
0.0664699
0.266243
0.368938
0.251062
0.261453
0.264811
0.0700862
0.15799
0.21205
0.114849
0.294179
0.197708
0.288288
0.0553944
0.274331
0.318102
0.158256
0.134413
0.277428
0.269741
0.204055
0.218549
0.185437
0.300368
0.0763062
0.0441365
0.123314
0.343503
0.214477
0.344211
0.235972
0.208949
0.251708
0.19798
0.191383
0.078198
0.10731
0.179967
0.564903
0.330742
0.401536
0.356024
0.25771
0.266456
0.154372
0.128296
0.237507
0.188745
0.398394
0.283156
0.258279
0.144902
0.206529
0.447504
0.189602
0.25456
0.246564
0.284524
0.0807744
0.110762
0.267499
0.360294
0.11385
0.284022
0.330503
0.245158
0.230081
