0.172641
0.32022
0.415062
0.30097
0.205344
0.0554313
0.214428
0.232917
0.212761
0.281305
0.40309
0.338778
0.0934407
0.183078
0.248026
0.477314
0.193477
0.29315
0.281219
0.188994
0.218796
0.450001
0.21973
0.15716
0.159958
0.34106
0.136177
0.156761
0.378992
0.131926
0.298166
0.391311
0.0798151
0.32163
0.385609
0.19978
0.31249
0.170135
0.128936
0.337673
0.0785689
0.149838
0.152348
0.286907
0.247021
0.152273
0.240082
0.239886
0.114914
0.192453
0.397056
0.0562677
0.0705792
0.20314
0.174143
0.222572
0.302436
0.408234
0.387246
0.237836
0.372565
0.182731
0.154358
0.178499
0.147092
0.256545
0.437188
0.0915263
0.122512
0.278717
0.391082
0.21474
0.10844
0.172528
0.193184
0.120687
0.189753
0.273621
0.189114
0.100468
0.305571
0.308896
0.16486
0.174059
0.163716
0.133279
0.283132
0.240609
0.203097
0.170795
0.209199
0.0618933
0.259701
0.309583
0.150229
0.206425
0.281609
0.312122
0.268543
0.233417
