0.299151
0.335857
0.367055
0.227607
0.243226
0.148376
0.147674
0.292599
0.521515
0.185625
0.224988
0.280932
0.156331
0.215133
0.0361189
0.287479
0.217487
0.307536
0.176441
0.176749
0.139909
0.195218
0.136109
0.140183
0.154319
0.350596
0.160604
0.302981
0.289606
0.121161
0.177104
0.0787928
0.217081
0.236924
0.112768
0.327729
0.262783
0.229028
0.200909
0.127823
0.158043
0.331392
0.318806
0.272231
0.287931
0.310745
0.334005
0.522282
0.0650059
0.414837
0.120385
0.335744
0.348104
0.201157
0.136622
0.212023
0.161826
0.0770243
0.214274
0.121017
0.294845
0.153762
0.145475
0.0487767
0.210517
0.26841
0.160149
0.15406
0.256943
0.159444
0.256864
0.153394
0.454542
0.287021
0.346441
0.256637
0.170302
0.296635
0.262658
0.202514
0.296012
0.388665
0.301461
0.23246
0.305206
0.155316
0.250805
0.0354392
0.121911
0.0852287
0.35065
0.286781
0.360126
0.182495
0.133542
0.251591
0.192985
0.134687
0.226121
0.39784
