0.153134
0.121017
0.282564
0.1784
0.259396
0.168822
0.269068
0.264068
0.305653
0.180524
0.280623
0.205236
0.199185
0.257247
0.190174
0.129798
0.1988
0.160335
0.509494
0.0678405
0.359004
0.14776
0.288102
0.466965
0.231892
0.137128
0.302661
0.36414
0.196626
0.374415
0.380045
0.213992
0.277139
0.30294
0.129361
0.086203
0.340467
0.344771
0.310704
0.127626
0.0687717
0.169579
0.108243
0.335202
0.228489
0.294471
0.191821
0.0777919
0.105226
0.253476
0.23343
0.240508
0.288102
0.190452
0.303757
0.104847
0.407034
0.260018
0.215743
0.543844
0.177928
0.263721
0.22837
0.255207
0.106671
0.408616
0.0978393
0.206651
0.0692095
0.386678
0.122717
0.210948
0.205566
0.319745
0.136943
0.275681
0.184714
0.241164
0.130107
0.23311
0.110759
0.328992
0.164916
0.204408
0.250186
0.251194
0.213122
0.153624
0.297306
0.12133
0.158129
0.272933
0.404116
0.149605
0.199534
0.242871
0.208561
0.21191
0.275936
0.205993
