0.484339
0.237369
0.377453
0.192167
0.240721
0.203442
0.338413
0.28724
0.344685
0.123889
0.250297
0.102971
0.227418
0.403426
0.11203
0.390328
0.277545
0.369018
0.336739
0.217778
0.256756
0.23969
0.080497
0.0360771
0.274807
0.0667286
0.134121
0.414301
0.219411
0.0922618
0.118118
0.0627408
0.33147
0.0948526
0.21888
0.21512
0.0733005
0.245711
0.0880146
0.117595
0.194634
0.23054
0.198285
0.153696
0.219247
0.235316
0.199578
0.104634
0.259981
0.0567391
0.185406
0.383121
0.109601
0.278846
0.243578
0.271371
0.292904
0.332653
0.246042
0.163072
0.258309
0.204456
0.463799
0.180358
0.299135
0.184089
0.28201
0.295267
0.252648
0.189556
0.199838
0.202534
0.0844149
0.17823
0.373905
0.36077
0.460974
0.12025
0.140707
0.118288
0.159589
0.204554
0.120248
0.295359
0.306804
0.143824
0.199857
0.303376
0.23864
0.211
0.255755
0.214789
0.199009
0.187259
0.467656
0.24329
0.379177
0.120903
0.269573
0.267082
