0.213511
0.0575376
0.0433328
0.152904
0.274831
0.314465
0.163474
0.309323
0.309168
0.370403
0.409681
0.340142
0.11798
0.114145
0.324896
0.119244
0.165693
0.1982
0.177382
0.200845
0.347213
0.152816
0.157347
0.327881
0.247491
0.198446
0.0713486
0.291097
0.26514
0.177036
0.28868
0.246706
0.170422
0.047127
0.249166
0.296529
0.394957
0.161367
0.13921
0.15014
0.346743
0.182018
0.190763
0.232356
0.176111
0.303577
0.166727
0.116055
0.372722
0.174962
0.36721
0.294167
0.104999
0.281611
0.434821
0.281596
0.154333
0.135867
0.148738
0.117672
0.138643
0.258267
0.26
0.057514
0.246016
0.16319
0.138044
0.359739
0.235361
0.120553
0.460005
0.135671
0.0693932
0.47997
0.239368
0.255513
0.300672
0.138764
0.251715
0.293942
0.399224
0.183792
0.367743
0.170911
0.160967
0.43193
0.20378
0.178688
0.106456
0.384617
0.265324
0.226465
0.303313
0.236789
0.247137
0.135333
0.309945
0.256706
0.301349
0.0969142
