0.265093
0.260375
0.184935
0.26349
0.263468
0.269927
0.142997
0.455358
0.441247
0.259053
0.101333
0.380478
0.24737
0.251103
0.0547139
0.120335
0.288799
0.314777
0.337596
0.282407
0.186826
0.132506
0.106642
0.225872
0.170487
0.139277
0.289304
0.111035
0.0867229
0.347294
0.214756
0.213635
0.215877
0.302529
0.170517
0.205696
0.102103
0.322439
0.241751
0.0880742
0.108225
0.140708
0.246422
0.163371
0.307879
0.243217
0.315281
0.308259
0.264828
0.322255
0.289087
0.0372971
0.131193
0.383445
0.290226
0.225472
0.123565
0.141907
0.105111
0.406816
0.0890585
0.228892
0.181098
0.311501
0.173769
0.271585
0.221165
0.262916
0.260002
0.19558
0.14718
0.207659
0.122297
0.218522
0.462077
0.356019
0.32195
0.137716
0.372671
0.180499
0.180214
0.521267
0.176709
0.193666
0.316512
0.197444
0.199311
0.228196
0.480688
0.17716
0.315821
0.28332
0.0967057
0.102296
0.163802
0.249357
0.174351
0.0905899
0.199063
0.288731
