0.216568
0.193026
0.0933424
0.0911354
0.443485
0.20638
0.255262
0.382847
0.287878
0.19591
0.265958
0.30496
0.163514
0.117845
0.26063
0.222893
0.126454
0.22951
0.222292
0.284336
0.363958
0.0469106
0.092736
0.361215
0.12944
0.129712
0.162483
0.123017
0.4437
0.243457
0.196385
0.459517
0.264384
0.274533
0.251801
0.494582
0.19523
0.197138
0.101476
0.0663289
0.216963
0.206151
0.279321
0.306491
0.507775
0.364636
0.190264
0.341022
0.144103
0.242455
0.348822
0.18841
0.121038
0.356434
0.234466
0.240856
0.307107
0.244616
0.296326
0.148045
0.209114
0.266288
0.352958
0.215659
0.184937
0.258175
0.173364
0.155267
0.147086
0.282358
0.196464
0.232636
0.255517
0.111841
0.248458
0.239348
0.0972258
0.180969
0.210101
0.32399
0.21506
0.378995
0.179897
0.236437
0.370678
0.204989
0.134198
0.390261
0.107161
0.248524
0.140033
0.140469
0.209993
0.147474
0.227198
0.21839
0.216809
0.126496
0.277994
0.164357
