0.170802
0.340497
0.189478
0.308374
0.296838
0.152419
0.375945
0.172857
0.218284
0.221996
0.354316
0.13117
0.102393
0.214836
0.456397
0.255418
0.284793
0.246267
0.203985
0.246284
0.115526
0.163438
0.357477
0.337068
0.0652256
0.0945664
0.115113
0.284943
0.130631
0.161269
0.135427
0.132944
0.235683
0.114348
0.307291
0.199339
0.218521
0.237645
0.131465
0.285601
0.297666
0.250137
0.220867
0.105295
0.290545
0.395913
0.16894
0.105673
0.381573
0.213501
0.21112
0.23736
0.226952
0.367003
0.231124
0.176057
0.276891
0.178605
0.12703
0.228057
0.254179
0.137783
0.363186
0.270491
0.363283
0.262472
0.184342
0.328796
0.214836
0.290155
0.228983
0.129928
0.262882
0.128186
0.378144
0.0950157
0.234552
0.199372
0.203776
0.257222
0.256185
0.268037
0.154497
0.244393
0.190203
0.178904
0.337992
0.244228
0.221621
0.416631
0.187181
0.222105
0.261533
0.402889
0.274511
0.303433
0.455494
0.139329
0.173143
0.274901
