0.312267
0.257006
0.346312
0.0838666
0.281282
0.182933
0.0960881
0.158875
0.343709
0.0803477
0.164462
0.0431469
0.389383
0.244454
0.266032
0.198148
0.179873
0.240748
0.241117
0.128938
0.28067
0.14285
0.30572
0.227104
0.110812
0.239258
0.184027
0.163704
0.439955
0.150383
0.160174
0.147633
0.112062
0.0211239
0.393839
0.280314
0.251295
0.250407
0.122342
0.143217
0.268795
0.341835
0.146681
0.0769366
0.282706
0.397571
0.173841
0.161387
0.121344
0.301527
0.273833
0.25015
0.119089
0.230044
0.285001
0.315035
0.403869
0.125397
0.139372
0.267117
0.310613
0.244249
0.476926
0.432495
0.110248
0.339691
0.278275
0.254561
0.246262
0.125521
0.168092
0.278596
0.131326
0.161631
0.147866
0.18908
0.310298
0.320122
0.255151
0.152405
0.489717
0.164663
0.101694
0.223619
0.166932
0.201757
0.488434
0.267087
0.32834
0.311226
0.140787
0.215374
0.399056
0.104466
0.222729
0.204792
0.0713738
0.265126
0.30837
0.188639
