0.0864157
0.260935
0.186334
0.271575
0.394233
0.215412
0.315347
0.25125
0.283056
0.142884
0.206315
0.393005
0.15695
0.166077
0.22706
0.126225
0.23866
0.145706
0.265092
0.122696
0.473176
0.404698
0.2146
0.228307
0.0361831
0.220664
0.20435
0.319583
0.266885
0.226243
0.157572
0.351089
0.107893
0.277735
0.108603
0.129908
0.17862
0.14522
0.178144
0.25466
0.253525
0.111659
0.329337
0.322489
0.202168
0.147893
0.151012
0.258579
0.282811
0.231282
0.184414
0.249716
0.246493
0.267925
0.430795
0.273243
0.316684
0.32124
0.0856045
0.229776
0.160259
0.107851
0.159722
0.207784
0.347788
0.366959
0.355837
0.0870492
0.136436
0.292744
0.048
0.295123
0.297425
0.301983
0.165892
0.239538
0.0854585
0.218156
0.251295
0.439013
0.227939
0.256144
0.196312
0.159701
0.128289
0.395066
0.272623
0.48017
0.31826
0.395115
0.143109
0.191745
0.15249
0.159648
0.31712
0.14216
0.0869448
0.0721073
0.374095
0.122085
