0.0344784
0.0924036
0.276028
0.41818
0.331869
0.207814
0.181672
0.269114
0.173396
0.136086
0.124232
0.277154
0.149994
0.204365
0.271151
0.0835785
0.184619
0.319328
0.196217
0.398875
0.358454
0.165056
0.176076
0.311904
0.114544
0.0774177
0.368774
0.134546
0.348495
0.27162
0.197885
0.168565
0.0902523
0.128454
0.335985
0.365485
0.163439
0.124897
0.206013
0.231962
0.278765
0.185727
0.0728186
0.295033
0.186876
0.130741
0.150854
0.202473
0.120637
0.185118
0.1992
0.154741
0.117861
0.225347
0.256636
0.379511
0.35939
0.369047
0.317866
0.415435
0.264273
0.0654784
0.339408
0.323911
0.16162
0.180439
0.161314
0.253469
0.245282
0.204043
0.29909
0.177523
0.354629
0.125732
0.135529
0.243668
0.183344
0.462749
0.353831
0.151152
0.124474
0.293046
0.393567
0.261049
0.107595
0.244242
0.280628
0.337281
0.279539
0.32004
0.322245
0.206675
0.308141
0.178089
0.338586
0.277575
0.271239
0.158641
0.282364
0.204984
