0.197973
0.165065
0.234225
0.197935
0.370765
0.227833
0.217058
0.287415
0.288713
0.344266
0.0578721
0.287964
0.264106
0.280607
0.451487
0.186745
0.0485109
0.321614
0.224806
0.145616
0.40924
0.284175
0.0945916
0.222057
0.0853837
0.254072
0.163632
0.284413
0.314348
0.183556
0.533557
0.159324
0.132758
0.253132
0.457755
0.253295
0.149051
0.0684845
0.38687
0.20497
0.17839
0.228333
0.280331
0.231055
0.184048
0.369761
0.323374
0.0841766
0.195079
0.0723995
0.152537
0.250169
0.193022
0.206439
0.146055
0.222507
0.284886
0.172261
0.314272
0.281936
0.189535
0.361309
0.189208
0.16962
0.234247
0.36346
0.235541
0.329771
0.208401
0.205054
0.10903
0.295876
0.16821
0.200874
0.286837
0.263125
0.210975
0.215733
0.0827316
0.232423
0.260053
0.101506
0.127908
0.196285
0.264801
0.201084
0.256847
0.199705
0.378241
0.28558
0.347931
0.303915
0.21678
0.20547
0.299015
0.30162
0.216668
0.244266
0.160922
0.138735
