0.360878
0.265771
0.0793563
0.311282
0.246747
0.219985
0.346463
0.17875
0.101451
0.108504
0.394342
0.148256
0.287317
0.417354
0.191093
0.184549
0.108874
0.120572
0.190718
0.275627
0.149119
0.0813304
0.305674
0.244114
0.361283
0.138939
0.215379
0.223742
0.195122
0.306721
0.454221
0.150337
0.277352
0.171543
0.290608
0.309575
0.370289
0.137221
0.178179
0.117493
0.24818
0.291874
0.0417897
0.422571
0.265003
0.269864
0.326303
0.174817
0.0965426
0.0993444
0.307405
0.167212
0.175539
0.261418
0.145499
0.105326
0.225239
0.234476
0.1937
0.0830943
0.279156
0.379378
0.310067
0.223913
0.141261
0.193019
0.270854
0.191532
0.294877
0.379385
0.117026
0.247455
0.0265741
0.071793
0.316803
0.356729
0.0759778
0.283316
0.234207
0.266942
0.329985
0.22122
0.305642
0.098305
0.291941
0.378189
0.0597838
0.289751
0.152705
0.116085
0.238616
0.315898
0.146414
0.370436
0.311959
0.286814
0.328664
0.354047
0.153247
0.243273
