0.0967909
0.261538
0.167926
0.164394
0.271681
0.177953
0.163119
0.132124
0.203761
0.218523
0.333926
0.238771
0.454226
0.158921
0.22271
0.307369
0.373186
0.197076
0.258083
0.320143
0.238537
0.178402
0.136035
0.237202
0.201759
0.303493
0.293104
0.450524
0.40141
0.0597633
0.18103
0.383849
0.270978
0.165633
0.23124
0.194357
0.248936
0.168233
0.27814
0.445688
0.119374
0.197076
0.304609
0.142913
0.124963
0.213145
0.423921
0.390348
0.226884
0.1101
0.0956625
0.218914
0.238519
0.124021
0.262878
0.144928
0.134719
0.22465
0.22034
0.307282
0.223788
0.211063
0.201949
0.249549
0.242479
0.272255
0.122042
0.213091
0.261438
0.227945
0.368535
0.347889
0.407271
0.093485
0.33694
0.231278
0.432011
0.210906
0.211077
0.2986
0.301914
0.32844
0.202703
0.272442
0.149329
0.118401
0.305712
0.170875
0.233012
0.12076
0.145467
0.187588
0.198747
0.211471
0.135743
0.161216
0.192672
0.308181
0.114155
0.3123
