0.43912
0.272215
0.0873567
0.258692
0.192402
0.277013
0.290019
0.195491
0.322655
0.0714502
0.401575
0.189526
0.267091
0.296092
0.35832
0.347578
0.150065
0.300124
0.152316
0.0801667
0.314655
0.312133
0.421746
0.177375
0.0943584
0.332107
0.295162
0.3513
0.222068
0.320085
0.15048
0.284496
0.276429
0.240786
0.252452
0.267736
0.200738
0.181699
0.400619
0.136062
0.374785
0.164864
0.445877
0.182537
0.316298
0.326437
0.175672
0.0931109
0.229102
0.191908
0.209731
0.31695
0.283151
0.163102
0.176876
0.232208
0.209728
0.219115
0.274469
0.126641
0.153876
0.255346
0.373024
0.165173
0.20567
0.223024
0.155484
0.122934
0.205379
0.287183
0.285904
0.152876
0.259325
0.161719
0.303219
0.229645
0.22016
0.190784
0.142308
0.316327
0.242971
0.226137
0.281245
0.208608
0.167235
0.176914
0.202957
0.138686
0.164892
0.189762
0.164442
0.304128
0.254561
0.123187
0.133182
0.211947
0.258489
0.424703
0.207569
0.140818
