0.324763
0.133076
0.243336
0.23976
0.408967
0.256044
0.162285
0.190197
0.317937
0.452473
0.187598
0.179225
0.281526
0.433597
0.285426
0.148428
0.320976
0.150435
0.152633
0.197527
0.198896
0.216761
0.165704
0.237441
0.252473
0.233572
0.209516
0.287477
0.246104
0.0805918
0.306377
0.257166
0.207255
0.487098
0.162751
0.38841
0.138456
0.358646
0.279193
0.0859279
0.213266
0.283696
0.355081
0.112565
0.225096
0.170751
0.165432
0.147515
0.210287
0.197084
0.0914486
0.311384
0.167466
0.172626
0.185416
0.206822
0.15469
0.312728
0.134883
0.0875864
0.23755
0.174751
0.144477
0.237103
0.243017
0.202026
0.428791
0.069713
0.110644
0.253396
0.149808
0.198002
0.301127
0.302281
0.297782
0.191698
0.307632
0.214159
0.265379
0.174093
0.38801
0.198157
0.170243
0.224854
0.15861
0.134839
0.333194
0.0963652
0.45279
0.142202
0.204937
0.200044
0.204703
0.174499
0.288916
0.342148
0.336094
0.273917
0.186546
0.458155
