0.211346
0.0878449
0.243336
0.301383
0.117078
0.245106
0.237083
0.205685
0.317937
0.310562
0.170204
0.234694
0.162702
0.109983
0.302645
0.191369
0.459525
0.101668
0.164197
0.28855
0.303883
0.264501
0.113871
0.186025
0.385001
0.212667
0.326395
0.375076
0.246104
0.305903
0.497791
0.176955
0.250975
0.514545
0.399956
0.265148
0.2041
0.256344
0.264209
0.137775
0.250925
0.327106
0.179477
0.341713
0.377094
0.170751
0.217191
0.233045
0.178827
0.197084
0.178274
0.156836
0.157669
0.214821
0.156191
0.192673
0.233889
0.311471
0.169246
0.146648
0.29575
0.195856
0.344848
0.253581
0.251925
0.215877
0.12814
0.29708
0.110644
0.0991047
0.293352
0.227977
0.430983
0.216706
0.287399
0.214615
0.307632
0.246085
0.269672
0.174093
0.143858
0.108849
0.104465
0.175192
0.15861
0.23809
0.179658
0.129112
0.254671
0.142202
0.0890301
0.263707
0.204703
0.190761
0.247377
0.309747
0.284747
0.297096
0.321069
0.158138
