0.312071
0.260419
0.191712
0.43127
0.208957
0.172516
0.185898
0.459619
0.125021
0.22907
0.22241
0.215636
0.175791
0.142907
0.194892
0.286724
0.210421
0.257079
0.0558654
0.0895425
0.395126
0.262233
0.265451
0.186426
0.147813
0.174039
0.300476
0.243121
0.185949
0.193107
0.148998
0.167311
0.276525
0.167514
0.210514
0.375789
0.230619
0.344003
0.135384
0.341102
0.11081
0.157783
0.167141
0.193423
0.204615
0.105864
0.141369
0.250282
0.20341
0.175912
0.449521
0.357069
0.188079
0.184586
0.0675857
0.171433
0.284387
0.274519
0.19531
0.109345
0.144122
0.287854
0.379011
0.199712
0.306359
0.0645444
0.24539
0.38265
0.405447
0.256293
0.286394
0.229987
0.378645
0.138494
0.215573
0.225841
0.165596
0.230511
0.205423
0.244351
0.34795
0.401656
0.243578
0.0946403
0.414558
0.146045
0.286713
0.127045
0.361776
0.102246
0.154621
0.374827
0.185146
0.18664
0.299949
0.142119
0.204749
0.110196
0.408772
0.371754
