0.102738
0.231201
0.163853
0.271492
0.252854
0.202084
0.402296
0.210027
0.307457
0.442098
0.238055
0.188376
0.19541
0.0649936
0.318324
0.252287
0.183855
0.298842
0.0716923
0.305528
0.276929
0.235692
0.19422
0.228631
0.165899
0.104007
0.247246
0.0742068
0.369414
0.232783
0.045319
0.220547
0.300954
0.284003
0.346867
0.277148
0.263868
0.0965818
0.306145
0.289089
0.278671
0.0800318
0.255183
0.298376
0.448144
0.0972056
0.454085
0.273873
0.440177
0.319519
0.242458
0.197496
0.343692
0.140626
0.209233
0.24392
0.123048
0.165368
0.259682
0.148827
0.209627
0.240544
0.151682
0.509029
0.147845
0.176822
0.190938
0.270037
0.311375
0.163503
0.169528
0.186495
0.196431
0.276038
0.240155
0.160042
0.196907
0.103388
0.162181
0.269406
0.162505
0.232973
0.22232
0.0870339
0.237418
0.310712
0.0960078
0.222049
0.159594
0.203541
0.296378
0.170536
0.366669
0.176547
0.349981
0.202809
0.332518
0.256913
0.373259
0.125415
