0.191567
0.435278
0.320736
0.0835197
0.408315
0.225539
0.328218
0.487891
0.345215
0.226063
0.225092
0.26245
0.326093
0.166077
0.158178
0.183979
0.233031
0.145706
0.219312
0.149974
0.366573
0.282537
0.186418
0.246476
0.1592
0.288247
0.18886
0.319583
0.183741
0.214601
0.115555
0.431067
0.048864
0.154389
0.0753734
0.429259
0.210881
0.385417
0.178144
0.26023
0.216803
0.155869
0.300864
0.207889
0.155087
0.191559
0.151012
0.165249
0.132471
0.116973
0.276156
0.218917
0.246493
0.267925
0.342981
0.273243
0.272945
0.337573
0.12767
0.37516
0.194917
0.107851
0.105933
0.0913051
0.311921
0.234425
0.346688
0.270881
0.185101
0.367746
0.145792
0.214329
0.32028
0.14892
0.102728
0.312381
0.211538
0.218156
0.444739
0.128779
0.241669
0.267872
0.211342
0.245798
0.239763
0.110371
0.147734
0.0732075
0.395251
0.313865
0.302531
0.191745
0.143317
0.19409
0.300115
0.20019
0.142841
0.0833956
0.169796
0.292776
