0.295882
0.10085
0.244835
0.0715994
0.296901
0.304985
0.450242
0.218248
0.343768
0.255712
0.249787
0.283901
0.181843
0.16936
0.185574
0.150286
0.122484
0.285766
0.15494
0.139335
0.17712
0.409071
0.291731
0.177264
0.545714
0.186296
0.261051
0.252116
0.383954
0.181077
0.177057
0.173067
0.291511
0.11626
0.142421
0.24429
0.303104
0.237614
0.340065
0.325148
0.10962
0.168307
0.21799
0.0583413
0.242913
0.382592
0.189015
0.232091
0.237236
0.348095
0.172287
0.170416
0.155261
0.256582
0.0674079
0.267481
0.240613
0.232375
0.257816
0.272303
0.124033
0.226625
0.391437
0.203008
0.238087
0.189337
0.369146
0.326641
0.235764
0.283422
0.191409
0.240244
0.221003
0.273896
0.112926
0.272511
0.392373
0.242612
0.0951057
0.168143
0.222439
0.314016
0.246206
0.292999
0.149302
0.257437
0.274935
0.305571
0.298018
0.328159
0.256244
0.0862111
0.235937
0.157606
0.23729
0.203784
0.175174
0.216264
0.271572
0.144984
