0.396546
0.26959
0.272273
0.112068
0.244634
0.0797076
0.0435269
0.136428
0.202827
0.0864568
0.278465
0.1509
0.382448
0.201055
0.228823
0.210601
0.216812
0.321756
0.303231
0.318305
0.215687
0.104713
0.290345
0.125066
0.411361
0.264874
0.126951
0.241723
0.462718
0.173855
0.158319
0.103675
0.418186
0.247997
0.127087
0.184986
0.029397
0.40192
0.0230174
0.253112
0.0967733
0.210285
0.190753
0.236038
0.358921
0.351342
0.35786
0.290451
0.338645
0.169793
0.402145
0.204723
0.239363
0.253945
0.199642
0.297448
0.101334
0.356634
0.353494
0.128917
0.193812
0.06318
0.218286
0.326273
0.232375
0.163678
0.257624
0.289119
0.210341
0.119282
0.238004
0.137225
0.174196
0.143564
0.33561
0.328477
0.2548
0.237433
0.0222386
0.206162
0.187601
0.158957
0.198614
0.270409
0.207698
0.0462313
0.22345
0.126232
0.323981
0.131524
0.248874
0.498435
0.420299
0.201683
0.0912276
0.439623
0.185075
0.196217
0.28087
0.187413
