0.128844
0.178113
0.404856
0.258222
0.279529
0.287011
0.473516
0.157268
0.166538
0.281911
0.228149
0.250042
0.24575
0.0709101
0.175766
0.450557
0.310722
0.211086
0.329646
0.318222
0.240384
0.31528
0.193066
0.320131
0.0312785
0.186739
0.16338
0.236718
0.189547
0.191079
0.276937
0.15161
0.357592
0.208833
0.156623
0.101802
0.137213
0.320905
0.33504
0.139966
0.107499
0.253178
0.159012
0.245448
0.224608
0.226653
0.586204
0.460916
0.21738
0.308645
0.461177
0.167815
0.270106
0.135605
0.347772
0.180668
0.24592
0.122101
0.271946
0.216147
0.234672
0.389063
0.267954
0.145802
0.124775
0.15923
0.192527
0.254103
0.200569
0.189524
0.105991
0.0648734
0.196768
0.369137
0.350461
0.156504
0.13329
0.208595
0.338251
0.203692
0.199327
0.268156
0.0925419
0.140195
0.356823
0.120764
0.166795
0.207896
0.203165
0.154121
0.264631
0.23295
0.317503
0.2165
0.22681
0.183479
0.193007
0.191669
0.203793
0.186605
