0.276129
0.0715354
0.233497
0.176577
0.125697
0.0977748
0.162897
0.100189
0.314567
0.145267
0.0595832
0.225478
0.0612695
0.137512
0.196278
0.263122
0.233806
0.0666648
0.350579
0.258969
0.256808
0.131867
0.0663322
0.0985438
0.135507
0.187534
0.125628
0.269799
0.253653
0.251634
0.126839
0.301798
0.479431
0.176138
0.2173
0.20633
0.209439
0.176303
0.185086
0.188622
0.205745
0.308589
0.188908
0.378937
0.148689
0.346347
0.0858868
0.269537
0.173325
0.150283
0.342431
0.267424
0.333966
0.151577
0.129767
0.0373228
0.231935
0.138499
0.346665
0.26752
0.210804
0.19035
0.0599056
0.14988
0.407917
0.163745
0.253334
0.332495
0.276525
0.338358
0.268104
0.17306
0.338002
0.241597
0.386275
0.165524
0.303237
0.188868
0.068636
0.322321
0.406462
0.421395
0.241342
0.0878986
0.335506
0.326041
0.397758
0.412217
0.367153
0.359127
0.202225
0.341216
0.171716
0.196418
0.179442
0.424992
0.171033
0.243469
0.361323
0.26403
