0.225803
0.0865204
0.17042
0.17242
0.315549
0.253524
0.260968
0.197095
0.26836
0.231354
0.301171
0.335821
0.259106
0.393859
0.318493
0.256446
0.216107
0.300571
0.347785
0.165333
0.291067
0.239372
0.192669
0.118793
0.264794
0.277807
0.141864
0.227135
0.27299
0.318479
0.372951
0.241852
0.0466584
0.182819
0.294246
0.178173
0.228685
0.221248
0.309542
0.0534024
0.198786
0.451034
0.118172
0.182817
0.434169
0.376777
0.292788
0.124333
0.274653
0.281119
0.269285
0.329551
0.200663
0.252206
0.0969139
0.131924
0.211949
0.252925
0.215258
0.191423
0.351799
0.171263
0.202918
0.15912
0.132536
0.0983976
0.239241
0.285102
0.22927
0.433126
0.246416
0.310249
0.321576
0.240909
0.336692
0.0568103
0.251825
0.195321
0.224456
0.151152
0.139901
0.154769
0.269916
0.10065
0.204701
0.22993
0.186907
0.230937
0.234731
0.479418
0.141394
0.13734
0.261914
0.216071
0.114034
0.203749
0.284266
0.135407
0.261651
0.363765
