0.16927
0.0443884
0.394892
0.258172
0.175561
0.170719
0.238679
0.230725
0.0582634
0.213858
0.294725
0.15227
0.246262
0.267897
0.149638
0.120386
0.330975
0.126442
0.36155
0.168486
0.217892
0.291584
0.143939
0.163128
0.0710307
0.221583
0.127279
0.103867
0.326092
0.271035
0.178985
0.31919
0.0971469
0.116729
0.179114
0.123761
0.178627
0.170406
0.22206
0.129871
0.29027
0.236775
0.281586
0.258394
0.292062
0.276231
0.382454
0.250847
0.218407
0.241127
0.138779
0.0778254
0.397108
0.445778
0.275149
0.201447
0.222265
0.376704
0.271975
0.375328
0.135656
0.188121
0.190634
0.171735
0.299316
0.286189
0.220986
0.219465
0.210782
0.280565
0.0948491
0.242593
0.281932
0.349418
0.223029
0.228763
0.275474
0.361184
0.356079
0.459248
0.23744
0.344884
0.225401
0.316264
0.16537
0.198955
0.293415
0.192363
0.190182
0.257565
0.303763
0.196327
0.18177
0.323116
0.412895
0.226509
0.137151
0.166321
0.374992
0.226764
