0.372329
0.351587
0.221323
0.438196
0.133806
0.310844
0.443703
0.274105
0.218226
0.186702
0.187767
0.227728
0.207866
0.224111
0.135541
0.185815
0.317736
0.383877
0.169737
0.398641
0.117973
0.151668
0.174168
0.153784
0.239104
0.217793
0.141123
0.285019
0.243773
0.306874
0.166296
0.297015
0.24348
0.422608
0.194797
0.0661049
0.43049
0.316781
0.222275
0.362278
0.311291
0.215762
0.402342
0.28876
0.222684
0.261518
0.167449
0.226801
0.28043
0.208805
0.193898
0.243869
0.266177
0.150919
0.303799
0.223048
0.324969
0.1003
0.25608
0.222641
0.237718
0.0617921
0.268178
0.113685
0.241566
0.181953
0.195469
0.122536
0.201976
0.147767
0.255278
0.246048
0.210782
0.0575058
0.296559
0.250179
0.116415
0.0976509
0.280278
0.209099
0.227315
0.1564
0.0836619
0.14415
0.0652054
0.229174
0.481816
0.186336
0.32418
0.256389
0.414088
0.039947
0.28198
0.307417
0.111346
0.0864717
0.281243
0.166803
0.273761
0.233671
