0.100944
0.140171
0.207255
0.378343
0.403922
0.450469
0.273653
0.226102
0.285798
0.26553
0.330081
0.207016
0.223633
0.167235
0.223146
0.231827
0.367681
0.20287
0.199542
0.273283
0.370163
0.31759
0.14774
0.279414
0.123241
0.276972
0.379417
0.144328
0.156739
0.0701478
0.162783
0.195944
0.110332
0.165818
0.0906436
0.347435
0.287044
0.234112
0.102453
0.0970974
0.34308
0.0893678
0.399802
0.382323
0.136121
0.163426
0.0798246
0.0877086
0.318149
0.214779
0.317364
0.262056
0.156562
0.206243
0.152437
0.306948
0.257351
0.227816
0.128203
0.300222
0.189965
0.321039
0.514328
0.0994718
0.266362
0.20264
0.422913
0.103846
0.302036
0.134571
0.166295
0.0496072
0.286039
0.312615
0.218982
0.295551
0.308197
0.131032
0.23282
0.209138
0.268604
0.263201
0.0399383
0.149182
0.146668
0.365219
0.364982
0.349316
0.256849
0.209824
0.106077
0.157193
0.140903
0.305905
0.248549
0.202981
0.193548
0.3207
0.134524
0.241431
