0.196091
0.240393
0.123828
0.325171
0.225593
0.276812
0.194285
0.171369
0.130367
0.219913
0.315522
0.287025
0.327147
0.138524
0.193254
0.198432
0.261142
0.276963
0.195668
0.33863
0.177539
0.123725
0.251244
0.200389
0.114214
0.405596
0.225924
0.149911
0.191595
0.178951
0.185448
0.272583
0.283065
0.0771386
0.195559
0.0975937
0.256921
0.400818
0.0288726
0.325258
0.179647
0.413009
0.235502
0.33539
0.400362
0.284444
0.172854
0.230714
0.184133
0.320452
0.412946
0.29166
0.54547
0.186833
0.279795
0.289005
0.217063
0.347583
0.0942099
0.193696
0.304618
0.163293
0.127314
0.237361
0.0709231
0.378708
0.125866
0.317813
0.354301
0.390548
0.304623
0.284997
0.109511
0.261548
0.0812099
0.208274
0.258667
0.20505
0.152923
0.115561
0.180279
0.193226
0.202005
0.126739
0.251981
0.359459
0.181703
0.228599
0.226507
0.177183
0.247123
0.166879
0.124513
0.227216
0.177586
0.364985
0.162212
0.226802
0.287243
0.307374
