0.180942
0.291805
0.276516
0.16426
0.146083
0.172112
0.325513
0.122442
0.140014
0.131021
0.388845
0.334416
0.297862
0.168949
0.133404
0.188436
0.325713
0.376278
0.323141
0.114934
0.101887
0.155808
0.259345
0.153382
0.110289
0.262445
0.231187
0.189488
0.221908
0.183008
0.192417
0.297421
0.289489
0.324111
0.252441
0.144473
0.276435
0.0953493
0.373898
0.224354
0.31119
0.207783
0.247684
0.359099
0.197972
0.186824
0.211968
0.155363
0.274989
0.223871
0.125623
0.331282
0.261654
0.224741
0.243781
0.260904
0.14996
0.447912
0.155565
0.26515
0.202458
0.160797
0.161219
0.272077
0.19395
0.396593
0.116634
0.168998
0.158643
0.159796
0.10375
0.203183
0.0555531
0.413629
0.229098
0.448656
0.286154
0.239483
0.388948
0.108954
0.185122
0.420928
0.0702024
0.335307
0.18447
0.135505
0.37048
0.0915587
0.382625
0.472642
0.158847
0.295302
0.165368
0.277599
0.215203
0.210042
0.103223
0.206766
0.171257
0.394252
