0.173846
0.356519
0.4717
0.132211
0.414315
0.402682
0.236584
0.161834
0.170291
0.322691
0.262229
0.380561
0.230949
0.0469862
0.34495
0.184189
0.100977
0.282166
0.243654
0.233163
0.215565
0.229851
0.152059
0.303098
0.165892
0.269825
0.147092
0.387524
0.168404
0.253112
0.228097
0.319114
0.258233
0.291674
0.308078
0.323588
0.374551
0.170911
0.23334
0.358226
0.341744
0.279446
0.114555
0.260881
0.174215
0.365639
0.182243
0.240983
0.322903
0.267045
0.200992
0.105769
0.195703
0.0828969
0.197417
0.180487
0.0976145
0.303132
0.209823
0.166922
0.0804759
0.0938149
0.262602
0.108936
0.222888
0.181414
0.415791
0.233038
0.201452
0.185624
0.359682
0.267491
0.198346
0.16759
0.140733
0.155258
0.227846
0.161233
0.0975352
0.05928
0.238634
0.165439
0.235651
0.233183
0.120995
0.36845
0.17358
0.253983
0.263649
0.145002
0.296243
0.188928
0.404644
0.280969
0.26997
0.384492
0.278345
0.230144
0.105776
0.225061
