0.331407
0.10939
0.149906
0.352436
0.341553
0.398206
0.125402
0.194268
0.0692403
0.218118
0.145453
0.197466
0.219822
0.353627
0.23779
0.315227
0.140267
0.121972
0.16823
0.358123
0.1912
0.249273
0.133706
0.093283
0.229126
0.230198
0.33022
0.192938
0.0948201
0.20894
0.395104
0.165011
0.416671
0.171633
0.223676
0.240123
0.263985
0.157562
0.27962
0.197147
0.109578
0.182585
0.398428
0.170343
0.30951
0.274465
0.209859
0.153253
0.129835
0.198292
0.262885
0.204576
0.278841
0.180736
0.243903
0.539351
0.154853
0.204746
0.346537
0.0536627
0.286957
0.207502
0.195562
0.154496
0.218719
0.157117
0.293672
0.367183
0.389509
0.174571
0.0865659
0.161295
0.106692
0.227628
0.224369
0.197897
0.233832
0.114548
0.135775
0.309695
0.301629
0.347838
0.0789945
0.440992
0.275204
0.371186
0.302496
0.240041
0.277589
0.167067
0.214393
0.372929
0.316017
0.187627
0.301349
0.228586
0.276389
0.226892
0.281643
0.116983
