0.252191
0.222659
0.313491
0.135381
0.309145
0.084164
0.331744
0.378723
0.186108
0.396968
0.0556601
0.129268
0.161255
0.324817
0.252271
0.230121
0.554226
0.164596
0.187026
0.0319577
0.125086
0.361788
0.0772572
0.147091
0.23807
0.316768
0.130159
0.171143
0.434241
0.153115
0.0856843
0.213277
0.281663
0.277535
0.253402
0.156585
0.316923
0.120922
0.333126
0.322221
0.248406
0.223063
0.16251
0.252327
0.14542
0.329697
0.259624
0.210948
0.25866
0.197071
0.242838
0.125655
0.164091
0.122816
0.311596
0.242683
0.192381
0.161179
0.12767
0.315469
0.36892
0.262657
0.470594
0.129094
0.212653
0.355422
0.37708
0.313986
0.409073
0.193358
0.23876
0.190566
0.271467
0.299926
0.30192
0.252513
0.376687
0.258042
0.162218
0.319177
0.120356
0.326007
0.224404
0.260381
0.261237
0.146628
0.127477
0.158007
0.129337
0.127587
0.149584
0.131208
0.089211
0.278895
0.117187
0.245342
0.12514
0.3519
0.192761
0.168182
