0.172801
0.112296
0.281953
0.179666
0.0878627
0.0974964
0.337806
0.149495
0.178531
0.128194
0.186436
0.391738
0.151422
0.189106
0.14785
0.0894728
0.468012
0.253957
0.373214
0.326377
0.308827
0.23854
0.310218
0.337829
0.298925
0.154656
0.228401
0.174962
0.342462
0.0921774
0.203593
0.40886
0.489211
0.266881
0.215335
0.347441
0.155117
0.158852
0.241532
0.349275
0.163615
0.215176
0.146021
0.0753881
0.391516
0.147259
0.158311
0.472401
0.246536
0.280067
0.249401
0.366257
0.116449
0.0174293
0.360498
0.169875
0.276755
0.246503
0.337284
0.156616
0.172991
0.162048
0.269101
0.24626
0.32546
0.263357
0.0854801
0.22744
0.143352
0.169302
0.332804
0.153648
0.104811
0.0726331
0.278548
0.140559
0.438317
0.243842
0.175714
0.342615
0.389014
0.173645
0.258463
0.324767
0.193486
0.243991
0.225627
0.330834
0.129957
0.225399
0.228394
0.279333
0.249773
0.194995
0.16852
0.16566
0.163902
0.114469
0.153281
0.175672
