0.17407
0.263062
0.140299
0.16385
0.268485
0.226238
0.160841
0.108879
0.290886
0.318052
0.250387
0.155503
0.116003
0.332283
0.11513
0.0865955
0.37461
0.287229
0.231175
0.138329
0.44884
0.235354
0.0902613
0.264235
0.172237
0.234953
0.356313
0.299411
0.4689
0.214727
0.226509
0.276852
0.191322
0.150513
0.335933
0.198504
0.307032
0.125837
0.137226
0.450872
0.220052
0.22306
0.215719
0.205059
0.440449
0.314704
0.270329
0.272666
0.199952
0.0463763
0.395984
0.283147
0.278106
0.248271
0.231593
0.135383
0.022428
0.402263
0.22623
0.295566
0.195352
0.259267
0.0893095
0.279094
0.396641
0.168295
0.365008
0.114611
0.265604
0.290535
0.263708
0.0959127
0.192989
0.133687
0.375029
0.17877
0.176393
0.206291
0.370745
0.1006
0.113393
0.351325
0.239688
0.0627163
0.146711
0.261825
0.250047
0.255079
0.245985
0.268475
0.222339
0.203807
0.284544
0.246983
0.247225
0.0892666
0.0731848
0.183169
0.32589
0.192935
