0.381912
0.125121
0.284454
0.356716
0.228894
0.23379
0.0889081
0.223536
0.455466
0.164447
0.239953
0.110987
0.157151
0.391032
0.223554
0.41848
0.205824
0.376468
0.179847
0.154218
0.194342
0.10035
0.255447
0.206994
0.224857
0.137022
0.409894
0.346788
0.178537
0.149072
0.132943
0.138218
0.264363
0.291533
0.192731
0.27201
0.360432
0.245711
0.379476
0.265264
0.194634
0.220168
0.121862
0.119292
0.0866238
0.0315768
0.199578
0.298698
0.259981
0.11039
0.126866
0.332165
0.126385
0.0670825
0.319362
0.205082
0.233477
0.305639
0.478823
0.173586
0.231216
0.204456
0.338156
0.261354
0.118365
0.248207
0.162758
0.105656
0.160833
0.15977
0.262582
0.140742
0.155899
0.23203
0.38872
0.262556
0.250234
0.12025
0.150139
0.209769
0.194826
0.146969
0.504303
0.22005
0.256515
0.143824
0.192225
0.422027
0.338753
0.0886001
0.18159
0.308988
0.174875
0.161342
0.373139
0.179709
0.192272
0.120903
0.327927
0.432033
